最优解为:1715.3336
最优解路径:

Best_route =

  1 至 24 列

    13    14    11    12    29    30    15    16     3     0     0     0     0     0     0     0     0     0     0     0     0     0     0     0
    21    22     5     6     9    10    27    28     1     2    23    24     0     0     0     0     0     0     0     0     0     0     0     0
    17    18    25    26    19    20     4     7     8     0     0     0     0     0     0     0     0     0     0     0     0     0     0     0
     0     0     0     0     0     0     0     0     0     0     0     0     0     0     0     0     0     0     0     0     0     0     0     0
     0     0     0     0     0     0     0     0     0     0     0     0     0     0     0     0     0     0     0     0     0     0     0     0

  25 至 31 列

     0     0     0     0     0     0     0
     0     0     0     0     0     0     0
     0     0     0     0     0     0     0
     0     0     0     0     0     0     0
     0     0     0     0     0     0     0

本次运算用时:68.674秒
算法在第14代时收敛

best
1775.91425100267
1775.91425100267
1773.56052636815
1773.56052636815
1723.51690704823
1723.51690704823
1723.51690704823
1723.51690704823
1723.51690704823
1723.51690704823
1723.51690704823
1723.51690704823
1723.51690704823
1715.33364045371
1715.33364045371
1715.33364045371
1715.33364045371
1715.33364045371
1715.33364045371
1715.33364045371
1715.33364045371
1715.33364045371
1715.33364045371
1715.33364045371
1715.33364045371
1715.33364045371
1715.33364045371
1715.33364045371
1715.33364045371
1715.33364045371
1715.33364045371
1715.33364045371
1715.33364045371
1715.33364045371
1715.33364045371
1715.33364045371
1715.33364045371
1715.33364045371
1715.33364045371
1715.33364045371
1715.33364045371
1715.33364045371
1715.33364045371
1715.33364045371
1715.33364045371
1715.33364045371
1715.33364045371
1715.33364045371
1715.33364045371
1715.33364045371
1715.33364045371
1715.33364045371
1715.33364045371
1715.33364045371
1715.33364045371
1715.33364045371
1715.33364045371
1715.33364045371
1715.33364045371
1715.33364045371
1715.33364045371
1715.33364045371
1715.33364045371
1715.33364045371
1715.33364045371
1715.33364045371
1715.33364045371
1715.33364045371
1715.33364045371
1715.33364045371
1715.33364045371
1715.33364045371
1715.33364045371
1715.33364045371
1715.33364045371
1715.33364045371
1715.33364045371
1715.33364045371
1715.33364045371
1715.33364045371
1715.33364045371
1715.33364045371
1715.33364045371
1715.33364045371
1715.33364045371
1715.33364045371
1715.33364045371
1715.33364045371
1715.33364045371
1715.33364045371
1715.33364045371
1715.33364045371
1715.33364045371
1715.33364045371
1715.33364045371
1715.33364045371
1715.33364045371
1715.33364045371
1715.33364045371
1715.33364045371
1715.33364045371
1715.33364045371
1715.33364045371
1715.33364045371
1715.33364045371
1715.33364045371
1715.33364045371
1715.33364045371
1715.33364045371
1715.33364045371
1715.33364045371
1715.33364045371
1715.33364045371
1715.33364045371
1715.33364045371
1715.33364045371
1715.33364045371
1715.33364045371
1715.33364045371
1715.33364045371
1715.33364045371
1715.33364045371
1715.33364045371
1715.33364045371
1715.33364045371
1715.33364045371
1715.33364045371
1715.33364045371
1715.33364045371
1715.33364045371
1715.33364045371
1715.33364045371
1715.33364045371
1715.33364045371
1715.33364045371
1715.33364045371
1715.33364045371
1715.33364045371
1715.33364045371
1715.33364045371
1715.33364045371
1715.33364045371
1715.33364045371
1715.33364045371
1715.33364045371
1715.33364045371
1715.33364045371
1715.33364045371
1715.33364045371
1715.33364045371
1715.33364045371
1715.33364045371
1715.33364045371
1715.33364045371
1715.33364045371
1715.33364045371
1715.33364045371
1715.33364045371
1715.33364045371
1715.33364045371
1715.33364045371
1715.33364045371
1715.33364045371
1715.33364045371
1715.33364045371
1715.33364045371
1715.33364045371
1715.33364045371
1715.33364045371
1715.33364045371
1715.33364045371
1715.33364045371
1715.33364045371
1715.33364045371
1715.33364045371
1715.33364045371
1715.33364045371
1715.33364045371
1715.33364045371
1715.33364045371
1715.33364045371
1715.33364045371
1715.33364045371
1715.33364045371
1715.33364045371
1715.33364045371
1715.33364045371
1715.33364045371
1715.33364045371
1715.33364045371
1715.33364045371
1715.33364045371
1715.33364045371
1715.33364045371
1715.33364045371
1715.33364045371
1715.33364045371
1715.33364045371
1715.33364045371
1715.33364045371
1715.33364045371
1715.33364045371
1715.33364045371
1715.33364045371
1715.33364045371
1715.33364045371
1715.33364045371
1715.33364045371
1715.33364045371
1715.33364045371
1715.33364045371
1715.33364045371
1715.33364045371
1715.33364045371
1715.33364045371
1715.33364045371
1715.33364045371
1715.33364045371
1715.33364045371
1715.33364045371
1715.33364045371
1715.33364045371
1715.33364045371
1715.33364045371
1715.33364045371
1715.33364045371
1715.33364045371
1715.33364045371
1715.33364045371
1715.33364045371
1715.33364045371
1715.33364045371
1715.33364045371
1715.33364045371
1715.33364045371
1715.33364045371
1715.33364045371
1715.33364045371
1715.33364045371
1715.33364045371
1715.33364045371
1715.33364045371
1715.33364045371
1715.33364045371
1715.33364045371
1715.33364045371
1715.33364045371
1715.33364045371
1715.33364045371
1715.33364045371
1715.33364045371
1715.33364045371
1715.33364045371
1715.33364045371
1715.33364045371
1715.33364045371
1715.33364045371
1715.33364045371
1715.33364045371
1715.33364045371
1715.33364045371
1715.33364045371
1715.33364045371
1715.33364045371
1715.33364045371
1715.33364045371
1715.33364045371
1715.33364045371
1715.33364045371
1715.33364045371
1715.33364045371
1715.33364045371
1715.33364045371
1715.33364045371
1715.33364045371
1715.33364045371
1715.33364045371
1715.33364045371
1715.33364045371
1715.33364045371
1715.33364045371
1715.33364045371
1715.33364045371
1715.33364045371
1715.33364045371
1715.33364045371
1715.33364045371
1715.33364045371
1715.33364045371
1715.33364045371
1715.33364045371
1715.33364045371
1715.33364045371
1715.33364045371
1715.33364045371
1715.33364045371
1715.33364045371
1715.33364045371
1715.33364045371
1715.33364045371
1715.33364045371
1715.33364045371
1715.33364045371
1715.33364045371
1715.33364045371
1715.33364045371
1715.33364045371
1715.33364045371
1715.33364045371
1715.33364045371
1715.33364045371
1715.33364045371
1715.33364045371
1715.33364045371
1715.33364045371
1715.33364045371
1715.33364045371
1715.33364045371
1715.33364045371
1715.33364045371
1715.33364045371
1715.33364045371
1715.33364045371
1715.33364045371
1715.33364045371
1715.33364045371
1715.33364045371
1715.33364045371
1715.33364045371
1715.33364045371
1715.33364045371
1715.33364045371
1715.33364045371
1715.33364045371
1715.33364045371
1715.33364045371
1715.33364045371
1715.33364045371
1715.33364045371
1715.33364045371
1715.33364045371
1715.33364045371
1715.33364045371
1715.33364045371
1715.33364045371
1715.33364045371
1715.33364045371
1715.33364045371
1715.33364045371
1715.33364045371
1715.33364045371
1715.33364045371
1715.33364045371
1715.33364045371
1715.33364045371
1715.33364045371
1715.33364045371
1715.33364045371
1715.33364045371
1715.33364045371
1715.33364045371
1715.33364045371
1715.33364045371
1715.33364045371
1715.33364045371
1715.33364045371
1715.33364045371
1715.33364045371
1715.33364045371
1715.33364045371
1715.33364045371
1715.33364045371
1715.33364045371
1715.33364045371
1715.33364045371
1715.33364045371
1715.33364045371
1715.33364045371
1715.33364045371
1715.33364045371
1715.33364045371
1715.33364045371
1715.33364045371
1715.33364045371
1715.33364045371
1715.33364045371
1715.33364045371
1715.33364045371
1715.33364045371
1715.33364045371
1715.33364045371
1715.33364045371
1715.33364045371
1715.33364045371
1715.33364045371
1715.33364045371
1715.33364045371
1715.33364045371
1715.33364045371
1715.33364045371
1715.33364045371
1715.33364045371
1715.33364045371
1715.33364045371
1715.33364045371
1715.33364045371
1715.33364045371
1715.33364045371
1715.33364045371
1715.33364045371
1715.33364045371
1715.33364045371
1715.33364045371
1715.33364045371
1715.33364045371
1715.33364045371
1715.33364045371
1715.33364045371
1715.33364045371
1715.33364045371
1715.33364045371
1715.33364045371
1715.33364045371
1715.33364045371
1715.33364045371
1715.33364045371
1715.33364045371
1715.33364045371
1715.33364045371
1715.33364045371
1715.33364045371
1715.33364045371
1715.33364045371
1715.33364045371
1715.33364045371
1715.33364045371
1715.33364045371
1715.33364045371
1715.33364045371
1715.33364045371
1715.33364045371
1715.33364045371
1715.33364045371
1715.33364045371
1715.33364045371
1715.33364045371
1715.33364045371
1715.33364045371
1715.33364045371
1715.33364045371
1715.33364045371
1715.33364045371
1715.33364045371
1715.33364045371
1715.33364045371
1715.33364045371
1715.33364045371
1715.33364045371
1715.33364045371
1715.33364045371
1715.33364045371
1715.33364045371
1715.33364045371
1715.33364045371
1715.33364045371
1715.33364045371
1715.33364045371
1715.33364045371
1715.33364045371
1715.33364045371
1715.33364045371
1715.33364045371
1715.33364045371
1715.33364045371
1715.33364045371
1715.33364045371
1715.33364045371
1715.33364045371
1715.33364045371
1715.33364045371
1715.33364045371
1715.33364045371
1715.33364045371
1715.33364045371
1715.33364045371
1715.33364045371
1715.33364045371
1715.33364045371
1715.33364045371
1715.33364045371
1715.33364045371
1715.33364045371
1715.33364045371
1715.33364045371
1715.33364045371
1715.33364045371
1715.33364045371
1715.33364045371
1715.33364045371
1715.33364045371

ave
2305.11383690119
2526.46749208010
2379.99140309078
2277.86091578918
2257.99802125408
2225.56554991120
2416.96520230808
2464.25208142122
2150.93132051190
2273.83408531842
2246.76105032487
2151.08936535050
2167.95563937917
2109.09170452770
2196.69103957571
2378.86954926087
2068.42110966842
2078.47491446138
2127.38230895157
2331.25288243374
2314.66500003606
2264.71979435806
2291.76352806724
2273.08776934928
2073.74106466096
2093.85863202647
1920.50326267772
2039.20146799211
1977.32941355508
2264.10815101645
2028.21942772639
1964.18777611489
2083.40844046242
2025.83538832401
2200.86610174300
2022.59510363457
1989.22583677414
1953.57261364784
1927.04526323954
2073.30641295706
2003.06560265895
2043.14820741848
1943.89440336317
1981.26764935976
2103.35031085176
1916.21365091087
1958.84020952928
2080.67154669164
2012.67097075373
1934.46193854903
1942.94042195082
2089.15666757406
1862.83256189408
2227.60003485418
1995.84623872278
2229.09324647776
2056.43460742583
2083.59591600925
1999.18472512364
2117.60196802703
1978.22133514679
2023.81324777364
1976.27261255776
1965.14902669895
1866.79933462580
2016.94293271396
1883.41277841074
1985.11144649828
1917.65318382063
1932.66870802344
2003.71359100694
2103.38345492159
2030.50401040123
1943.72471573743
2087.58553054491
1969.79701040405
2012.61420817166
2020.26079021406
2020.45321737146
2010.42955542047
1929.47219992086
2025.06742513372
2056.50534175393
1980.46069554916
1954.25789903903
2067.98094590057
2085.86318214623
1941.15339674553
1998.24434065259
2073.64728188727
1912.61051542672
2094.26845905250
1881.26894901348
1879.44191020297
1907.63289569145
2092.21545033541
1857.57483308322
1899.21314626753
1903.10675500738
1970.15039717334
1844.78675560835
2025.96531334210
1935.04047064700
2062.55890891844
1864.10323363196
1936.51782705204
2053.49626382197
2024.07731365577
1936.59815853962
2128.08452352094
2037.88100696914
1922.22998781435
1979.67441696066
2009.98119101394
1939.91577972950
2028.63172553086
1962.27540596589
1953.15979941680
1911.15507564927
1947.09086584441
2021.99789837938
1990.10056498212
1987.34540441399
2009.92445455502
2122.21904704132
1834.94531118170
1869.86239855777
2022.62573401169
1931.27279245464
1902.95825983509
1922.35184334372
2000.36503186587
2131.31893910431
1939.51210385474
2090.82774234607
1941.77519561887
2082.56472393812
2222.55810488504
2017.42200259514
1873.62911925153
2011.25995645596
1896.16618515589
2091.43008094495
2021.23866778855
2044.92392746149
1902.08485367250
1862.65924187941
2272.80841603406
1928.89158045598
2034.81062078442
1941.42314625385
2037.58345627814
2152.21722159356
2035.98158690530
1889.26100482702
1850.19161639603
2012.71656821923
2141.10182320962
1975.73258213821
1989.38124093800
1928.60635295335
2014.64477879278
1934.51499396586
1956.52830084476
2065.10753238319
1983.14499603891
1992.23450404040
1934.75826265775
2048.90229080058
2019.62235668619
2047.38172143329
2031.95001421129
2146.11165521628
1831.48684884792
2050.27937510594
2039.44149356704
2076.37896906344
1977.23993094245
2044.02840031010
1906.24346018137
2071.87944723115
2015.18137689610
1968.46438915041
2006.11088855302
1967.14156607238
1959.15261940896
2015.83761114170
1988.78591459036
2124.77750051433
1951.91635479521
1923.98813498801
1970.43760906897
1888.73258425888
1905.82970008320
2042.45524360167
2098.18169569319
2026.07465465312
2102.67665727376
1829.22271064890
1926.87125776101
1992.90504229585
2053.23800284599
2043.34338943708
2001.51489993135
1969.12328371966
1880.45958514030
1997.04135708678
2041.87073626545
2007.70335980312
1898.87699565841
2040.02994659373
1947.74277006504
2046.85685086704
1966.75670100001
2185.68046485557
2045.04040633789
2160.24893828732
1994.12843067806
1915.13993990244
2072.33549386888
2171.78519276372
1951.05436283164
1921.00582518634
1905.06279342958
2030.21840615350
1876.04788196034
2083.13199571085
1977.93730564294
1860.51207634365
2015.78465580840
2055.30733888069
2085.80539554576
1961.14549940299
2032.90911514328
1871.66051046409
1979.08527849725
1927.93624314549
2064.98761350205
2052.61129649138
2024.73538016199
1862.72080211102
2067.30951806245
2077.42479726311
1923.66606332946
2022.73668675771
2037.89188414066
1985.89006570996
1900.34497962002
2037.91677182499
1933.97084869301
1950.34295342774
2053.99853289024
1989.79567819560
1968.07020917117
1964.63223026691
1966.08254646981
2031.01774394481
2022.34532294011
1966.38498089049
1973.03030130198
1963.57948069475
1970.29505786993
2027.93992472619
1926.87010345299
1956.86132251247
1961.33926626246
2106.63442971253
1873.60548642619
2198.29609992942
2166.04104816706
2091.82379876905
1879.96277409708
2168.59466213314
2025.34164405885
2161.53579571655
1921.54893731123
2086.54607524138
1959.40276957310
1881.46846952800
1869.48258757183
1916.62894444829
1908.33222267507
1851.53227167176
1864.71113890930
1960.32581186789
2001.72347056477
2043.09134914864
1900.14244996976
1859.85481753317
1962.44407657194
1873.35884147033
2085.89994142441
1944.67306435580
1928.96527661578
1967.67961498411
1888.04731574626
2059.77390616125
1962.34513797447
2007.23798443658
2173.60594202475
2012.77759995832
1984.27464055366
2065.54754145493
2155.25751866745
1906.19280698261
2076.02245689344
2085.97358179605
2070.35180000634
1971.72772359024
2014.01949822655
1966.31736121239
2153.20767700038
2141.52791002283
2088.90055271473
2056.69851631209
1948.53455305713
1983.15658675563
2096.36880760630
1922.28107311410
2121.66151777358
1944.96097171934
2012.76642178658
2018.94207980958
1918.48116517663
1797.23153427657
1938.00494094822
2016.19135108679
2156.02456054971
1962.38653997928
2095.83210233877
2078.24285367790
2051.72775788369
1966.52919314097
1924.99733171622
1894.17759731315
1915.77247383352
2144.48072388226
1971.40289974774
2137.41173793124
2001.89904079079
2028.21456232774
1856.12813412799
2204.06252549301
2006.41626457235
2148.30686002509
2213.21648386743
2171.11220966604
2132.88744428384
2126.36413872342
2008.95631379377
1939.43936442314
1956.70953086435
1848.38834933131
1922.30864922689
2036.08845759143
2074.27061936947
1897.68586312868
2021.34410746807
2214.35646708475
2108.47275066683
2029.82750434477
2040.36728683125
2097.39371262274
1858.10360428843
1931.98170311913
1910.57749469417
1950.93200414571
2035.33424388073
1896.71215745749
1886.25753288759
2165.71043638304
1870.22792824254
2096.58635678293
1964.70435663321
2038.80747247135
1951.12449339214
2071.99233928701
2054.64043562554
2027.98576152896
1958.92480169773
1985.73677096111
1975.02171747369
2086.40687782048
1925.50608161887
1929.82392934386
1943.16273642913
2085.68196757720
2023.78253447664
1998.58153951586
2016.02277975117
1840.70162717359
2055.89750364672
1892.69361990872
2232.30433633354
1988.02578642105
2089.93958611076
2094.67283874758
1994.94935566201
2216.00089425050
1939.70888092536
1852.29972720322
1942.84276589452
1947.17974952634
2039.35524607001
2092.81551145124
1886.02437618203
2017.50799390370
2027.31890976395
2059.48192988324
1949.44039272519
1872.65901468625
2023.73489716708
2070.04238953416
1905.18860487928
2232.77955062871
2032.99235140087
2101.95595004370
2052.76104437291
2126.96678644337
2070.74306971745
1940.55886716730
2000.03820931930
1913.73348765545
1923.00377902221
1989.12010460733
1942.52769601069
1969.84161801083
1925.52957472788
1926.52991060912
2037.85318988821
1970.13949594297
1919.07366261019
1981.07572156267
1953.54658484209
1929.52488670645
2148.77085746952
2070.11672382546
1860.03400495286
1899.72905149099
2004.74761865235
2098.85509991995
1992.85535042489
2105.95913635641
2022.16294916222
1905.42029114897
1881.53150502394
2043.33769939185
1993.56018927290
2095.27329877670
1961.03393559251
1903.87750887337
1992.92787344037
2005.02074379592
1994.04044171636
1857.48630611944
1978.42040259717
1971.76377841748
2088.78627609999
1980.21660122000
1991.08578097576
1921.04888175177
1963.12510559922
2039.80128955245
1913.92682946110
2024.67439270703
2030.10848992099
1960.41853958416
1989.73185258441
2056.83435624655
1947.29894006921
1936.01438314140
2000.64214580689
2023.71445858488
1974.10863797027
2029.95068533033
1957.64863178377
1941.22249080251
1935.63531407794
1955.84628939626
1959.39296958780
1935.57768572048
1893.71415546108
1991.92253051631
1921.15720007473
2076.39650175406
1955.25349828729
1986.62243298987
1876.03966132882
2078.98638563336
2077.39745068726
1963.00024675622
1982.91412520945
2058.56434487597
2049.69479169963
1974.48246306183
1810.15355055804
1968.97644321743
1947.71224477170
1913.91275897691
2061.15158694773