task1(重箱)结果
最优解为:304.5902
最优解路径:

Best_route =

     2     1     0
     0     0     0

本次运算用时:0.531秒
算法在第1代时收敛

best
304.590197113415
304.590197113415
304.590197113415
304.590197113415
304.590197113415
304.590197113415
304.590197113415
304.590197113415
304.590197113415
304.590197113415
304.590197113415
304.590197113415
304.590197113415
304.590197113415
304.590197113415
304.590197113415
304.590197113415
304.590197113415
304.590197113415
304.590197113415
304.590197113415
304.590197113415
304.590197113415
304.590197113415
304.590197113415
304.590197113415
304.590197113415
304.590197113415
304.590197113415
304.590197113415
304.590197113415
304.590197113415
304.590197113415
304.590197113415
304.590197113415
304.590197113415
304.590197113415
304.590197113415
304.590197113415
304.590197113415
304.590197113415
304.590197113415
304.590197113415
304.590197113415
304.590197113415
304.590197113415
304.590197113415
304.590197113415
304.590197113415
304.590197113415
304.590197113415
304.590197113415
304.590197113415
304.590197113415
304.590197113415
304.590197113415
304.590197113415
304.590197113415
304.590197113415
304.590197113415
304.590197113415
304.590197113415
304.590197113415
304.590197113415
304.590197113415
304.590197113415
304.590197113415
304.590197113415
304.590197113415
304.590197113415
304.590197113415
304.590197113415
304.590197113415
304.590197113415
304.590197113415
304.590197113415
304.590197113415
304.590197113415
304.590197113415
304.590197113415
304.590197113415
304.590197113415
304.590197113415
304.590197113415
304.590197113415
304.590197113415
304.590197113415
304.590197113415
304.590197113415
304.590197113415
304.590197113415
304.590197113415
304.590197113415
304.590197113415
304.590197113415
304.590197113415
304.590197113415
304.590197113415
304.590197113415
304.590197113415

ave
305.560347835061
305.560347835061
304.784227257744
304.978257402073
320.560347835061
305.754377979390
305.172287546402
305.172287546402
304.978257402073
304.784227257744
304.784227257744
305.172287546402
304.590197113415
304.590197113415
304.590197113415
304.784227257744
304.784227257744
304.590197113415
304.784227257744
304.978257402073
304.978257402073
304.590197113415
304.784227257744
304.590197113415
304.590197113415
304.590197113415
304.590197113415
304.590197113415
304.590197113415
304.590197113415
304.590197113415
304.590197113415
304.590197113415
304.590197113415
304.590197113415
304.590197113415
304.590197113415
304.590197113415
304.590197113415
304.590197113415
304.590197113415
304.590197113415
304.590197113415
304.784227257744
304.590197113415
304.590197113415
304.590197113415
304.590197113415
304.590197113415
304.590197113415
304.590197113415
304.590197113415
304.590197113415
304.590197113415
304.590197113415
304.590197113415
304.590197113415
304.590197113415
304.590197113415
304.590197113415
304.590197113415
304.590197113415
304.590197113415
304.590197113415
304.590197113415
304.590197113415
304.590197113415
304.590197113415
304.784227257744
304.784227257744
304.590197113415
304.590197113415
304.590197113415
304.590197113415
304.590197113415
304.590197113415
304.590197113415
304.590197113415
304.590197113415
304.590197113415
304.590197113415
304.590197113415
304.590197113415
304.590197113415
304.590197113415
304.590197113415
304.590197113415
304.590197113415
304.590197113415
304.590197113415
304.590197113415
304.590197113415
304.590197113415
304.590197113415
304.590197113415
304.590197113415
304.590197113415
304.590197113415
304.590197113415
304.590197113415
