task 1：
目标函数：305.994
决策变量：
x
t1  （大小 4）	t1  （大小 4）	v1  （大小 2）	值
1	1	1	0
1	1	2	0
1	2	1	0
1	2	2	0
1	3	1	0
1	3	2	1
1	4	1	0
1	4	2	0
2	1	1	0
2	1	2	0
2	2	1	0
2	2	2	0
2	3	1	0
2	3	2	0
2	4	1	0
2	4	2	1
3	1	1	0
3	1	2	0
3	2	1	0
3	2	2	1
3	3	1	0
3	3	2	0
3	4	1	0
3	4	2	0
4	1	1	0
4	1	2	1
4	2	1	0
4	2	2	0
4	3	1	0
4	3	2	0
4	4	1	0
4	4	2	0

y
t1  （大小 4）	值
1	0
2	2.11320486523982
3	0
4	3.36296672138997

时间：2.09

task 2：
目标函数：318.842
决策变量：
x
t1  （大小 4）	t1  （大小 4）	v1  （大小 2）	值
1	1	1	0
1	1	2	0
1	2	1	0
1	2	2	0
1	3	1	0
1	3	2	0
1	4	1	0
1	4	2	1
2	1	1	0
2	1	2	0
2	2	1	0
2	2	2	0
2	3	1	0
2	3	2	1
2	4	1	0
2	4	2	0
3	1	1	0
3	1	2	1
3	2	1	0
3	2	2	0
3	3	1	0
3	3	2	0
3	4	1	0
3	4	2	0
4	1	1	0
4	1	2	0
4	2	1	0
4	2	2	1
4	3	1	0
4	3	2	0
4	4	1	0
4	4	2	0

y
t1  （大小 4）	值
1	0
2	1.11185151063938
3	1.91883060004948
4	0.279508497187474

时间：2.12
