最优解为:310.3311
最优解路径:

Best_route =

     3     1     2     0
     0     0     0     0

本次运算用时:0.765秒
算法在第1代时收敛

best
310.331100202950
310.331100202950
310.331100202950
310.331100202950
310.331100202950
310.331100202950
310.331100202950
310.331100202950
310.331100202950
310.331100202950
310.331100202950
310.331100202950
310.331100202950
310.331100202950
310.331100202950
310.331100202950
310.331100202950
310.331100202950
310.331100202950
310.331100202950
310.331100202950
310.331100202950
310.331100202950
310.331100202950
310.331100202950
310.331100202950
310.331100202950
310.331100202950
310.331100202950
310.331100202950
310.331100202950
310.331100202950
310.331100202950
310.331100202950
310.331100202950
310.331100202950
310.331100202950
310.331100202950
310.331100202950
310.331100202950
310.331100202950
310.331100202950
310.331100202950
310.331100202950
310.331100202950
310.331100202950
310.331100202950
310.331100202950
310.331100202950
310.331100202950
310.331100202950
310.331100202950
310.331100202950
310.331100202950
310.331100202950
310.331100202950
310.331100202950
310.331100202950
310.331100202950
310.331100202950
310.331100202950
310.331100202950
310.331100202950
310.331100202950
310.331100202950
310.331100202950
310.331100202950
310.331100202950
310.331100202950
310.331100202950
310.331100202950
310.331100202950
310.331100202950
310.331100202950
310.331100202950
310.331100202950
310.331100202950
310.331100202950
310.331100202950
310.331100202950
310.331100202950
310.331100202950
310.331100202950
310.331100202950
310.331100202950
310.331100202950
310.331100202950
310.331100202950
310.331100202950
310.331100202950
310.331100202950
310.331100202950
310.331100202950
310.331100202950
310.331100202950
310.331100202950
310.331100202950
310.331100202950
310.331100202950
310.331100202950

ave
331.534985311855
311.199968541833
314.733850387692
313.663422206094
312.957354734734
310.845913670118
312.968200628338
327.504859403803
311.906036013193
313.055822356482
312.875954300973
312.186954017599
312.260090884908
310.331100202950
311.472622979786
311.916881906796
311.301018490731
310.502704692006
311.472622979786
310.946963619016
311.118568108071
311.562827035081
310.856759563721
310.331100202950
310.331100202950
310.685155074665
325.467095261576
310.331100202950
310.685155074665
310.331100202950
310.331100202950
310.502704692006
310.331100202950
310.331100202950
310.331100202950
310.331100202950
310.331100202950
310.331100202950
310.331100202950
310.331100202950
310.331100202950
310.331100202950
310.331100202950
310.685155074665
310.331100202950
310.331100202950
310.331100202950
310.331100202950
310.331100202950
310.331100202950
310.331100202950
310.331100202950
325.467095261576
310.331100202950
310.331100202950
310.331100202950
310.685155074665
310.331100202950
310.331100202950
310.331100202950
310.331100202950
310.331100202950
310.331100202950
310.331100202950
310.331100202950
310.331100202950
310.331100202950
310.331100202950
310.331100202950
310.331100202950
310.331100202950
310.331100202950
310.331100202950
310.331100202950
325.739209644449
310.331100202950
310.331100202950
310.331100202950
310.331100202950
310.331100202950
310.331100202950
310.331100202950
310.331100202950
310.331100202950
310.331100202950
310.331100202950
310.331100202950
310.331100202950
310.331100202950
310.331100202950
310.331100202950
310.331100202950
310.331100202950
310.331100202950
310.331100202950
310.331100202950
310.331100202950
310.331100202950
310.331100202950
310.331100202950