最优解为:304.1723
最优解路径:

Best_route =

     2     1     3     0
     0     0     0     0

本次运算用时:0.813秒
算法在第1代时收敛

best
304.172275753111
304.172275753111
304.172275753111
304.172275753111
304.172275753111
304.172275753111
304.172275753111
304.172275753111
304.172275753111
304.172275753111
304.172275753111
304.172275753111
304.172275753111
304.172275753111
304.172275753111
304.172275753111
304.172275753111
304.172275753111
304.172275753111
304.172275753111
304.172275753111
304.172275753111
304.172275753111
304.172275753111
304.172275753111
304.172275753111
304.172275753111
304.172275753111
304.172275753111
304.172275753111
304.172275753111
304.172275753111
304.172275753111
304.172275753111
304.172275753111
304.172275753111
304.172275753111
304.172275753111
304.172275753111
304.172275753111
304.172275753111
304.172275753111
304.172275753111
304.172275753111
304.172275753111
304.172275753111
304.172275753111
304.172275753111
304.172275753111
304.172275753111
304.172275753111
304.172275753111
304.172275753111
304.172275753111
304.172275753111
304.172275753111
304.172275753111
304.172275753111
304.172275753111
304.172275753111
304.172275753111
304.172275753111
304.172275753111
304.172275753111
304.172275753111
304.172275753111
304.172275753111
304.172275753111
304.172275753111
304.172275753111
304.172275753111
304.172275753111
304.172275753111
304.172275753111
304.172275753111
304.172275753111
304.172275753111
304.172275753111
304.172275753111
304.172275753111
304.172275753111
304.172275753111
304.172275753111
304.172275753111
304.172275753111
304.172275753111
304.172275753111
304.172275753111
304.172275753111
304.172275753111
304.172275753111
304.172275753111
304.172275753111
304.172275753111
304.172275753111
304.172275753111
304.172275753111
304.172275753111
304.172275753111
304.172275753111

ave
306.002177680871
305.571571079454
305.474993443128
305.594116690840
304.796498980224
304.716448476803
304.571084608419
304.777857605302
305.456352068207
305.076184587820
304.843170970265
305.385553699509
304.750952663928
304.750952663928
304.444362114957
304.505771243456
304.470602735629
305.076184587820
304.642871545387
304.317639621495
304.172275753111
304.172275753111
304.172275753111
304.172275753111
304.172275753111
304.172275753111
304.317639621495
304.172275753111
304.172275753111
304.172275753111
304.172275753111
304.172275753111
304.172275753111
304.172275753111
304.298998246573
304.172275753111
304.172275753111
304.298998246574
304.172275753111
304.172275753111
304.298998246574
304.172275753111
304.172275753111
304.172275753111
304.172275753111
319.172275753111
304.172275753111
304.317639621495
304.172275753111
304.172275753111
304.172275753111
304.172275753111
304.172275753111
304.172275753111
304.172275753111
304.172275753111
304.172275753111
304.172275753111
304.172275753111
304.172275753111
304.172275753111
304.172275753111
304.497507677004
304.172275753111
304.172275753111
304.172275753111
304.172275753111
304.172275753111
304.172275753111
304.172275753111
304.172275753111
304.172275753111
304.172275753111
319.153634378190
304.172275753111
304.172275753111
304.172275753111
304.172275753111
304.172275753111
304.172275753111
304.172275753111
304.172275753111
304.172275753111
304.172275753111
304.172275753111
304.172275753111
304.172275753111
304.172275753111
304.172275753111
304.172275753111
304.172275753111
304.172275753111
304.172275753111
304.172275753111
304.172275753111
304.172275753111
319.172275753111
304.172275753111
319.153634378190
304.172275753111