最优解为:1955.7061
最优解路径:

Best_route =

  1 至 24 列

    13    15    27    23    24     9    10    37    11    12     0     0     0     0     0     0     0     0     0     0     0     0     0     0
    29    30    16    21    22    26     5     6    32     0     0     0     0     0     0     0     0     0     0     0     0     0     0     0
     0     0     0     0     0     0     0     0     0     0     0     0     0     0     0     0     0     0     0     0     0     0     0     0
     3     4    17     1    25    31     7     2    35    36     8     0     0     0     0     0     0     0     0     0     0     0     0     0
    14    33    34    18    39    40    28    19    20    38     0     0     0     0     0     0     0     0     0     0     0     0     0     0

  25 至 41 列

     0     0     0     0     0     0     0     0     0     0     0     0     0     0     0     0     0
     0     0     0     0     0     0     0     0     0     0     0     0     0     0     0     0     0
     0     0     0     0     0     0     0     0     0     0     0     0     0     0     0     0     0
     0     0     0     0     0     0     0     0     0     0     0     0     0     0     0     0     0
     0     0     0     0     0     0     0     0     0     0     0     0     0     0     0     0     0

本次运算用时:136.392秒
算法在第257代时收敛

best
2067.67089081408
2067.67089081408
2067.67089081408
2067.67089081408
2067.67089081408
2067.67089081408
2067.67089081408
2067.67089081408
2067.67089081408
2067.67089081408
2067.67089081408
2067.67089081408
2067.67089081408
2067.67089081408
2067.67089081408
2067.67089081408
2067.67089081408
2067.67089081408
2067.67089081408
2067.67089081408
2067.67089081408
2067.57593818212
2067.57593818212
2067.57593818212
2067.57593818212
2067.57593818212
2065.39581806989
2064.68914353744
2064.68914353744
2064.68914353744
2064.68914353744
2056.99513719806
2056.99513719806
2056.99513719806
2056.99513719806
2055.23403290125
2055.23403290125
2055.23403290125
2055.23403290125
2055.23403290125
2055.23403290125
2055.23403290125
2055.23403290125
2055.23403290125
2055.23403290125
2055.23403290125
2055.23403290125
2055.23403290125
2055.23403290125
2055.23403290125
2055.23403290125
2055.23403290125
2055.23403290125
2055.23403290125
2055.23403290125
2055.23403290125
2055.23403290125
2055.23403290125
2055.23403290125
2055.23403290125
2055.23403290125
2055.23403290125
2055.23403290125
2055.23403290125
2055.23403290125
2055.23403290125
2055.23403290125
2055.23403290125
2055.23403290125
2055.23403290125
2055.23403290125
2055.23403290125
2055.23403290125
2055.23403290125
2055.23403290125
2055.23403290125
2055.23403290125
2055.23403290125
2055.23403290125
2055.23403290125
2055.23403290125
2055.23403290125
2055.23403290125
2055.23403290125
2055.23403290125
2055.23403290125
2055.23403290125
2055.23403290125
2055.23403290125
2055.23403290125
2055.23403290125
2055.23403290125
2055.23403290125
2055.23403290125
2055.23403290125
2055.23403290125
2055.23403290125
2049.87210183422
2049.87210183422
2049.87210183422
2049.87210183422
2049.87210183422
2049.87210183422
2049.87210183422
2049.87210183422
2049.87210183422
2049.87210183422
2049.87210183422
2049.87210183422
2049.87210183422
2049.87210183422
2049.87210183422
2042.52149739150
2042.52149739150
2009.29965590688
2008.61872835163
2008.61872835163
2008.61872835163
2008.61872835163
2008.61872835163
2008.61872835163
2008.61872835163
2008.61872835163
2008.61872835163
2008.61872835163
2008.61872835163
2008.61872835163
2008.61872835163
2008.61872835163
2008.61872835163
2008.61872835163
2008.61872835163
2008.01254822674
2008.01254822674
2008.01254822674
2008.01254822674
2008.01254822674
2008.01254822674
2002.82003275426
2002.82003275426
2002.82003275426
2002.82003275426
2002.82003275426
2002.82003275426
2002.82003275426
2002.82003275426
2002.82003275426
2002.82003275426
2002.82003275426
2002.82003275426
2002.82003275426
2002.82003275426
2002.82003275426
2002.82003275426
2002.82003275426
2002.82003275426
2002.82003275426
2002.82003275426
2002.82003275426
2002.82003275426
2002.82003275426
2002.82003275426
2002.82003275426
2002.82003275426
2002.82003275426
2002.82003275426
2002.82003275426
2002.82003275426
2002.82003275426
2002.82003275426
2002.82003275426
2002.82003275426
2002.82003275426
2002.82003275426
2002.82003275426
2002.82003275426
2002.82003275426
2002.82003275426
2002.82003275426
2002.82003275426
2002.82003275426
2002.82003275426
2002.30463532746
2002.30463532746
2002.30463532746
2002.30463532746
2002.30463532746
2002.30463532746
2002.30463532746
2002.30463532746
2002.30463532746
2002.30463532746
2002.30463532746
2002.30463532746
2002.30463532746
2002.30463532746
2002.30463532746
2002.30463532746
2002.30463532746
2002.30463532746
2002.30463532746
2002.30463532746
2002.30463532746
2002.30463532746
2002.30463532746
2002.30463532746
2002.30463532746
2002.30463532746
2002.30463532746
2002.30463532746
2002.30463532746
2002.30463532746
2002.30463532746
2002.30463532746
2002.30463532746
2002.30463532746
2002.30463532746
2002.30463532746
2002.30463532746
2002.30463532746
2002.30463532746
2002.30463532746
2002.30463532746
2002.30463532746
2002.30463532746
2002.30463532746
2002.30463532746
2002.30463532746
2002.30463532746
2002.30463532746
2002.30463532746
2002.30463532746
2002.30463532746
2002.30463532746
2002.30463532746
2002.30463532746
2002.30463532746
2002.30463532746
2002.30463532746
2002.30463532746
2002.30463532746
2002.30463532746
2002.30463532746
2002.30463532746
2002.30463532746
2002.30463532746
2002.30463532746
2002.30463532746
2002.30463532746
2002.30463532746
2002.30463532746
2002.30463532746
2002.30463532746
2002.30463532746
2002.30463532746
2002.30463532746
1955.70607158261
1955.70607158261
1955.70607158261
1955.70607158261
1955.70607158261
1955.70607158261
1955.70607158261
1955.70607158261
1955.70607158261
1955.70607158261
1955.70607158261
1955.70607158261
1955.70607158261
1955.70607158261
1955.70607158261
1955.70607158261
1955.70607158261
1955.70607158261
1955.70607158261
1955.70607158261
1955.70607158261
1955.70607158261
1955.70607158261
1955.70607158261
1955.70607158261
1955.70607158261
1955.70607158261
1955.70607158261
1955.70607158261
1955.70607158261
1955.70607158261
1955.70607158261
1955.70607158261
1955.70607158261
1955.70607158261
1955.70607158261
1955.70607158261
1955.70607158261
1955.70607158261
1955.70607158261
1955.70607158261
1955.70607158261
1955.70607158261
1955.70607158261
1955.70607158261
1955.70607158261
1955.70607158261
1955.70607158261
1955.70607158261
1955.70607158261
1955.70607158261
1955.70607158261
1955.70607158261
1955.70607158261
1955.70607158261
1955.70607158261
1955.70607158261
1955.70607158261
1955.70607158261
1955.70607158261
1955.70607158261
1955.70607158261
1955.70607158261
1955.70607158261
1955.70607158261
1955.70607158261
1955.70607158261
1955.70607158261
1955.70607158261
1955.70607158261
1955.70607158261
1955.70607158261
1955.70607158261
1955.70607158261
1955.70607158261
1955.70607158261
1955.70607158261
1955.70607158261
1955.70607158261
1955.70607158261
1955.70607158261
1955.70607158261
1955.70607158261
1955.70607158261
1955.70607158261
1955.70607158261
1955.70607158261
1955.70607158261
1955.70607158261
1955.70607158261
1955.70607158261
1955.70607158261
1955.70607158261
1955.70607158261
1955.70607158261
1955.70607158261
1955.70607158261
1955.70607158261
1955.70607158261
1955.70607158261
1955.70607158261
1955.70607158261
1955.70607158261
1955.70607158261
1955.70607158261
1955.70607158261
1955.70607158261
1955.70607158261
1955.70607158261
1955.70607158261
1955.70607158261
1955.70607158261
1955.70607158261
1955.70607158261
1955.70607158261
1955.70607158261
1955.70607158261
1955.70607158261
1955.70607158261
1955.70607158261
1955.70607158261
1955.70607158261
1955.70607158261
1955.70607158261
1955.70607158261
1955.70607158261
1955.70607158261
1955.70607158261
1955.70607158261
1955.70607158261
1955.70607158261
1955.70607158261
1955.70607158261
1955.70607158261
1955.70607158261
1955.70607158261
1955.70607158261
1955.70607158261
1955.70607158261
1955.70607158261
1955.70607158261
1955.70607158261
1955.70607158261
1955.70607158261
1955.70607158261
1955.70607158261
1955.70607158261
1955.70607158261
1955.70607158261
1955.70607158261
1955.70607158261
1955.70607158261
1955.70607158261
1955.70607158261
1955.70607158261
1955.70607158261
1955.70607158261
1955.70607158261
1955.70607158261
1955.70607158261
1955.70607158261
1955.70607158261
1955.70607158261
1955.70607158261
1955.70607158261
1955.70607158261
1955.70607158261
1955.70607158261
1955.70607158261
1955.70607158261
1955.70607158261
1955.70607158261
1955.70607158261
1955.70607158261
1955.70607158261
1955.70607158261
1955.70607158261
1955.70607158261
1955.70607158261
1955.70607158261
1955.70607158261
1955.70607158261
1955.70607158261
1955.70607158261
1955.70607158261
1955.70607158261
1955.70607158261
1955.70607158261
1955.70607158261
1955.70607158261
1955.70607158261
1955.70607158261
1955.70607158261
1955.70607158261
1955.70607158261
1955.70607158261
1955.70607158261
1955.70607158261
1955.70607158261
1955.70607158261
1955.70607158261
1955.70607158261
1955.70607158261
1955.70607158261
1955.70607158261
1955.70607158261
1955.70607158261
1955.70607158261
1955.70607158261
1955.70607158261
1955.70607158261
1955.70607158261
1955.70607158261
1955.70607158261
1955.70607158261
1955.70607158261
1955.70607158261
1955.70607158261
1955.70607158261
1955.70607158261
1955.70607158261
1955.70607158261
1955.70607158261
1955.70607158261
1955.70607158261
1955.70607158261
1955.70607158261
1955.70607158261
1955.70607158261
1955.70607158261
1955.70607158261
1955.70607158261
1955.70607158261
1955.70607158261
1955.70607158261
1955.70607158261
1955.70607158261
1955.70607158261
1955.70607158261
1955.70607158261
1955.70607158261
1955.70607158261
1955.70607158261
1955.70607158261

ave
2816.30378088764
2893.65687167283
2851.94354644808
2825.79553394170
2852.37552672639
2910.15892659859
2964.90630027317
2883.51013596546
2968.05579447399
2884.75058385012
2874.39599365213
2902.86770287382
2845.60539664129
2844.40112685815
2837.11661393504
2860.54915259710
2894.55889911868
2958.66686168292
2787.56345524472
2867.55369052955
2864.33518816972
2919.92341113096
3029.45220264599
2831.65666725638
2885.53911404278
2844.24206993030
2854.33665594725
3035.03787435630
2918.76848505225
2953.24924693769
2958.94457056382
2901.55168268219
3007.37090622464
2789.61026284015
2971.54573827132
2987.13859918965
2891.86903784713
2758.16144941418
2872.17709427009
2851.48263260279
2858.12934806697
2853.07681294988
2716.38238242899
2712.24755630182
2672.63175526556
2444.89256891360
2853.87329928874
2558.36118659151
2659.35446204397
2575.93853249824
2457.26256907181
2473.36267892913
2648.00856294043
2656.98039825955
2587.44029831143
2479.75942068680
2671.75774849559
2693.18712013631
2447.88243565732
2447.06447091242
2482.50972337829
2509.35059207360
2619.69831284188
2568.38389416256
2371.23218719031
2499.64491731969
2417.72110139866
2519.26929541840
2450.07574940678
2579.85460808267
2753.69156986726
2631.46404621480
2530.01624121348
2515.94100797645
2546.25779798911
2655.84820270624
2595.49721261844
2769.71011004483
2533.80075212205
2530.95010717321
2671.95461007370
2589.51336390423
2472.78970799915
2722.11895934479
2471.63383251707
2562.35643783533
2386.37696487698
2449.78422483222
2393.01103363901
2308.73704456350
2246.58843213384
2361.17122626142
2523.53655501183
2363.84557052163
2429.42494700641
2355.47319946056
2395.46530832128
2260.06752242246
2413.20462150734
2630.01517077706
2348.48431140363
2463.90520796925
2630.04572848295
2484.40298925211
2429.23222853022
2489.62268394359
2272.71597242935
2524.85443502576
2636.46753005776
2638.25762079279
2308.54430027615
2536.52274832579
2618.89564093398
2485.75544964963
2701.74562986009
2369.97237492413
2379.55622015771
2372.64710205072
2322.14979523862
2572.37502034888
2542.52342999875
2436.24560535513
2346.92679292370
2412.46725510856
2630.18489999782
2389.55086445919
2801.90603101781
2616.50997937110
2638.73515394344
2835.34889211832
2862.17715927068
2845.12163555890
2668.86841798964
2713.25904873825
2869.44039124399
2891.76021260730
2672.57190561060
2866.90900906955
2820.54621412946
2691.20067410465
2591.23791860777
2599.55382306521
2756.93348008090
2658.56044037862
2618.28001584151
2818.06397852617
2511.87065025934
2649.76900303423
2559.97533712291
2473.22085161289
2622.55011971785
2492.40551346786
2375.44138533401
2555.41174649485
2644.81026351930
2406.03984489788
2454.13940718427
2472.63041899359
2379.74462146673
2412.34586158837
2298.74171571635
2244.63043035881
2368.83162599276
2519.25040331914
2176.03731246871
2759.88977617130
2502.36248527675
2343.05867079588
2459.28790367917
2222.37748868506
2460.50321249989
2331.99130511419
2382.39944193411
2234.31470959556
2186.80973146136
2356.97791249641
2188.16592086689
2269.07471113773
2431.74253759095
2469.62182494934
2268.00375320744
2355.55643846289
2467.64977170423
2216.75592626382
2360.71822362235
2301.14735774633
2518.65674248938
2304.73566537932
2447.54579960194
2329.92260823402
2208.70246159187
2147.12442897254
2147.84503632614
2335.62039121882
2138.58823298577
2239.14303787421
2439.34442126898
2310.99677721703
2212.49434144367
2267.35659635699
2362.97008362327
2347.80951849908
2388.10726412016
2246.96846971955
2201.77367422954
2304.46121883791
2394.17023109916
2475.48178561820
2241.85951659339
2358.65347697600
2201.23015581234
2417.54339972301
2396.69166744340
2143.65982523561
2290.90253074936
2460.57908311708
2398.07504704317
2288.20049605786
2332.83347110575
2240.47125374093
2418.51225064187
2421.99530920666
2453.70909885074
2312.58528510345
2380.32578344676
2460.61472907675
2421.02863475402
2344.19597943926
2429.34931647599
2657.10155787711
2401.61369908831
2433.89111512915
2319.95576866105
2657.95178407029
2369.37284437160
2505.91353821908
2424.18403876645
2420.02822243088
2456.05656020182
2350.45611696871
2513.78188618737
2408.64984640712
2469.87571220614
2292.10234700824
2494.88444436179
2541.28740657939
2490.90215318246
2282.47471146817
2353.91887659375
2543.40102417485
2376.68507058238
2372.75026676458
2351.47994066429
2588.34079318850
2284.38857141141
2518.18198926788
2375.01396713220
2508.55324895754
2366.83185263806
2644.50891041479
2515.10389804355
2389.93670896309
2333.63235932307
2271.15360258802
2435.88779237974
2340.52352534237
2375.36712813964
2428.85886349114
2294.06957582002
2311.30747982500
2247.79695796612
2339.88105830608
2499.77113670031
2375.34226676067
2490.92806121031
2429.08780944214
2271.79866120698
2487.55803709998
2329.06663835219
2236.66990352928
2102.22406685763
2219.61601887853
2318.56887174901
2296.13163179410
2419.98767307499
2391.18529476065
2594.20487375923
2293.46530178418
2310.19898993670
2437.03298587941
2163.54144949815
2225.94330010298
2196.61788503634
2358.58865411107
2334.24859123583
2277.18940322137
2639.72178990587
2256.37802311027
2307.11055793608
2312.40951877077
2455.07617805819
2294.01729363475
2320.76434714032
2313.62513574876
2293.19346068720
2528.64781439357
2444.04480802459
2320.18133118379
2255.57720274372
2123.91358188030
2491.34046428782
2324.81650607396
2282.72416847469
2314.47586711346
2594.72121610592
2477.38499053274
2418.45509599740
2291.97939872195
2658.09652295108
2436.77234791972
2318.12424521265
2569.89950562308
2323.22525261074
2399.96086573369
2332.59321582447
2288.87432336494
2396.95983718867
2420.17884162308
2354.99576695275
2278.33307138350
2507.96313885266
2328.59602366397
2284.68676064198
2246.29134384393
2271.62017739083
2282.84728332789
2266.13641617446
2463.69166631952
2402.41660488099
2428.41151874841
2383.14072032814
2645.74108599538
2247.15271114962
2296.86453478001
2659.35409463016
2463.73059295013
2301.55813977682
2516.77448090319
2383.22438163682
2234.09770483123
2384.00454474983
2362.08716287793
2474.06821064837
2499.59636563217
2319.69861638119
2397.26016024321
2284.41380381818
2503.35598111202
2382.87436048590
2176.49323887353
2428.94056382388
2452.87038805497
2296.82025404268
2364.26423750334
2380.33867706384
2349.20441223618
2507.39430419894
2693.70705705864
2343.26175475099
2379.87004995580
2363.20600425096
2421.54260691240
2507.43307049457
2446.04792426684
2517.20621456045
2380.60026101479
2534.10622698959
2558.98380897164
2343.85635349913
2528.99124323327
2431.78997319860
2406.72404108009
2543.16238862264
2365.34252077821
2291.66201556448
2528.37379484034
2461.94704624785
2445.64548297775
2335.67581801012
2596.54098601781
2357.19688367006
2478.40968892549
2421.32760090382
2457.92443939978
2316.83321115558
2300.13656208349
2428.95936287948
2423.71361456183
2444.37926158294
2411.29816750772
2422.73499238344
2635.96911395411
2415.44630205783
2499.05624637959
2322.08598779337
2545.89236536116
2388.41935391477
2398.48200587112
2241.49812495136
2480.19717164340
2259.35529985439
2407.18506850044
2596.78577569860
2405.97583274214
2425.03520188589
2280.58913542054
2326.00521686359
2366.93816538060
2470.49965114718
2328.35534041153
2396.47513041044
2505.67541837934
2487.17179144005
2297.16869846070
2284.22407441283
2441.87563249193
2498.07229121932
2619.83670401514
2451.47255813372
2430.21227128584
2394.86439645061
2594.28390030658
2376.22439086733
2555.86084078269
2281.31245729378
2338.60469788123
2460.02024211950
2462.18554460950
2374.43820894269
2554.42956024446
2625.74346391468
2337.84303289094
2560.21349958979
2528.19148089804
2363.47302253140
2471.32787134125
2514.42895829600
2293.27414943922
2551.85439882189
2399.79874826069
2351.14249224252
2481.21940666838
2359.11872621540
2348.04180176923
2548.23598294111
2343.15931137634
2436.77803869868
2526.09846638250
2444.68425412988
2537.10331554317
2672.51914283443
2455.10310510225
2418.36574739207
2213.96254998663
2457.65577101278
2224.20462430209
2341.81848868419
2404.91283199701
2649.18799949463
2518.43982556520
2422.11272670134
2556.31243661823
2160.13457023070
2604.02504215812
2424.27514351535
2466.45626874516
2323.80732978760
2458.32786981398
2377.76471802139
2337.71902365739
2372.96397143285
2483.84052708220
2333.04961577722
2350.21739695143
2281.67704755317
2332.80424476603
2345.22400976323
2413.84567787473
2363.04408357940
2402.80513500637
2314.14059992239
2242.74669345493
2403.63637699239
2373.54614713758
2533.34771770153
2301.96674604312
2450.62160834422
2372.73620161009
2265.76981175903
2365.39301272836