最优解为:2372.5846
最优解路径:

Best_route =

  1 至 24 列

    13    14    11    12    31    32    27    28     3     4     0     0     0     0     0     0     0     0     0     0     0     0     0     0
    39    40     7     8     5     6    37    38    35    36     0     0     0     0     0     0     0     0     0     0     0     0     0     0
    19    20    25    26    33    34     9    10    17    18     0     0     0     0     0     0     0     0     0     0     0     0     0     0
    15    16    21    22     1     2    23    24    29    30     0     0     0     0     0     0     0     0     0     0     0     0     0     0
     0     0     0     0     0     0     0     0     0     0     0     0     0     0     0     0     0     0     0     0     0     0     0     0

  25 至 41 列

     0     0     0     0     0     0     0     0     0     0     0     0     0     0     0     0     0
     0     0     0     0     0     0     0     0     0     0     0     0     0     0     0     0     0
     0     0     0     0     0     0     0     0     0     0     0     0     0     0     0     0     0
     0     0     0     0     0     0     0     0     0     0     0     0     0     0     0     0     0
     0     0     0     0     0     0     0     0     0     0     0     0     0     0     0     0     0

本次运算用时:122.15秒
算法在第118代时收敛

best
2395.75255400798
2395.75255400798
2395.75255400798
2395.75255400798
2395.75255400798
2395.75255400798
2395.75255400798
2395.75255400798
2392.04045256585
2392.04045256585
2391.63644243042
2391.63644243042
2387.57594343327
2387.57594343327
2384.07430761601
2384.07430761601
2384.07430761601
2384.07430761601
2384.07430761601
2381.49469672818
2381.49469672818
2380.98491352057
2380.98491352057
2380.98491352057
2380.98491352057
2380.98491352057
2380.98491352057
2380.98491352057
2380.98491352057
2380.98491352057
2380.98491352057
2380.98491352057
2380.66264857545
2380.66264857545
2380.66264857545
2380.66264857545
2380.66264857545
2380.44962543114
2380.44962543114
2380.44962543114
2375.77770797607
2375.77770797607
2375.77770797607
2375.32147855882
2375.32147855882
2375.32147855882
2375.32147855882
2375.32147855882
2375.32147855882
2375.32147855882
2375.32147855882
2375.32147855882
2375.32147855882
2375.32147855882
2375.21418136440
2375.21418136440
2375.21418136440
2375.21418136440
2375.21418136440
2375.21418136440
2375.21418136440
2375.21418136440
2375.21418136440
2375.21418136440
2375.21418136440
2375.21418136440
2375.21418136440
2375.04842681350
2375.04842681350
2375.04842681350
2375.04842681350
2375.04842681350
2375.04842681350
2375.04842681350
2375.04842681350
2375.04842681350
2375.04842681350
2375.04842681350
2372.71997242841
2372.71997242841
2372.71997242841
2372.71997242841
2372.71997242841
2372.71997242841
2372.71997242841
2372.71997242841
2372.71997242841
2372.71997242841
2372.71997242841
2372.71997242841
2372.71997242841
2372.71997242841
2372.71997242841
2372.71997242841
2372.71997242841
2372.71997242841
2372.71997242841
2372.71997242841
2372.71997242841
2372.71997242841
2372.71997242841
2372.71997242841
2372.71997242841
2372.71997242841
2372.71997242841
2372.71997242841
2372.71997242841
2372.71997242841
2372.71997242841
2372.71997242841
2372.71997242841
2372.71997242841
2372.71997242841
2372.71997242841
2372.71997242841
2372.71997242841
2372.71997242841
2372.58461036474
2372.58461036474
2372.58461036474
2372.58461036474
2372.58461036474
2372.58461036474
2372.58461036474
2372.58461036474
2372.58461036474
2372.58461036474
2372.58461036474
2372.58461036474
2372.58461036474
2372.58461036474
2372.58461036474
2372.58461036474
2372.58461036474
2372.58461036474
2372.58461036474
2372.58461036474
2372.58461036474
2372.58461036474
2372.58461036474
2372.58461036474
2372.58461036474
2372.58461036474
2372.58461036474
2372.58461036474
2372.58461036474
2372.58461036474
2372.58461036474
2372.58461036474
2372.58461036474
2372.58461036474
2372.58461036474
2372.58461036474
2372.58461036474
2372.58461036474
2372.58461036474
2372.58461036474
2372.58461036474
2372.58461036474
2372.58461036474
2372.58461036474
2372.58461036474
2372.58461036474
2372.58461036474
2372.58461036474
2372.58461036474
2372.58461036474
2372.58461036474
2372.58461036474
2372.58461036474
2372.58461036474
2372.58461036474
2372.58461036474
2372.58461036474
2372.58461036474
2372.58461036474
2372.58461036474
2372.58461036474
2372.58461036474
2372.58461036474
2372.58461036474
2372.58461036474
2372.58461036474
2372.58461036474
2372.58461036474
2372.58461036474
2372.58461036474
2372.58461036474
2372.58461036474
2372.58461036474
2372.58461036474
2372.58461036474
2372.58461036474
2372.58461036474
2372.58461036474
2372.58461036474
2372.58461036474
2372.58461036474
2372.58461036474
2372.58461036474
2372.58461036474
2372.58461036474
2372.58461036474
2372.58461036474
2372.58461036474
2372.58461036474
2372.58461036474
2372.58461036474
2372.58461036474
2372.58461036474
2372.58461036474
2372.58461036474
2372.58461036474
2372.58461036474
2372.58461036474
2372.58461036474
2372.58461036474
2372.58461036474
2372.58461036474
2372.58461036474
2372.58461036474
2372.58461036474
2372.58461036474
2372.58461036474
2372.58461036474
2372.58461036474
2372.58461036474
2372.58461036474
2372.58461036474
2372.58461036474
2372.58461036474
2372.58461036474
2372.58461036474
2372.58461036474
2372.58461036474
2372.58461036474
2372.58461036474
2372.58461036474
2372.58461036474
2372.58461036474
2372.58461036474
2372.58461036474
2372.58461036474
2372.58461036474
2372.58461036474
2372.58461036474
2372.58461036474
2372.58461036474
2372.58461036474
2372.58461036474
2372.58461036474
2372.58461036474
2372.58461036474
2372.58461036474
2372.58461036474
2372.58461036474
2372.58461036474
2372.58461036474
2372.58461036474
2372.58461036474
2372.58461036474
2372.58461036474
2372.58461036474
2372.58461036474
2372.58461036474
2372.58461036474
2372.58461036474
2372.58461036474
2372.58461036474
2372.58461036474
2372.58461036474
2372.58461036474
2372.58461036474
2372.58461036474
2372.58461036474
2372.58461036474
2372.58461036474
2372.58461036474
2372.58461036474
2372.58461036474
2372.58461036474
2372.58461036474
2372.58461036474
2372.58461036474
2372.58461036474
2372.58461036474
2372.58461036474
2372.58461036474
2372.58461036474
2372.58461036474
2372.58461036474
2372.58461036474
2372.58461036474
2372.58461036474
2372.58461036474
2372.58461036474
2372.58461036474
2372.58461036474
2372.58461036474
2372.58461036474
2372.58461036474
2372.58461036474
2372.58461036474
2372.58461036474
2372.58461036474
2372.58461036474
2372.58461036474
2372.58461036474
2372.58461036474
2372.58461036474
2372.58461036474
2372.58461036474
2372.58461036474
2372.58461036474
2372.58461036474
2372.58461036474
2372.58461036474
2372.58461036474
2372.58461036474
2372.58461036474
2372.58461036474
2372.58461036474
2372.58461036474
2372.58461036474
2372.58461036474
2372.58461036474
2372.58461036474
2372.58461036474
2372.58461036474
2372.58461036474
2372.58461036474
2372.58461036474
2372.58461036474
2372.58461036474
2372.58461036474
2372.58461036474
2372.58461036474
2372.58461036474
2372.58461036474
2372.58461036474
2372.58461036474
2372.58461036474
2372.58461036474
2372.58461036474
2372.58461036474
2372.58461036474
2372.58461036474
2372.58461036474
2372.58461036474
2372.58461036474
2372.58461036474
2372.58461036474
2372.58461036474
2372.58461036474
2372.58461036474
2372.58461036474
2372.58461036474
2372.58461036474
2372.58461036474
2372.58461036474
2372.58461036474
2372.58461036474
2372.58461036474
2372.58461036474
2372.58461036474
2372.58461036474
2372.58461036474
2372.58461036474
2372.58461036474
2372.58461036474
2372.58461036474
2372.58461036474
2372.58461036474
2372.58461036474
2372.58461036474
2372.58461036474
2372.58461036474
2372.58461036474
2372.58461036474
2372.58461036474
2372.58461036474
2372.58461036474
2372.58461036474
2372.58461036474
2372.58461036474
2372.58461036474
2372.58461036474
2372.58461036474
2372.58461036474
2372.58461036474
2372.58461036474
2372.58461036474
2372.58461036474
2372.58461036474
2372.58461036474
2372.58461036474
2372.58461036474
2372.58461036474
2372.58461036474
2372.58461036474
2372.58461036474
2372.58461036474
2372.58461036474
2372.58461036474
2372.58461036474
2372.58461036474
2372.58461036474
2372.58461036474
2372.58461036474
2372.58461036474
2372.58461036474
2372.58461036474
2372.58461036474
2372.58461036474
2372.58461036474
2372.58461036474
2372.58461036474
2372.58461036474
2372.58461036474
2372.58461036474
2372.58461036474
2372.58461036474
2372.58461036474
2372.58461036474
2372.58461036474
2372.58461036474
2372.58461036474
2372.58461036474
2372.58461036474
2372.58461036474
2372.58461036474
2372.58461036474
2372.58461036474
2372.58461036474
2372.58461036474
2372.58461036474
2372.58461036474
2372.58461036474
2372.58461036474
2372.58461036474
2372.58461036474
2372.58461036474
2372.58461036474
2372.58461036474
2372.58461036474
2372.58461036474
2372.58461036474
2372.58461036474
2372.58461036474
2372.58461036474
2372.58461036474
2372.58461036474
2372.58461036474
2372.58461036474
2372.58461036474
2372.58461036474
2372.58461036474
2372.58461036474
2372.58461036474
2372.58461036474
2372.58461036474
2372.58461036474
2372.58461036474
2372.58461036474
2372.58461036474
2372.58461036474
2372.58461036474
2372.58461036474
2372.58461036474
2372.58461036474
2372.58461036474
2372.58461036474
2372.58461036474
2372.58461036474
2372.58461036474
2372.58461036474
2372.58461036474
2372.58461036474
2372.58461036474
2372.58461036474
2372.58461036474
2372.58461036474
2372.58461036474
2372.58461036474
2372.58461036474
2372.58461036474
2372.58461036474
2372.58461036474
2372.58461036474
2372.58461036474
2372.58461036474
2372.58461036474
2372.58461036474
2372.58461036474
2372.58461036474
2372.58461036474
2372.58461036474
2372.58461036474
2372.58461036474
2372.58461036474

ave
2784.13331799679
2769.53960367367
2772.63293964046
2817.24195771858
2762.52923821974
2796.19862624875
2873.38360042138
2845.28041455803
2783.98128333442
2823.01922235811
2837.01465325661
2775.94623364927
2878.58538491754
2765.55353975642
2882.87372230627
2813.00472215532
2724.75540050211
2831.50229553782
2912.66898652645
2779.48200898752
2782.93622850426
2823.14190477921
2960.70069323565
2878.46367191889
2949.29299384269
2903.88382409082
2825.36050827369
2812.62983022336
2836.60168372990
2787.50127386427
2796.51269119619
2869.07708885226
2815.64428398160
2915.83425336402
2733.57017273312
2913.91847335095
2791.54199218266
2822.40807322680
2916.79270031223
2850.24589595223
2798.22743413942
2889.36217354606
2846.25745490218
2835.82060336184
2750.04633630473
2865.30619177291
2801.64688103902
2739.40217552317
2798.79588293256
2719.54949626122
2949.20503976822
2889.41336630148
2774.91626175658
2859.86749456674
2785.52234873415
2766.22034091944
2795.75745281410
2745.82291256170
2818.66443934899
2814.97746086881
2758.01824962133
2934.92158650427
2701.82684913582
2876.82840059467
2846.40924228292
2895.35413233788
2856.92542757356
2870.14493394666
2697.18987273266
2812.06248755844
2747.74789551148
2853.99751445704
2809.52977968518
2729.75182294128
2892.24668435950
2760.53326312949
2869.73168841547
2776.07601238390
2673.15511412115
2735.82308496235
2795.04730336587
2735.70766696069
2692.73523244403
2621.05800830507
2652.90536905716
2816.59254434397
2957.14220518801
2805.36968621596
2701.98878264517
2721.48017380498
2812.26781326000
2721.60750569515
2703.77107159285
2828.13719411765
2865.48297659010
2652.06908778529
2734.64418038868
2719.56356486262
2602.60293921751
2818.12578280248
2715.02128153267
2909.09647982722
2808.92449692954
2777.19664024184
2797.53013617940
2646.17443545128
2765.04397678920
2868.90342137573
2769.37251952005
2719.12860137838
2867.01278825614
2759.05080900263
2723.66091920069
2856.37036246474
2691.81261716351
2818.49397756423
2742.01282622175
2630.28601228072
2962.98995084757
3031.49739330486
2734.48667767717
2898.54422917012
2809.73678154141
2853.83515732317
2916.42583712434
2776.51682808516
2810.51117046115
2822.10977188897
2704.34945785946
2786.87241805473
2852.30694540545
2840.54349551066
2746.32009544500
2721.59483280581
2840.02114602873
2724.19954671635
2771.07804855126
3034.24363831525
2802.12713297815
2757.35199575042
2971.79328037595
2929.90763785765
2710.02910751066
2720.88865233744
2819.64960142516
2686.38538138053
2946.00294692876
2800.79822493598
2717.70034910842
2786.27995273053
2662.80187148286
2846.87511083640
2649.96942986443
2762.80458340642
2700.54535220422
2811.81109310978
2853.93464503486
2767.58496690848
2794.61563944321
2819.59675269654
2737.23497343301
2823.68801872413
2904.22970771450
2768.93144067007
2669.46950780159
2842.66379857603
2763.80366341805
2801.76557649127
2657.73911829436
2622.76203414335
2880.54500971935
2702.64829551075
2758.40323050041
2745.43361172969
2738.92679052021
2664.98906398763
2736.55301299574
2584.66204528293
2788.12821791701
2711.75720637613
2706.00113260617
2730.41049399927
2778.33636366727
2769.54052433246
2770.57408727701
2787.76601435691
2821.80723606094
2707.07370105177
2781.56369431142
2704.20967559537
2724.78931574805
2753.71239786361
2746.12492633368
2887.32469842392
2765.20539941642
2826.11357337942
2773.28074415995
2827.81108603286
2758.95780680673
2802.83932638105
2842.86186915696
2761.99464207542
2783.57214042942
2833.45490213657
2724.44633952778
2713.56520127855
2762.65520412201
2862.35399118940
2841.71099975674
2693.67815051496
2788.72704340115
2788.87327659856
2747.57407938265
2791.71477663711
2711.71750933031
2805.05114428032
2705.93354877399
2742.58294886055
2782.14112629439
2826.08520833142
2952.22674235214
2844.95410858401
2746.86230082000
2808.79350835267
2854.85894041882
2771.10870655662
2873.32818420663
2794.45179500930
2879.12609529058
2746.68952228669
2870.95195142971
2790.25346326709
2711.90605800091
2846.20971616879
2788.62044336039
2665.00975183140
2688.04944800402
2761.99267196645
2920.43449115915
2793.82213207377
2661.39650555735
2832.55155406147
2757.80267806797
2844.33041062620
2699.63759922212
2900.27669080285
2748.17663370024
2613.27341428845
2868.13070188390
2681.69190101091
2720.92381871159
2907.60690122112
2663.95559304693
2771.55676961147
2673.17762013646
2648.34621865867
2660.63581731782
2793.38834895464
2830.16276425156
2749.97249162885
2734.47569839384
2796.12443252092
2613.16527414008
2795.45388781866
2787.79043450368
2731.29952560909
2623.88461884952
2731.59428135740
2726.85981361934
2755.33745993490
2671.83410822476
2762.92683857580
2784.93235044858
2812.99569030139
2814.37569921433
2734.40860151025
2742.07814886507
2760.73277345119
2700.10536600941
2765.78944285795
2783.24424928227
2909.19838199098
2911.36137032003
2728.54737467312
2611.43525896478
2696.15805975647
2753.15570030384
2656.83329961582
2920.32369754798
2865.80075769894
2849.44223984241
2695.70642404054
2744.05093085646
2816.01228809904
2705.43286774062
2731.49768838100
2853.17755931976
2733.06002913470
2806.39520284258
2719.31090752819
2874.12565516149
2779.36527337526
2960.30097638331
2683.02280443987
2797.52451697172
2759.70509473386
2874.19613677603
2697.93518967655
2739.56433360785
2721.82222049780
2878.57544271979
2726.14606223751
2807.63965024361
2789.18757613129
2830.75243542916
2735.53226431088
2816.68907442394
2803.09909262530
2965.41444924419
2872.96083777222
2919.41549836334
2859.09948807807
2784.83168778983
2992.39672906253
2894.72648142376
2778.69994810953
2628.89854527020
2645.62786304896
2706.42683632676
2889.92125491618
2727.09272321976
2738.33971772699
2850.37062820903
2779.00546248630
2839.33571350183
2766.73042305404
2721.10414043592
2690.39910831392
2822.66352008577
2679.94223647073
2714.78062140125
2724.70791337438
2790.18251550659
2836.50686799445
2879.58696036089
2929.60046359800
2689.12416516849
2676.34004325783
2781.92273741508
2725.95019830899
2930.03389660799
2720.00038738144
2833.53530390252
2812.11599232616
2706.52286578819
2681.44933251517
2889.08180632100
2919.69346495143
2728.22029459537
2737.72776877777
2896.39002661028
2783.63300881534
2840.28355229553
2817.85218753297
2733.96448775787
2701.68136585863
2766.29194808217
2808.49438378628
2594.87467414929
2800.05417761386
2691.71230583801
2858.51148617906
2759.01885573841
2747.60035044139
2936.07930186479
2753.28376478816
2715.93277565893
2778.81388768695
2860.46514212188
2729.83049170578
2921.83441835156
2729.91654369921
2840.45940898821
2766.12520215959
2735.37848397414
2757.67567846655
2717.41319554432
2796.31793539893
2741.67925720432
2784.88259702500
2657.47053053002
2891.51536718333
2768.58427844115
2765.57344929847
2756.49759258091
2637.06349326094
2779.51039482821
2836.44007863188
2833.01688049007
2806.89881124200
2761.36476428111
2668.84850340913
2756.60996815151
2759.91718125152
2771.71640870934
2854.13880381651
2740.65770220990
2724.76291408607
2898.44820019303
2839.78582693112
2800.21504689161
2971.13093489259
2847.15667252043
2729.08070136403
2790.21233800114
2877.63903985617
2713.29829077482
3005.94390663047
2705.31644983257
2867.69787511593
2849.22987646431
2826.58849939152
2715.35938801479
2780.12140167055
2965.98344182715
2776.74135169455
2884.65671846788
2798.27317295601
2790.56258418246
2732.46118316576
2798.10297167758
2714.31992576847
2747.95073441650
2693.33976628699
2813.44294484188
2810.44647162004
2728.77017832940
2845.56455116638
2813.48985430775
2876.13272645016
2833.13843220740
2808.30678641919
2727.88042236478
2651.79892453036
2855.67307212312
2799.45460619767
2702.01911586193
2841.24054645358
2645.50889709639
2872.33461214611
2805.45105052111
2782.64742800201
2745.69909888656
2964.78682160516
2785.59378108546
2803.15301849181
2795.73662327301
2831.00792606747
2757.04997625451
2759.74436336451
2698.17728875091
2691.72799820951
2721.53380397242
2827.44653725477
2727.69595950760
2833.27839221653
2717.80364959801
2799.25713607351
2654.79589924769
2740.52728494828
2616.64436165521
2985.62868923338
2852.04913746498
2777.57388159748
2705.84120940238
2839.85467276575
2793.07682234227
2860.86886256338
2811.12338710638
2801.39671201547
2764.40249497111
2773.39311642120
2642.63474758676
2735.19038856042
2655.46225167323
2958.72898161692
2633.85848078562
2722.45172822947
2728.98582459853
2729.46469991942
2702.19617443196
2666.36051844867
2778.23842773496
2864.61538520124
2759.93907657172
2758.61466499908
2783.27971776700
2904.80664913578
2850.83953906747
2721.26722819700