最优解为:1037.513
最优解路径:

Best_route =

  1 至 24 列

     0     0     0     0     0     0     0     0     0     0     0     0     0     0     0     0     0     0     0     0     0     0     0     0
     0     0     0     0     0     0     0     0     0     0     0     0     0     0     0     0     0     0     0     0     0     0     0     0
     0     0     0     0     0     0     0     0     0     0     0     0     0     0     0     0     0     0     0     0     0     0     0     0
     0     0     0     0     0     0     0     0     0     0     0     0     0     0     0     0     0     0     0     0     0     0     0     0
     0     0     0     0     0     0     0     0     0     0     0     0     0     0     0     0     0     0     0     0     0     0     0     0
     0     0     0     0     0     0     0     0     0     0     0     0     0     0     0     0     0     0     0     0     0     0     0     0
     0     0     0     0     0     0     0     0     0     0     0     0     0     0     0     0     0     0     0     0     0     0     0     0
     0     0     0     0     0     0     0     0     0     0     0     0     0     0     0     0     0     0     0     0     0     0     0     0
     0     0     0     0     0     0     0     0     0     0     0     0     0     0     0     0     0     0     0     0     0     0     0     0
     0     0     0     0     0     0     0     0     0     0     0     0     0     0     0     0     0     0     0     0     0     0     0     0
    19    17    48    10    50     4    47    18    42    55    49    53    45     6     5    28    58    31     0     0     0     0     0     0
     0     0     0     0     0     0     0     0     0     0     0     0     0     0     0     0     0     0     0     0     0     0     0     0
     0     0     0     0     0     0     0     0     0     0     0     0     0     0     0     0     0     0     0     0     0     0     0     0
     0     0     0     0     0     0     0     0     0     0     0     0     0     0     0     0     0     0     0     0     0     0     0     0
    33    16    46    36    24     3     9    22    34     1    43    57    51    26    56    30    59    60    13    39    12    40    38    32
     0     0     0     0     0     0     0     0     0     0     0     0     0     0     0     0     0     0     0     0     0     0     0     0
     0     0     0     0     0     0     0     0     0     0     0     0     0     0     0     0     0     0     0     0     0     0     0     0
     0     0     0     0     0     0     0     0     0     0     0     0     0     0     0     0     0     0     0     0     0     0     0     0
     0     0     0     0     0     0     0     0     0     0     0     0     0     0     0     0     0     0     0     0     0     0     0     0
     0     0     0     0     0     0     0     0     0     0     0     0     0     0     0     0     0     0     0     0     0     0     0     0
    23    20     7    11    37    41    21    27    14    15    29     0     0     0     0     0     0     0     0     0     0     0     0     0

  25 至 48 列

     0     0     0     0     0     0     0     0     0     0     0     0     0     0     0     0     0     0     0     0     0     0     0     0
     0     0     0     0     0     0     0     0     0     0     0     0     0     0     0     0     0     0     0     0     0     0     0     0
     0     0     0     0     0     0     0     0     0     0     0     0     0     0     0     0     0     0     0     0     0     0     0     0
     0     0     0     0     0     0     0     0     0     0     0     0     0     0     0     0     0     0     0     0     0     0     0     0
     0     0     0     0     0     0     0     0     0     0     0     0     0     0     0     0     0     0     0     0     0     0     0     0
     0     0     0     0     0     0     0     0     0     0     0     0     0     0     0     0     0     0     0     0     0     0     0     0
     0     0     0     0     0     0     0     0     0     0     0     0     0     0     0     0     0     0     0     0     0     0     0     0
     0     0     0     0     0     0     0     0     0     0     0     0     0     0     0     0     0     0     0     0     0     0     0     0
     0     0     0     0     0     0     0     0     0     0     0     0     0     0     0     0     0     0     0     0     0     0     0     0
     0     0     0     0     0     0     0     0     0     0     0     0     0     0     0     0     0     0     0     0     0     0     0     0
     0     0     0     0     0     0     0     0     0     0     0     0     0     0     0     0     0     0     0     0     0     0     0     0
     0     0     0     0     0     0     0     0     0     0     0     0     0     0     0     0     0     0     0     0     0     0     0     0
     0     0     0     0     0     0     0     0     0     0     0     0     0     0     0     0     0     0     0     0     0     0     0     0
     0     0     0     0     0     0     0     0     0     0     0     0     0     0     0     0     0     0     0     0     0     0     0     0
    52     2     8    35    54    25    44     0     0     0     0     0     0     0     0     0     0     0     0     0     0     0     0     0
     0     0     0     0     0     0     0     0     0     0     0     0     0     0     0     0     0     0     0     0     0     0     0     0
     0     0     0     0     0     0     0     0     0     0     0     0     0     0     0     0     0     0     0     0     0     0     0     0
     0     0     0     0     0     0     0     0     0     0     0     0     0     0     0     0     0     0     0     0     0     0     0     0
     0     0     0     0     0     0     0     0     0     0     0     0     0     0     0     0     0     0     0     0     0     0     0     0
     0     0     0     0     0     0     0     0     0     0     0     0     0     0     0     0     0     0     0     0     0     0     0     0
     0     0     0     0     0     0     0     0     0     0     0     0     0     0     0     0     0     0     0     0     0     0     0     0

  49 至 61 列

     0     0     0     0     0     0     0     0     0     0     0     0     0
     0     0     0     0     0     0     0     0     0     0     0     0     0
     0     0     0     0     0     0     0     0     0     0     0     0     0
     0     0     0     0     0     0     0     0     0     0     0     0     0
     0     0     0     0     0     0     0     0     0     0     0     0     0
     0     0     0     0     0     0     0     0     0     0     0     0     0
     0     0     0     0     0     0     0     0     0     0     0     0     0
     0     0     0     0     0     0     0     0     0     0     0     0     0
     0     0     0     0     0     0     0     0     0     0     0     0     0
     0     0     0     0     0     0     0     0     0     0     0     0     0
     0     0     0     0     0     0     0     0     0     0     0     0     0
     0     0     0     0     0     0     0     0     0     0     0     0     0
     0     0     0     0     0     0     0     0     0     0     0     0     0
     0     0     0     0     0     0     0     0     0     0     0     0     0
     0     0     0     0     0     0     0     0     0     0     0     0     0
     0     0     0     0     0     0     0     0     0     0     0     0     0
     0     0     0     0     0     0     0     0     0     0     0     0     0
     0     0     0     0     0     0     0     0     0     0     0     0     0
     0     0     0     0     0     0     0     0     0     0     0     0     0
     0     0     0     0     0     0     0     0     0     0     0     0     0
     0     0     0     0     0     0     0     0     0     0     0     0     0

本次运算用时:1032.772秒
算法在第468代时收敛

best
1429.06500034207
1429.06500034207
1429.06500034207
1429.06500034207
1429.06500034207
1429.06500034207
1429.06500034207
1429.06500034207
1429.06500034207
1415.64523315166
1415.64523315166
1415.64523315166
1415.64523315166
1415.64523315166
1415.64523315166
1409.85102712114
1409.85102712114
1396.14462513553
1396.14462513553
1396.14462513553
1396.14462513553
1396.14462513553
1395.31360375821
1395.31360375821
1390.66772376968
1390.66772376968
1390.66772376968
1390.26431582970
1390.26431582970
1380.95237178139
1380.95237178139
1380.95237178139
1078.76103895827
1078.76103895827
1078.76103895827
1078.76103895827
1078.76103895827
1078.76103895827
1078.76103895827
1078.76103895827
1070.65423448755
1070.65423448755
1070.65423448755
1070.65423448755
1070.65423448755
1070.65423448755
1070.65423448755
1070.65423448755
1070.65423448755
1070.65423448755
1070.65423448755
1070.65423448755
1070.65423448755
1070.65423448755
1063.34552485995
1063.34552485995
1063.34552485995
1063.34552485995
1063.34552485995
1063.34552485995
1063.34552485995
1063.34552485995
1063.34552485995
1063.34552485995
1063.34552485995
1063.34552485995
1063.34552485995
1063.34552485995
1063.34552485995
1063.34552485995
1063.34552485995
1063.34552485995
1063.34552485995
1063.34552485995
1063.34552485995
1063.34552485995
1063.34552485995
1063.34552485995
1063.34552485995
1063.34552485995
1063.34552485995
1063.34552485995
1063.34552485995
1063.34552485995
1063.34552485995
1063.34552485995
1063.34552485995
1063.34552485995
1063.34552485995
1062.99379630322
1062.99379630322
1062.99379630322
1050.24438227059
1050.24438227059
1049.36862298088
1049.36862298088
1049.36862298088
1049.36862298088
1049.36862298088
1049.36862298088
1049.36862298088
1049.36862298088
1049.36862298088
1049.36862298088
1049.36862298088
1049.36862298088
1049.36862298088
1049.36862298088
1049.36862298088
1049.36862298088
1049.36862298088
1049.36862298088
1048.78568094515
1048.78568094515
1048.78568094515
1048.78568094515
1048.78568094515
1048.78568094515
1048.78568094515
1048.78568094515
1048.78568094515
1048.78568094515
1048.78568094515
1048.78568094515
1048.78568094515
1048.78568094515
1048.78568094515
1048.78568094515
1048.78568094515
1048.78568094515
1048.78568094515
1048.78568094515
1048.78568094515
1048.78568094515
1048.78568094515
1048.78568094515
1048.78568094515
1048.78568094515
1048.78568094515
1048.78568094515
1048.78568094515
1048.78568094515
1048.78568094515
1048.78568094515
1048.78568094515
1048.78568094515
1048.78568094515
1048.78568094515
1048.78568094515
1048.78568094515
1048.78568094515
1048.78568094515
1048.78568094515
1048.78568094515
1048.78568094515
1048.78568094515
1048.41304249249
1048.41304249249
1048.41304249249
1048.41304249249
1048.41304249249
1048.41304249249
1048.41304249249
1048.41304249249
1048.41304249249
1048.41304249249
1048.41304249249
1048.41304249249
1048.41304249249
1048.41304249249
1048.41304249249
1048.41304249249
1048.41304249249
1048.41304249249
1048.41304249249
1048.41304249249
1048.41304249249
1048.41304249249
1048.41304249249
1048.41304249249
1048.41304249249
1048.41304249249
1048.41304249249
1048.41304249249
1048.41304249249
1048.41304249249
1048.41304249249
1048.41304249249
1048.41304249249
1048.41304249249
1048.41304249249
1048.41304249249
1048.41304249249
1048.41304249249
1048.41304249249
1048.41304249249
1048.41304249249
1048.41304249249
1048.41304249249
1048.41304249249
1048.41304249249
1048.41304249249
1048.41304249249
1048.41304249249
1048.41304249249
1048.41304249249
1048.41304249249
1048.41304249249
1048.41304249249
1048.41304249249
1048.41304249249
1048.41304249249
1048.41304249249
1048.41304249249
1048.41304249249
1048.41304249249
1048.41304249249
1048.41304249249
1048.41304249249
1048.41304249249
1048.41304249249
1048.41304249249
1048.41304249249
1048.41304249249
1048.41304249249
1048.41304249249
1048.41304249249
1048.41304249249
1048.41304249249
1048.41304249249
1048.41304249249
1048.41304249249
1048.41304249249
1048.41304249249
1048.41304249249
1048.41304249249
1046.15177763865
1046.15177763865
1046.15177763865
1046.15177763865
1046.15177763865
1046.15177763865
1046.15177763865
1046.15177763865
1046.15177763865
1046.15177763865
1046.15177763865
1046.15177763865
1046.15177763865
1046.15177763865
1046.15177763865
1046.15177763865
1046.15177763865
1046.15177763865
1046.15177763865
1046.15177763865
1046.15177763865
1046.15177763865
1046.15177763865
1046.15177763865
1046.15177763865
1046.15177763865
1045.84042126734
1045.84042126734
1045.84042126734
1045.33614010661
1045.22689568426
1045.22689568426
1045.22689568426
1045.22689568426
1045.22689568426
1045.22689568426
1045.22689568426
1045.22689568426
1045.22689568426
1045.22689568426
1045.22689568426
1045.22689568426
1045.22689568426
1045.22689568426
1045.22689568426
1045.22689568426
1045.22689568426
1045.22689568426
1045.22689568426
1045.22689568426
1044.95277511336
1044.95277511336
1044.95277511336
1044.95277511336
1044.95277511336
1044.95277511336
1044.95277511336
1044.41158460793
1044.41158460793
1044.41158460793
1044.41158460793
1044.41158460793
1044.41158460793
1044.41158460793
1044.41158460793
1044.41158460793
1044.41158460793
1044.41158460793
1044.41158460793
1044.41158460793
1044.41158460793
1044.41158460793
1044.41158460793
1044.41158460793
1044.41158460793
1044.41158460793
1044.41158460793
1044.41158460793
1044.41158460793
1044.41158460793
1044.41158460793
1044.41158460793
1044.41158460793
1044.41158460793
1044.41158460793
1044.41158460793
1044.41158460793
1044.41158460793
1044.41158460793
1044.41158460793
1044.41158460793
1044.41158460793
1044.41158460793
1044.41158460793
1044.41158460793
1044.41158460793
1044.41158460793
1044.41158460793
1044.41158460793
1044.41158460793
1044.41158460793
1044.41158460793
1044.41158460793
1044.41158460793
1044.41158460793
1044.41158460793
1044.41158460793
1044.41158460793
1044.41158460793
1044.41158460793
1044.41158460793
1044.41158460793
1044.41158460793
1044.41158460793
1044.41158460793
1044.41158460793
1044.41158460793
1044.41158460793
1044.41158460793
1044.41158460793
1044.41158460793
1044.41158460793
1044.41158460793
1044.41158460793
1044.41158460793
1044.41158460793
1044.41158460793
1044.41158460793
1044.41158460793
1044.41158460793
1044.41158460793
1044.41158460793
1044.41158460793
1044.41158460793
1044.41158460793
1044.41158460793
1044.41158460793
1044.41158460793
1044.41158460793
1044.41158460793
1044.41158460793
1044.41158460793
1044.41158460793
1044.41158460793
1044.10795224462
1044.10795224462
1044.10795224462
1044.10795224462
1044.10795224462
1044.10795224462
1043.45402462664
1043.45402462664
1043.45402462664
1043.45402462664
1043.45402462664
1043.45402462664
1043.45402462664
1043.45402462664
1043.45402462664
1043.45402462664
1043.45402462664
1043.45402462664
1043.45402462664
1043.45402462664
1043.45402462664
1043.45402462664
1043.45402462664
1043.45402462664
1043.45402462664
1043.45402462664
1043.45402462664
1043.45402462664
1043.45402462664
1043.45402462664
1043.45402462664
1043.45402462664
1043.45402462664
1043.45402462664
1043.45402462664
1043.45402462664
1043.45402462664
1043.45402462664
1043.45402462664
1043.45402462664
1043.45402462664
1043.45402462664
1043.45402462664
1043.45402462664
1043.08686715905
1043.08686715905
1043.08686715905
1043.08686715905
1043.08686715905
1043.08686715905
1043.08686715905
1043.08686715905
1043.08686715905
1043.08686715905
1043.08686715905
1043.08686715905
1043.08686715905
1043.08686715905
1043.08686715905
1043.08686715905
1043.08686715905
1043.08686715905
1041.21362872784
1041.21362872784
1041.21362872784
1041.21362872784
1041.21362872784
1041.21362872784
1041.21362872784
1041.21362872784
1040.97315287961
1040.97315287961
1040.97315287961
1040.97315287961
1040.97315287961
1040.97315287961
1039.90402315759
1039.90402315759
1039.90402315759
1039.90402315759
1039.90402315759
1039.90402315759
1039.90402315759
1039.90402315759
1039.90402315759
1039.90402315759
1039.90402315759
1037.51299589085
1037.51299589085
1037.51299589085
1037.51299589085
1037.51299589085
1037.51299589085
1037.51299589085
1037.51299589085
1037.51299589085
1037.51299589085
1037.51299589085
1037.51299589085
1037.51299589085
1037.51299589085
1037.51299589085
1037.51299589085
1037.51299589085
1037.51299589085
1037.51299589085
1037.51299589085
1037.51299589085
1037.51299589085
1037.51299589085
1037.51299589085
1037.51299589085
1037.51299589085
1037.51299589085
1037.51299589085
1037.51299589085
1037.51299589085
1037.51299589085
1037.51299589085
1037.51299589085

ave
2011.15867966033
2027.50629370484
2022.10272848011
1934.05759162739
2034.69078344517
1876.30321707836
2040.32231153710
1979.70486723261
2152.41210015828
2004.07693218864
2137.07630805338
2163.08827323720
2066.93281078492
2028.45582355810
2040.17032574628
1973.77094446732
1986.78804835372
2144.25404366736
2083.05872417775
2205.45933882731
2074.69452642298
1967.51394263484
2083.30880788921
2234.47202808164
2018.71422635585
2175.74484066318
2210.83475977737
2088.53767481763
2179.51506748903
1940.67875161132
2185.34281275668
2276.73996138751
2131.37997886242
2112.30771810742
2163.78098359964
1930.34783370181
2152.26700904093
2178.00243204056
1886.77445239666
2205.40149395294
2067.19887602470
2065.99409909941
2065.65365967238
1992.39133038965
2140.19536009625
1974.28431454642
1971.07747335416
2000.95882359944
2066.26611757809
2131.34770232623
1949.11915085971
2087.25083728573
2061.99299266897
2042.97895500080
1992.69442215284
1965.94621404966
1901.86833637552
2007.37889471968
1949.42635322291
1855.04980830592
1931.02238305833
2008.10588767662
2080.78605471506
1993.04956182929
1858.37065504086
1991.11641684007
2006.79423598485
1886.28342324680
1947.08269629330
1990.94213117940
1988.98549655665
1810.02866712358
1917.02524016992
1729.15628139049
1821.68671052874
1834.99679232617
1794.93126907532
1745.09963008258
1925.38374646274
1817.92868001884
1758.67747579546
1805.47983493489
1726.89439747501
1617.72384723002
1800.07382065156
1792.59457218791
1683.94182322599
1758.19189130585
1739.33223069102
1590.85086659473
1678.91912711455
1646.69070989604
1644.42696410619
1664.99431395639
1524.74919025102
1530.75795308166
1607.05566165197
1710.20532327392
1464.72694762651
1556.83795934289
1484.17826514327
1481.29599179852
1465.12122649570
1542.72229837474
1389.29629355069
1408.16246079225
1435.97916524025
1436.61509013463
1437.36138525608
1422.88545311691
1409.23914572284
1421.74715994594
1395.72857913470
1346.41216083874
1334.02070823769
1211.40719876420
1273.09883335182
1257.15315266335
1285.74229917197
1337.11948640289
1363.71269600620
1377.54526320205
1256.04453960181
1152.74882222366
1196.71919956122
1223.38160655447
1272.18379905742
1206.79571079106
1192.74495051160
1220.79296478145
1178.55545648207
1146.48371033731
1129.73803672770
1146.76946697978
1149.40903690230
1135.10931000469
1134.40485517764
1188.81361777100
1150.35470676836
1178.10320324178
1164.23049584984
1161.41661520679
1152.46562416879
1147.09431111063
1113.22942144752
1130.60138954396
1161.14659139725
1164.73169564296
1113.32427978994
1174.62486690890
1097.74988399056
1128.20222109789
1162.93952831717
1052.66277613451
1130.76281675981
1096.90434153296
1116.01014008550
1112.56830422994
1129.03300004211
1147.20384668591
1099.65937218292
1112.98570558719
1068.03055204673
1131.66359058444
1106.09937517980
1069.20270017939
1126.04108037264
1111.34120563724
1162.53304382123
1114.45245824717
1082.75626359845
1118.08142025964
1126.45556792698
1113.43457924541
1103.50839945283
1147.34793010197
1148.20308949477
1085.21466329856
1144.42820686984
1177.39657919239
1097.94289478060
1150.79620544225
1134.15066532200
1215.29487049679
1096.24751432625
1190.43668823780
1089.91373579280
1192.37142940765
1160.92869522342
1102.66605862678
1190.98791776141
1128.32459246844
1142.27117836934
1129.30543887105
1098.25910256344
1133.16053122652
1115.90878951920
1113.34973963007
1099.90312519690
1129.04884340766
1113.12355116714
1145.08142302502
1115.57202455887
1084.94632696380
1126.67659996981
1066.38812172201
1085.31697784481
1098.33340902165
1128.58454108106
1083.40888881035
1130.07642076488
1099.67266769611
1129.04169558971
1120.54665730880
1129.46007307200
1127.11770093836
1115.70464890480
1114.61706579927
1114.47376092434
1169.43054689806
1176.08497314121
1116.38110097434
1127.37385099286
1116.59137451518
1114.83989844812
1115.01220147359
1052.97445843649
1129.55669963134
1126.55898931973
1128.81433220858
1100.12774619210
1116.90622836933
1196.71532981561
1223.57970129699
1144.60102105350
1148.66658953580
1130.78889941180
1111.21266973796
1132.52257439635
1113.20652170675
1189.46185909275
1155.89738947393
1100.88504542044
1174.13417365086
1146.90434492671
1138.02004142143
1162.65068992566
1126.77906130770
1112.44895956480
1065.66437595151
1079.58409924112
1112.37650886028
1159.27085214010
1125.47417152943
1115.32583064730
1144.24205997916
1131.61703953385
1142.24129493816
1077.81353071187
1120.85469653381
1133.23674952069
1126.45160534891
1100.30904253651
1116.72535582640
1134.14444793165
1117.70036990349
1119.38476903541
1194.09595584849
1173.74543966319
1110.92410637612
1087.07950719798
1095.69030584975
1206.74414263233
1144.11599834395
1128.78104588294
1130.91039917978
1116.73050130455
1097.08447308125
1141.36205605462
1113.39819278570
1099.47959869197
1253.22580472468
1156.00108669365
1112.70332336519
1110.03752075020
1113.08657542504
1144.42366134981
1093.06934880546
1077.96973419571
1111.83953960605
1109.87190539315
1145.91167387506
1149.71409684237
1096.76511392326
1099.20084953164
1146.03971107631
1171.00987317834
1076.97336415827
1189.73111940691
1135.49263746922
1221.36732801998
1127.56182044717
1077.90580900714
1079.09437043239
1113.87313304850
1154.95433708960
1065.75251744766
1157.12684079218
1124.69653737977
1126.23403144718
1124.75571801609
1144.57888156379
1161.39455847558
1109.20005823850
1115.04474264488
1130.00817040563
1095.62047835087
1107.92112831717
1138.86597137779
1100.42296385905
1171.42484598467
1115.13411924426
1085.38387956338
1094.47073594050
1096.99131867314
1095.97430366489
1220.34050089327
1093.04291753915
1083.87184501543
1094.93819965038
1109.69194110788
1081.31142314233
1144.79357565922
1093.00146015449
1112.83549850997
1078.96203150179
1095.77372555296
1092.72290852541
1112.04187087791
1132.31118906722
1095.62155064815
1146.35513773066
1140.30275514605
1224.10125903715
1118.91639976906
1095.49779800030
1101.71958338344
1115.51965999502
1108.67299810625
1078.46827464450
1128.64228079126
1094.64617529091
1158.83030274931
1142.59529102279
1121.83556995180
1100.35285132413
1141.90805715038
1183.74674206463
1108.83637134141
1139.57370158455
1172.01673128902
1144.19385752506
1116.75042165629
1076.85812261007
1144.84539021173
1097.49524438786
1095.16416707459
1126.34319980423
1114.40352337194
1126.16844567853
1140.73841082124
1125.81397484994
1110.52949631668
1128.17216704250
1203.73916303558
1110.98330550088
1063.88462220172
1111.05833173036
1094.98102971964
1144.85384862032
1110.41692293789
1109.98938437211
1138.98919089916
1126.89948750861
1175.12018983895
1064.29101710010
1128.74516958735
1127.13359625200
1109.79551616743
1078.71647850059
1079.21782006140
1153.72335860834
1105.89800358414
1078.17079816020
1092.40920472275
1094.68452612657
1139.28748454789
1128.58054285652
1138.96757870070
1096.82200233781
1123.74229603259
1080.34112129413
1107.72980343643
1161.51711990160
1123.45629836376
1126.41087229381
1097.31792298440
1136.44867100653
1143.03906444640
1112.14654539847
1159.51064759592
1079.88277197184
1065.27874966322
1078.69124449840
1082.38780201246
1095.54281966711
1064.86252792726
1108.74214807832
1065.91904097822
1141.05515916227
1145.12253636812
1081.18142371053
1110.47006454296
1078.67495280555
1099.75497980965
1185.14784243644
1276.61312748297
1304.09080744760
1215.13986312264
1245.30274301005
1265.07355892332
1274.02312916998
1310.39480769066
1214.06631125715
1184.80949584235
1309.77869262452
1172.04129076236
1215.56869272912
1265.32143919234
1215.06602466505
1307.53337912656
1154.45144500464
1247.87586790601
1297.15340623051
1143.08288583762
1124.40224209897
1152.32186045709
1215.01987275802
1124.68419643459
1139.04296068330
1108.90739679649
1110.62148601543
1092.27445230462
1106.98144095059
1126.99028289037
1150.63326761106
1121.14536665902
1170.00978030769
1075.97594014667
1125.01180338130
1156.38692490759
1124.34040511260
1167.85993500667
1182.61989878411
1136.12930606805
1109.44806754935
1121.82564318127
1111.04157404890
1267.70126853483
1179.30903950169
1105.00333724259
1140.47205253056
1167.78530997829
1076.28843102517
1107.48368691892
1212.97986563436
1152.87955968643
1134.68252450401
1100.74774878219
1106.94912680217
1107.60403050496
1152.24588368666
1153.23871490259
1123.06212144362
1133.35968869338
1091.49428837711
1099.36418375892
1109.36402986837
1106.72478401080
1187.49427168286
1072.36322223904
1185.67219198905
1091.56791305957
1167.11902081378
1126.64581033480
1135.64069491449
1075.85493423172
1117.91781995305
1167.25774106375
1122.29116830634