最优解为:2156.14
最优解路径:

Best_route =

  1 至 24 列

    58    29    27    14    51    57    54    32    38     0     0     0     0     0     0     0     0     0     0     0     0     0     0     0
     0     0     0     0     0     0     0     0     0     0     0     0     0     0     0     0     0     0     0     0     0     0     0     0
     0     0     0     0     0     0     0     0     0     0     0     0     0     0     0     0     0     0     0     0     0     0     0     0
    56    26    20     7    13    39    43    30     9    25     0     0     0     0     0     0     0     0     0     0     0     0     0     0
     0     0     0     0     0     0     0     0     0     0     0     0     0     0     0     0     0     0     0     0     0     0     0     0
     0     0     0     0     0     0     0     0     0     0     0     0     0     0     0     0     0     0     0     0     0     0     0     0
     0     0     0     0     0     0     0     0     0     0     0     0     0     0     0     0     0     0     0     0     0     0     0     0
    23    12    40     8    35     5    21    50    10    34     0     0     0     0     0     0     0     0     0     0     0     0     0     0
     0     0     0     0     0     0     0     0     0     0     0     0     0     0     0     0     0     0     0     0     0     0     0     0
     0     0     0     0     0     0     0     0     0     0     0     0     0     0     0     0     0     0     0     0     0     0     0     0
     0     0     0     0     0     0     0     0     0     0     0     0     0     0     0     0     0     0     0     0     0     0     0     0
     4    42    55    52     2    59    60    22    24     3     0     0     0     0     0     0     0     0     0     0     0     0     0     0
     1    33    16    48    17    19     0     0     0     0     0     0     0     0     0     0     0     0     0     0     0     0     0     0
     0     0     0     0     0     0     0     0     0     0     0     0     0     0     0     0     0     0     0     0     0     0     0     0
     0     0     0     0     0     0     0     0     0     0     0     0     0     0     0     0     0     0     0     0     0     0     0     0
    28    11    37    47    18    46    36    49     0     0     0     0     0     0     0     0     0     0     0     0     0     0     0     0
     0     0     0     0     0     0     0     0     0     0     0     0     0     0     0     0     0     0     0     0     0     0     0     0
    41    53    45     6    15    31    44     0     0     0     0     0     0     0     0     0     0     0     0     0     0     0     0     0
     0     0     0     0     0     0     0     0     0     0     0     0     0     0     0     0     0     0     0     0     0     0     0     0
     0     0     0     0     0     0     0     0     0     0     0     0     0     0     0     0     0     0     0     0     0     0     0     0
     0     0     0     0     0     0     0     0     0     0     0     0     0     0     0     0     0     0     0     0     0     0     0     0

  25 至 48 列

     0     0     0     0     0     0     0     0     0     0     0     0     0     0     0     0     0     0     0     0     0     0     0     0
     0     0     0     0     0     0     0     0     0     0     0     0     0     0     0     0     0     0     0     0     0     0     0     0
     0     0     0     0     0     0     0     0     0     0     0     0     0     0     0     0     0     0     0     0     0     0     0     0
     0     0     0     0     0     0     0     0     0     0     0     0     0     0     0     0     0     0     0     0     0     0     0     0
     0     0     0     0     0     0     0     0     0     0     0     0     0     0     0     0     0     0     0     0     0     0     0     0
     0     0     0     0     0     0     0     0     0     0     0     0     0     0     0     0     0     0     0     0     0     0     0     0
     0     0     0     0     0     0     0     0     0     0     0     0     0     0     0     0     0     0     0     0     0     0     0     0
     0     0     0     0     0     0     0     0     0     0     0     0     0     0     0     0     0     0     0     0     0     0     0     0
     0     0     0     0     0     0     0     0     0     0     0     0     0     0     0     0     0     0     0     0     0     0     0     0
     0     0     0     0     0     0     0     0     0     0     0     0     0     0     0     0     0     0     0     0     0     0     0     0
     0     0     0     0     0     0     0     0     0     0     0     0     0     0     0     0     0     0     0     0     0     0     0     0
     0     0     0     0     0     0     0     0     0     0     0     0     0     0     0     0     0     0     0     0     0     0     0     0
     0     0     0     0     0     0     0     0     0     0     0     0     0     0     0     0     0     0     0     0     0     0     0     0
     0     0     0     0     0     0     0     0     0     0     0     0     0     0     0     0     0     0     0     0     0     0     0     0
     0     0     0     0     0     0     0     0     0     0     0     0     0     0     0     0     0     0     0     0     0     0     0     0
     0     0     0     0     0     0     0     0     0     0     0     0     0     0     0     0     0     0     0     0     0     0     0     0
     0     0     0     0     0     0     0     0     0     0     0     0     0     0     0     0     0     0     0     0     0     0     0     0
     0     0     0     0     0     0     0     0     0     0     0     0     0     0     0     0     0     0     0     0     0     0     0     0
     0     0     0     0     0     0     0     0     0     0     0     0     0     0     0     0     0     0     0     0     0     0     0     0
     0     0     0     0     0     0     0     0     0     0     0     0     0     0     0     0     0     0     0     0     0     0     0     0
     0     0     0     0     0     0     0     0     0     0     0     0     0     0     0     0     0     0     0     0     0     0     0     0

  49 至 61 列

     0     0     0     0     0     0     0     0     0     0     0     0     0
     0     0     0     0     0     0     0     0     0     0     0     0     0
     0     0     0     0     0     0     0     0     0     0     0     0     0
     0     0     0     0     0     0     0     0     0     0     0     0     0
     0     0     0     0     0     0     0     0     0     0     0     0     0
     0     0     0     0     0     0     0     0     0     0     0     0     0
     0     0     0     0     0     0     0     0     0     0     0     0     0
     0     0     0     0     0     0     0     0     0     0     0     0     0
     0     0     0     0     0     0     0     0     0     0     0     0     0
     0     0     0     0     0     0     0     0     0     0     0     0     0
     0     0     0     0     0     0     0     0     0     0     0     0     0
     0     0     0     0     0     0     0     0     0     0     0     0     0
     0     0     0     0     0     0     0     0     0     0     0     0     0
     0     0     0     0     0     0     0     0     0     0     0     0     0
     0     0     0     0     0     0     0     0     0     0     0     0     0
     0     0     0     0     0     0     0     0     0     0     0     0     0
     0     0     0     0     0     0     0     0     0     0     0     0     0
     0     0     0     0     0     0     0     0     0     0     0     0     0
     0     0     0     0     0     0     0     0     0     0     0     0     0
     0     0     0     0     0     0     0     0     0     0     0     0     0
     0     0     0     0     0     0     0     0     0     0     0     0     0

本次运算用时:996.902秒
算法在第446代时收敛

best
2206.95842660281
2196.39622650424
2196.39622650424
2196.39622650424
2196.39622650424
2196.39622650424
2196.39622650424
2184.20030313955
2184.20030313955
2184.20030313955
2184.20030313955
2184.20030313955
2179.18860424004
2179.18860424004
2179.18860424004
2179.18860424004
2179.18860424004
2179.18860424004
2178.35780875241
2178.35780875241
2178.35780875241
2178.35780875241
2167.94044650713
2167.94044650713
2167.94044650713
2167.94044650713
2167.94044650713
2167.94044650713
2167.94044650713
2167.94044650713
2167.94044650713
2167.94044650713
2167.94044650713
2167.94044650713
2167.94044650713
2167.94044650713
2167.94044650713
2167.94044650713
2167.94044650713
2167.94044650713
2167.94044650713
2167.94044650713
2167.94044650713
2167.94044650713
2167.94044650713
2167.94044650713
2167.94044650713
2165.56088853403
2165.56088853403
2165.56088853403
2165.56088853403
2165.56088853403
2165.56088853403
2165.56088853403
2165.56088853403
2165.56088853403
2165.56088853403
2165.56088853403
2165.56088853403
2165.56088853403
2165.56088853403
2165.56088853403
2165.56088853403
2165.56088853403
2165.56088853403
2165.56088853403
2165.56088853403
2165.56088853403
2165.56088853403
2165.56088853403
2165.56088853403
2165.56088853403
2165.56088853403
2165.56088853403
2165.56088853403
2165.56088853403
2165.56088853403
2165.56088853403
2165.56088853403
2165.56088853403
2164.76042867645
2164.76042867645
2164.76042867645
2164.76042867645
2164.76042867645
2164.76042867645
2164.76042867645
2164.76042867645
2164.76042867645
2164.76042867645
2164.76042867645
2164.76042867645
2164.76042867645
2164.76042867645
2164.76042867645
2164.76042867645
2164.76042867645
2164.76042867645
2164.76042867645
2164.76042867645
2164.76042867645
2164.76042867645
2164.76042867645
2164.76042867645
2164.76042867645
2164.76042867645
2164.76042867645
2164.76042867645
2164.76042867645
2164.76042867645
2164.76042867645
2164.76042867645
2164.76042867645
2164.76042867645
2164.76042867645
2164.76042867645
2164.76042867645
2164.76042867645
2164.76042867645
2164.76042867645
2164.76042867645
2164.76042867645
2164.76042867645
2164.76042867645
2164.76042867645
2164.76042867645
2164.76042867645
2164.76042867645
2164.76042867645
2164.76042867645
2164.76042867645
2164.76042867645
2164.76042867645
2164.76042867645
2164.76042867645
2164.76042867645
2164.76042867645
2164.76042867645
2164.76042867645
2164.76042867645
2164.76042867645
2164.76042867645
2164.76042867645
2164.76042867645
2164.76042867645
2164.76042867645
2164.76042867645
2164.76042867645
2164.76042867645
2164.76042867645
2164.76042867645
2164.76042867645
2164.76042867645
2163.20710254981
2163.20710254981
2163.20710254981
2163.20710254981
2160.82794821139
2160.82794821139
2160.82794821139
2160.82794821139
2160.82794821139
2160.82794821139
2160.82794821139
2160.82794821139
2160.82794821139
2160.82794821139
2160.82794821139
2160.82794821139
2160.82794821139
2160.82794821139
2160.82794821139
2160.82794821139
2160.82794821139
2160.82794821139
2160.82794821139
2160.82794821139
2160.82794821139
2160.82794821139
2160.82794821139
2160.82794821139
2160.82794821139
2160.82794821139
2160.82794821139
2160.82794821139
2160.82794821139
2160.82794821139
2160.82794821139
2160.82794821139
2160.82794821139
2160.82794821139
2160.82794821139
2160.82794821139
2160.82794821139
2160.82794821139
2160.82794821139
2160.82794821139
2160.82794821139
2160.82794821139
2160.82794821139
2160.82794821139
2160.82794821139
2160.82794821139
2160.82794821139
2160.82794821139
2160.82794821139
2160.82794821139
2160.82794821139
2160.82794821139
2160.82794821139
2160.82794821139
2160.82794821139
2160.82794821139
2160.82794821139
2160.82794821139
2160.82794821139
2160.82794821139
2160.82794821139
2160.82794821139
2160.82794821139
2160.82794821139
2160.82794821139
2160.82794821139
2160.82794821139
2160.82794821139
2160.82794821139
2160.82794821139
2160.82794821139
2160.82794821139
2160.82794821139
2160.82794821139
2160.82794821139
2160.82794821139
2160.82794821139
2160.82794821139
2160.82794821139
2160.82794821139
2160.82794821139
2160.82794821139
2160.82794821139
2160.82794821139
2160.82794821139
2160.82794821139
2160.82794821139
2160.82794821139
2160.82794821139
2160.82794821139
2160.82794821139
2160.82794821139
2160.82794821139
2160.82794821139
2160.82794821139
2160.82794821139
2160.82794821139
2160.82794821139
2160.82794821139
2160.82794821139
2160.82794821139
2160.82794821139
2160.82794821139
2160.82794821139
2160.82794821139
2160.82794821139
2160.82794821139
2160.82794821139
2160.82794821139
2160.82794821139
2160.82794821139
2160.82794821139
2160.82794821139
2160.82794821139
2160.82794821139
2160.82794821139
2160.82794821139
2160.82794821139
2160.82794821139
2160.82794821139
2160.82794821139
2160.82794821139
2160.82794821139
2160.82794821139
2160.82794821139
2160.82794821139
2160.82794821139
2160.82794821139
2160.82794821139
2160.82794821139
2160.82794821139
2160.82794821139
2160.07022702717
2160.07022702717
2160.07022702717
2160.07022702717
2160.07022702717
2160.07022702717
2160.07022702717
2160.07022702717
2160.07022702717
2160.07022702717
2160.07022702717
2160.07022702717
2160.07022702717
2160.07022702717
2159.48518507581
2159.48518507581
2159.48518507581
2159.48518507581
2159.48518507581
2159.48518507581
2159.48518507581
2159.48518507581
2159.48518507581
2159.48518507581
2159.48518507581
2159.48518507581
2159.48518507581
2159.48518507581
2159.48518507581
2159.48518507581
2159.48518507581
2159.48518507581
2159.48518507581
2159.48518507581
2159.48518507581
2159.48518507581
2159.48518507581
2159.33705890788
2159.33705890788
2159.33705890788
2159.33705890788
2159.33705890788
2159.29539050167
2159.29539050167
2159.29539050167
2159.29539050167
2159.29539050167
2159.29539050167
2159.29539050167
2159.29539050167
2159.29539050167
2159.29539050167
2159.29539050167
2159.29539050167
2159.29539050167
2159.29539050167
2159.29539050167
2159.29539050167
2159.29539050167
2159.29539050167
2159.29539050167
2159.29539050167
2159.29539050167
2159.29539050167
2159.29539050167
2159.29539050167
2159.29539050167
2159.29539050167
2159.29539050167
2159.29539050167
2159.29539050167
2159.29539050167
2159.29539050167
2159.29539050167
2159.29539050167
2159.29539050167
2159.29539050167
2159.29539050167
2159.29539050167
2159.29539050167
2159.29539050167
2159.29539050167
2159.29539050167
2159.29539050167
2159.29539050167
2159.29539050167
2159.29539050167
2159.29539050167
2159.29539050167
2159.29539050167
2159.29539050167
2159.29539050167
2159.29539050167
2159.29539050167
2159.29539050166
2159.29539050166
2159.29539050166
2159.29539050166
2159.29539050166
2159.29539050166
2159.29539050166
2159.29539050166
2159.20045515123
2159.20045515123
2159.20045515123
2159.20045515123
2159.20045515123
2159.20045515123
2159.20045515123
2159.20045515123
2159.20045515123
2159.20045515123
2159.20045515123
2159.20045515123
2159.20045515123
2158.94260109236
2158.94260109236
2158.94260109236
2158.94260109236
2158.94260109236
2158.94260109236
2158.94260109236
2158.94260109236
2158.94260109236
2158.94260109236
2158.94260109236
2158.94260109236
2158.39052402676
2158.39052402676
2158.39052402676
2158.39052402676
2158.39052402676
2158.39052402676
2158.39052402676
2158.39052402676
2158.39052402676
2158.39052402676
2158.39052402676
2158.39052402676
2158.39052402676
2158.39052402676
2158.39052402676
2158.39052402676
2158.17550240249
2158.17550240249
2158.17550240249
2158.17550240249
2158.17550240249
2158.17550240249
2158.17550240249
2158.17550240249
2158.17550240249
2158.17550240249
2158.17550240249
2158.17550240249
2158.17550240249
2156.14004764390
2156.14004764390
2156.14004764390
2156.14004764390
2156.14004764390
2156.14004764390
2156.14004764390
2156.14004764390
2156.14004764390
2156.14004764390
2156.14004764390
2156.14004764390
2156.14004764390
2156.14004764390
2156.14004764390
2156.14004764390
2156.14004764390
2156.14004764390
2156.14004764390
2156.14004764390
2156.14004764390
2156.14004764390
2156.14004764390
2156.14004764390
2156.14004764390
2156.14004764390
2156.14004764390
2156.14004764390
2156.14004764390
2156.14004764390
2156.14004764390
2156.14004764390
2156.14004764390
2156.14004764390
2156.14004764390
2156.14004764390
2156.14004764390
2156.14004764390
2156.14004764390
2156.14004764390
2156.14004764390
2156.14004764390
2156.14004764390
2156.14004764390
2156.14004764390
2156.14004764390
2156.14004764390
2156.14004764390
2156.14004764390
2156.14004764390
2156.14004764390
2156.14004764390
2156.14004764390
2156.14004764390
2156.14004764390

ave
2458.12851898921
2506.21166770327
2422.54986333083
2455.11196178298
2347.32515042557
2343.20057204756
2491.69365828450
2449.34411174931
2415.68864334162
2354.61095323673
2367.61988089162
2412.20755654035
2438.89291636641
2438.78868455604
2419.18887168258
2434.38418500613
2444.12072727034
2490.34727056414
2409.99337434382
2399.40645342384
2428.79709272557
2413.64869400932
2392.78372066480
2363.24403226225
2540.78915861009
2448.79120606735
2479.10187070863
2479.28101708013
2537.13055649249
2465.63934471216
2433.27065311370
2531.80988486273
2569.03834929358
2427.64750852670
2610.04916631113
2623.19824484414
2530.90268574782
2468.59936877203
2487.99743349427
2466.11687122049
2500.28617131529
2497.80717545233
2471.11944138388
2558.71182867460
2644.68111517061
2541.91762815378
2599.05610591695
2460.78866758830
2507.06624579635
2646.02983364855
2538.55637135260
2675.04903162009
2522.11039479641
2582.95326021214
2479.38353558367
2567.75607864177
2462.33499884274
2688.89322709857
2582.74472388750
2568.14435907268
2552.22733833367
2462.44007005874
2463.77125405813
2490.93414814717
2507.51699963686
2492.88659319642
2416.81154533406
2343.26328046971
2491.91296158402
2384.77837129439
2474.68715910803
2356.35022547054
2444.81578982623
2417.52748806158
2435.56043705208
2477.37952912108
2508.04420049068
2448.02558980452
2401.85640973243
2449.18421859656
2311.62682504572
2370.40958446721
2342.06318929838
2384.38640914597
2400.91415551324
2386.95361458962
2339.80512039889
2458.13390183000
2327.61777343145
2401.01530362648
2414.38480017169
2344.36861850630
2445.24231951654
2418.53627449743
2359.11706231593
2472.97636388648
2417.53590023225
2417.73926138259
2372.00672446357
2445.45812207292
2445.20729721980
2430.90988525850
2416.59533700432
2447.29593524480
2549.21932765535
2372.51891932760
2443.52351031283
2341.41165717572
2387.17918141162
2371.06509073537
2493.18710824029
2415.92276668732
2373.18290669874
2370.82211670522
2325.74052496394
2312.04052626538
2327.76843186009
2413.60809750321
2371.46123983442
2355.20202820720
2447.54714234176
2400.98281096065
2383.86389161658
2371.81881879321
2342.70859717746
2383.68295480316
2310.68984427496
2427.03683264859
2296.27007358700
2412.74486964569
2384.90197205567
2354.49871072885
2355.38110384442
2324.66793002416
2400.06135081594
2353.84127910554
2297.41150727377
2339.82263687731
2310.36665311242
2339.13969960069
2313.16141680479
2294.99001672310
2341.36329338575
2371.10194286161
2293.80454043027
2251.40741404087
2312.51376359883
2294.60310740914
2251.52841456692
2263.96394517580
2296.00016339017
2322.99173017454
2221.91771385844
2278.00858701481
2250.78985847632
2250.64459500963
2231.96114516474
2233.27486202561
2277.78593640415
2295.33228212008
2234.47130633619
2235.04078881909
2307.27226420698
2234.95974192416
2234.67148775732
2231.02412630064
2215.64457285469
2217.50845119400
2217.02012921067
2201.36740018369
2202.09595856164
2214.52384588508
2214.29631073255
2216.71942243649
2258.65784369595
2187.27176365976
2200.18884495787
2215.00202316315
2215.52992187114
2200.66770182814
2186.47537674888
2200.81319792031
2171.97582540593
2233.45890444757
2228.36506853892
2213.96712252588
2199.98599260910
2198.65114695874
2182.86264156403
2216.24735670758
2170.53481556561
2184.26162245366
2185.54843242601
2215.77881757494
2214.27784176670
2198.92599285769
2215.02476713680
2185.10604122591
2168.56478300914
2215.52630631866
2186.71655721544
2184.03041370269
2227.74912946830
2216.95589155517
2214.00531759169
2215.58162903574
2183.50899899852
2228.91861104560
2213.58214192634
2200.38375608260
2196.01120289930
2197.87649377091
2170.66413089686
2183.63800995311
2214.19003407964
2197.77678979827
2202.26734131919
2214.69035322955
2184.71836794979
2211.43910202914
2199.58832014461
2213.23474377891
2198.85695064805
2200.41830991738
2215.65345032969
2184.22275639883
2228.60449431850
2229.56199858828
2181.75631063195
2166.98294949615
2203.54846801213
2182.45102854404
2182.02437444050
2181.65936734912
2168.54405125567
2170.30245654979
2245.70488020571
2197.83524502533
2245.11660148242
2214.12104277227
2243.84942484687
2199.25152668353
2213.38408138508
2181.24862864571
2199.32732947546
2227.15625623123
2198.50556569004
2217.73125423977
2183.65671035748
2260.48804587150
2197.43053306149
2244.11192964356
2213.74869394316
2198.76806738761
2181.47087091612
2214.89179784565
2199.76120201840
2195.31434888880
2210.92721767860
2199.35332413740
2197.91295479990
2228.38513802731
2212.13286391412
2181.70342304510
2257.99862127072
2197.77988712616
2197.47756781198
2195.27253306007
2180.74330174048
2210.87596054805
2182.55285826778
2214.41605869833
2195.80000606736
2196.74067688098
2180.18316336042
2212.20280109187
2195.51291716764
2194.84361285321
2258.12609318260
2199.17820722959
2212.96383636749
2228.51609800664
2182.27865582662
2179.61027456400
2181.32502045508
2180.06158421076
2194.55126116135
2228.79459950826
2243.92807363561
2211.46295099285
2257.08495195521
2180.87947028241
2195.10276005453
2212.68940169943
2182.64567047984
2225.56153092485
2182.75775150683
2257.10992964516
2225.68170242786
2226.20525980869
2271.07610054098
2169.09778492267
2226.16566441097
2226.18803017083
2290.56464484515
2229.66352184356
2228.54112423348
2272.92299105283
2220.19368599222
2261.69053110435
2228.91297349646
2241.92753048408
2229.06622815587
2273.86166312807
2258.47977239098
2243.25606114424
2196.13942899824
2258.80013044240
2305.11672757856
2229.16996969613
2200.40730202239
2258.46455109040
2213.48967061292
2211.17100578366
2227.76933188677
2183.40837685390
2241.36106936673
2245.06514139264
2226.12935867537
2301.58576711203
2286.81997322513
2241.83016333724
2184.03987002940
2330.68116598960
2273.07304448589
2271.20832427947
2239.81597065960
2212.89957469522
2359.31817866456
2256.53005078382
2268.93390206057
2269.42924170701
2254.44202404464
2300.58336480289
2285.63672568857
2328.18290772531
2238.76059642220
2329.90614674345
2314.36965726442
2267.70981636057
2253.12936573243
2270.17393436828
2272.24670517507
2224.97694833907
2270.98847638092
2328.48979917753
2224.15364964617
2270.16525877844
2270.76774330166
2226.25562648608
2241.03841686654
2237.67544738201
2196.12307412394
2268.45353101822
2238.71684684694
2213.63071608070
2179.49695412259
2177.53410445421
2224.36994479780
2180.04128988624
2194.72005541716
2180.27874544824
2256.08034914786
2193.94539726060
2225.16418026344
2167.84999233400
2205.74018832130
2270.95723349160
2178.69193697124
2211.15793043763
2253.57589774495
2209.37386399728
2209.02296818810
2208.29692270394
2164.84857715159
2271.13254255541
2283.20899516216
2208.59574747994
2222.99943460945
2224.74593188380
2179.22246960275
2193.22188934177
2178.76595758119
2209.45127875066
2224.60573219447
2210.70207355296
2163.38787531005
2179.56417011900
2195.42129283674
2225.54449636123
2177.36350375980
2211.65186984610
2195.28502422504
2239.55212146218
2164.75751832735
2240.82027535821
2210.14874194477
2241.37782264248
2258.26590800929
2197.40250166730
2267.25286438573
2195.69565827072
2300.41165048084
2191.37954508057
2224.66122027752
2253.44389876660
2221.56275167159
2268.51673532508
2254.91296886776
2287.86135897142
2286.39740310838
2177.69839764497
2224.40886560599
2208.81323962717
2252.96837659932
2272.75008474818
2224.15105970625
2259.08841746777
2238.93896992733
2185.54360480384
2212.24648218254
2243.09209941239
2191.95343917163
2194.72843170191
2255.19715634157
2240.89381548222
2223.45159343429
2223.29395540467
2210.18076215525
2226.32031528948
2193.95866803823
2163.61001900082
2192.29964718174
2209.02481803130
2270.44114679236
2225.83709982313
2192.75992316455
2197.38765694814
2223.93837864771
2244.00343953636
2180.59096950599
2221.30573241453
2197.74297653444
2194.51219168187
2226.56773968168
2196.40152286950
2224.65811971357
2177.92196076562
2214.05825012317
2224.69312486770
2194.80167281634
2211.03163315313
2225.89899138192
2273.52758862232
2179.96824689021
2196.91340448162
2178.46733390103
2193.42424031116
2239.44278965060
2178.43496435576
2272.21955038214
2193.58099111714
2178.61945556466
2224.27285425813
2206.77425473565
2211.56038759493
2201.32670923843
2210.44114870189
2209.97134833330
2209.22616274321
2162.71941569102
2239.21194663955
2207.85625577284
2260.44209714360
2178.59679721883
2193.01795462162
2227.01520397004
2196.05251058744
2225.80051488562
2178.93219019133
2179.59198090546
2191.00075854771
2212.99333566050
2211.02536179073
2164.46382572823
2164.78093248656
2178.59588288942
2226.34551348382
2210.79054384977
2195.55040442559