最优解为:5458.6943
最优解路径:

Best_route =

  1 至 24 列

    85    86    31    67    68    95    96    49    50    23    24     0     0     0     0     0     0     0     0     0     0     0     0     0
    47    48     2    11    12    30    90    98     0     0     0     0     0     0     0     0     0     0     0     0     0     0     0     0
     0     0     0     0     0     0     0     0     0     0     0     0     0     0     0     0     0     0     0     0     0     0     0     0
    53    54    75    76     5     6     4    63    64    19    71    72     0     0     0     0     0     0     0     0     0     0     0     0
    57    25     1    21     3    41    42    84    20    91    92     0     0     0     0     0     0     0     0     0     0     0     0     0
    35    36    83    87    88    59    60    55    56     7     8     0     0     0     0     0     0     0     0     0     0     0     0     0
     0     0     0     0     0     0     0     0     0     0     0     0     0     0     0     0     0     0     0     0     0     0     0     0
    93    94     9    10    43    44    51    52    39    40     0     0     0     0     0     0     0     0     0     0     0     0     0     0
    79    80    77    29    99   100    61    62    45    46    33    34     0     0     0     0     0     0     0     0     0     0     0     0
    27    28    81    82    13    14    89    15    16    22     0     0     0     0     0     0     0     0     0     0     0     0     0     0
     0     0     0     0     0     0     0     0     0     0     0     0     0     0     0     0     0     0     0     0     0     0     0     0
    58    26    32    78     0     0     0     0     0     0     0     0     0     0     0     0     0     0     0     0     0     0     0     0
    69    70    65    66    73    74    97    37    38    17    18     0     0     0     0     0     0     0     0     0     0     0     0     0

  25 至 48 列

     0     0     0     0     0     0     0     0     0     0     0     0     0     0     0     0     0     0     0     0     0     0     0     0
     0     0     0     0     0     0     0     0     0     0     0     0     0     0     0     0     0     0     0     0     0     0     0     0
     0     0     0     0     0     0     0     0     0     0     0     0     0     0     0     0     0     0     0     0     0     0     0     0
     0     0     0     0     0     0     0     0     0     0     0     0     0     0     0     0     0     0     0     0     0     0     0     0
     0     0     0     0     0     0     0     0     0     0     0     0     0     0     0     0     0     0     0     0     0     0     0     0
     0     0     0     0     0     0     0     0     0     0     0     0     0     0     0     0     0     0     0     0     0     0     0     0
     0     0     0     0     0     0     0     0     0     0     0     0     0     0     0     0     0     0     0     0     0     0     0     0
     0     0     0     0     0     0     0     0     0     0     0     0     0     0     0     0     0     0     0     0     0     0     0     0
     0     0     0     0     0     0     0     0     0     0     0     0     0     0     0     0     0     0     0     0     0     0     0     0
     0     0     0     0     0     0     0     0     0     0     0     0     0     0     0     0     0     0     0     0     0     0     0     0
     0     0     0     0     0     0     0     0     0     0     0     0     0     0     0     0     0     0     0     0     0     0     0     0
     0     0     0     0     0     0     0     0     0     0     0     0     0     0     0     0     0     0     0     0     0     0     0     0
     0     0     0     0     0     0     0     0     0     0     0     0     0     0     0     0     0     0     0     0     0     0     0     0

  49 至 72 列

     0     0     0     0     0     0     0     0     0     0     0     0     0     0     0     0     0     0     0     0     0     0     0     0
     0     0     0     0     0     0     0     0     0     0     0     0     0     0     0     0     0     0     0     0     0     0     0     0
     0     0     0     0     0     0     0     0     0     0     0     0     0     0     0     0     0     0     0     0     0     0     0     0
     0     0     0     0     0     0     0     0     0     0     0     0     0     0     0     0     0     0     0     0     0     0     0     0
     0     0     0     0     0     0     0     0     0     0     0     0     0     0     0     0     0     0     0     0     0     0     0     0
     0     0     0     0     0     0     0     0     0     0     0     0     0     0     0     0     0     0     0     0     0     0     0     0
     0     0     0     0     0     0     0     0     0     0     0     0     0     0     0     0     0     0     0     0     0     0     0     0
     0     0     0     0     0     0     0     0     0     0     0     0     0     0     0     0     0     0     0     0     0     0     0     0
     0     0     0     0     0     0     0     0     0     0     0     0     0     0     0     0     0     0     0     0     0     0     0     0
     0     0     0     0     0     0     0     0     0     0     0     0     0     0     0     0     0     0     0     0     0     0     0     0
     0     0     0     0     0     0     0     0     0     0     0     0     0     0     0     0     0     0     0     0     0     0     0     0
     0     0     0     0     0     0     0     0     0     0     0     0     0     0     0     0     0     0     0     0     0     0     0     0
     0     0     0     0     0     0     0     0     0     0     0     0     0     0     0     0     0     0     0     0     0     0     0     0

  73 至 96 列

     0     0     0     0     0     0     0     0     0     0     0     0     0     0     0     0     0     0     0     0     0     0     0     0
     0     0     0     0     0     0     0     0     0     0     0     0     0     0     0     0     0     0     0     0     0     0     0     0
     0     0     0     0     0     0     0     0     0     0     0     0     0     0     0     0     0     0     0     0     0     0     0     0
     0     0     0     0     0     0     0     0     0     0     0     0     0     0     0     0     0     0     0     0     0     0     0     0
     0     0     0     0     0     0     0     0     0     0     0     0     0     0     0     0     0     0     0     0     0     0     0     0
     0     0     0     0     0     0     0     0     0     0     0     0     0     0     0     0     0     0     0     0     0     0     0     0
     0     0     0     0     0     0     0     0     0     0     0     0     0     0     0     0     0     0     0     0     0     0     0     0
     0     0     0     0     0     0     0     0     0     0     0     0     0     0     0     0     0     0     0     0     0     0     0     0
     0     0     0     0     0     0     0     0     0     0     0     0     0     0     0     0     0     0     0     0     0     0     0     0
     0     0     0     0     0     0     0     0     0     0     0     0     0     0     0     0     0     0     0     0     0     0     0     0
     0     0     0     0     0     0     0     0     0     0     0     0     0     0     0     0     0     0     0     0     0     0     0     0
     0     0     0     0     0     0     0     0     0     0     0     0     0     0     0     0     0     0     0     0     0     0     0     0
     0     0     0     0     0     0     0     0     0     0     0     0     0     0     0     0     0     0     0     0     0     0     0     0

  97 至 101 列

     0     0     0     0     0
     0     0     0     0     0
     0     0     0     0     0
     0     0     0     0     0
     0     0     0     0     0
     0     0     0     0     0
     0     0     0     0     0
     0     0     0     0     0
     0     0     0     0     0
     0     0     0     0     0
     0     0     0     0     0
     0     0     0     0     0
     0     0     0     0     0

本次运算用时:2091.548秒
算法在第85代时收敛

best
6842.43073572268
6541.39772587317
6541.39772587317
6526.59222299269
6144.35013734230
6144.35013734230
6144.35013734230
6144.35013734230
6144.35013734230
6144.35013734230
6144.35013734230
5795.45569213210
5795.45569213210
5795.45569213210
5795.45569213210
5795.45569213210
5795.45569213210
5795.45569213210
5795.45569213210
5795.45569213210
5795.45569213210
5795.45569213210
5795.45569213210
5795.45569213210
5795.45569213210
5795.45569213210
5795.45569213210
5795.45569213210
5795.45569213210
5795.45569213210
5795.45569213210
5795.45569213210
5795.45569213210
5795.45569213210
5795.45569213210
5795.45569213210
5795.45569213210
5795.45569213210
5795.45569213210
5795.45569213210
5795.45569213210
5795.45569213210
5795.45569213210
5795.45569213210
5795.45569213210
5795.45569213210
5795.45569213210
5795.45569213210
5795.45569213210
5795.45569213210
5795.45569213210
5795.45569213210
5795.45569213210
5795.45569213210
5795.45569213210
5795.45569213210
5795.45569213210
5795.45569213210
5795.45569213210
5795.45569213210
5795.45569213210
5795.45569213210
5795.45569213210
5795.45569213210
5795.45569213210
5795.45569213210
5795.45569213210
5795.45569213210
5795.45569213210
5795.45569213210
5795.45569213210
5795.45569213210
5795.45569213210
5795.45569213210
5795.45569213210
5795.45569213210
5795.45569213210
5795.45569213210
5795.45569213210
5795.45569213210
5795.45569213210
5795.45569213210
5795.45569213210
5795.45569213210
5458.69427212671
5458.69427212671
5458.69427212671
5458.69427212671
5458.69427212671
5458.69427212671
5458.69427212671
5458.69427212671
5458.69427212671
5458.69427212671
5458.69427212671
5458.69427212671
5458.69427212671
5458.69427212671
5458.69427212671
5458.69427212671
5458.69427212671
5458.69427212671
5458.69427212671
5458.69427212671
5458.69427212671
5458.69427212671
5458.69427212671
5458.69427212671
5458.69427212671
5458.69427212671
5458.69427212671
5458.69427212671
5458.69427212671
5458.69427212671
5458.69427212671
5458.69427212671
5458.69427212671
5458.69427212671
5458.69427212671
5458.69427212671
5458.69427212671
5458.69427212671
5458.69427212671
5458.69427212671
5458.69427212671
5458.69427212671
5458.69427212671
5458.69427212671
5458.69427212671
5458.69427212671
5458.69427212671
5458.69427212671
5458.69427212671
5458.69427212671
5458.69427212671
5458.69427212671
5458.69427212671
5458.69427212671
5458.69427212671
5458.69427212671
5458.69427212671
5458.69427212671
5458.69427212671
5458.69427212671
5458.69427212671
5458.69427212671
5458.69427212671
5458.69427212671
5458.69427212671
5458.69427212671
5458.69427212671
5458.69427212671
5458.69427212671
5458.69427212671
5458.69427212671
5458.69427212671
5458.69427212671
5458.69427212671
5458.69427212671
5458.69427212671
5458.69427212671
5458.69427212671
5458.69427212671
5458.69427212671
5458.69427212671
5458.69427212671
5458.69427212671
5458.69427212671
5458.69427212671
5458.69427212671
5458.69427212671
5458.69427212671
5458.69427212671
5458.69427212671
5458.69427212671
5458.69427212671
5458.69427212671
5458.69427212671
5458.69427212671
5458.69427212671
5458.69427212671
5458.69427212671
5458.69427212671
5458.69427212671
5458.69427212671
5458.69427212671
5458.69427212671
5458.69427212671
5458.69427212671
5458.69427212671
5458.69427212671
5458.69427212671
5458.69427212671
5458.69427212671
5458.69427212671
5458.69427212671
5458.69427212671
5458.69427212671
5458.69427212671
5458.69427212671
5458.69427212671
5458.69427212671
5458.69427212671
5458.69427212671
5458.69427212671
5458.69427212671
5458.69427212671
5458.69427212671
5458.69427212671
5458.69427212671
5458.69427212671
5458.69427212671
5458.69427212671
5458.69427212671
5458.69427212671
5458.69427212671
5458.69427212671
5458.69427212671
5458.69427212671
5458.69427212671
5458.69427212671
5458.69427212671
5458.69427212671
5458.69427212671
5458.69427212671
5458.69427212671
5458.69427212671
5458.69427212671
5458.69427212671
5458.69427212671
5458.69427212671
5458.69427212671
5458.69427212671
5458.69427212671
5458.69427212671
5458.69427212671
5458.69427212671
5458.69427212671
5458.69427212671
5458.69427212671
5458.69427212671
5458.69427212671
5458.69427212671
5458.69427212671
5458.69427212671
5458.69427212671
5458.69427212671
5458.69427212671
5458.69427212671
5458.69427212671
5458.69427212671
5458.69427212671
5458.69427212671
5458.69427212671
5458.69427212671
5458.69427212671
5458.69427212671
5458.69427212671
5458.69427212671
5458.69427212671
5458.69427212671
5458.69427212671
5458.69427212671
5458.69427212671
5458.69427212671
5458.69427212671
5458.69427212671
5458.69427212671
5458.69427212671
5458.69427212671
5458.69427212671
5458.69427212671
5458.69427212671
5458.69427212671
5458.69427212671
5458.69427212671
5458.69427212671
5458.69427212671
5458.69427212671
5458.69427212671
5458.69427212671
5458.69427212671
5458.69427212671
5458.69427212671
5458.69427212671
5458.69427212671
5458.69427212671
5458.69427212671
5458.69427212671
5458.69427212671
5458.69427212671
5458.69427212671
5458.69427212671
5458.69427212671
5458.69427212671
5458.69427212671
5458.69427212671
5458.69427212671
5458.69427212671
5458.69427212671
5458.69427212671
5458.69427212671
5458.69427212671
5458.69427212671
5458.69427212671
5458.69427212671
5458.69427212671
5458.69427212671
5458.69427212671
5458.69427212671
5458.69427212671
5458.69427212671
5458.69427212671
5458.69427212671
5458.69427212671
5458.69427212671
5458.69427212671
5458.69427212671
5458.69427212671
5458.69427212671
5458.69427212671
5458.69427212671
5458.69427212671
5458.69427212671
5458.69427212671
5458.69427212671
5458.69427212671
5458.69427212671
5458.69427212671
5458.69427212671
5458.69427212671
5458.69427212671
5458.69427212671
5458.69427212671
5458.69427212671
5458.69427212671
5458.69427212671
5458.69427212671
5458.69427212671
5458.69427212671
5458.69427212671
5458.69427212671
5458.69427212671
5458.69427212671
5458.69427212671
5458.69427212671
5458.69427212671
5458.69427212671
5458.69427212671
5458.69427212671
5458.69427212671
5458.69427212671
5458.69427212671
5458.69427212671
5458.69427212671
5458.69427212671
5458.69427212671
5458.69427212671
5458.69427212671
5458.69427212671
5458.69427212671
5458.69427212671
5458.69427212671
5458.69427212671
5458.69427212671
5458.69427212671
5458.69427212671
5458.69427212671
5458.69427212671
5458.69427212671
5458.69427212671
5458.69427212671
5458.69427212671
5458.69427212671
5458.69427212671
5458.69427212671
5458.69427212671
5458.69427212671
5458.69427212671
5458.69427212671
5458.69427212671
5458.69427212671
5458.69427212671
5458.69427212671
5458.69427212671
5458.69427212671
5458.69427212671
5458.69427212671
5458.69427212671
5458.69427212671
5458.69427212671
5458.69427212671
5458.69427212671
5458.69427212671
5458.69427212671
5458.69427212671
5458.69427212671
5458.69427212671
5458.69427212671
5458.69427212671
5458.69427212671
5458.69427212671
5458.69427212671
5458.69427212671
5458.69427212671
5458.69427212671
5458.69427212671
5458.69427212671
5458.69427212671
5458.69427212671
5458.69427212671
5458.69427212671
5458.69427212671
5458.69427212671
5458.69427212671
5458.69427212671
5458.69427212671
5458.69427212671
5458.69427212671
5458.69427212671
5458.69427212671
5458.69427212671
5458.69427212671
5458.69427212671
5458.69427212671
5458.69427212671
5458.69427212671
5458.69427212671
5458.69427212671
5458.69427212671
5458.69427212671
5458.69427212671
5458.69427212671
5458.69427212671
5458.69427212671
5458.69427212671
5458.69427212671
5458.69427212671
5458.69427212671
5458.69427212671
5458.69427212671
5458.69427212671
5458.69427212671
5458.69427212671
5458.69427212671
5458.69427212671
5458.69427212671
5458.69427212671
5458.69427212671
5458.69427212671
5458.69427212671
5458.69427212671
5458.69427212671
5458.69427212671
5458.69427212671
5458.69427212671
5458.69427212671
5458.69427212671
5458.69427212671
5458.69427212671
5458.69427212671
5458.69427212671
5458.69427212671
5458.69427212671
5458.69427212671
5458.69427212671
5458.69427212671
5458.69427212671
5458.69427212671
5458.69427212671
5458.69427212671
5458.69427212671
5458.69427212671
5458.69427212671
5458.69427212671
5458.69427212671
5458.69427212671
5458.69427212671
5458.69427212671
5458.69427212671
5458.69427212671
5458.69427212671
5458.69427212671
5458.69427212671
5458.69427212671
5458.69427212671
5458.69427212671
5458.69427212671
5458.69427212671
5458.69427212671
5458.69427212671
5458.69427212671
5458.69427212671
5458.69427212671
5458.69427212671
5458.69427212671
5458.69427212671
5458.69427212671
5458.69427212671
5458.69427212671

ave
8207.96423541192
7994.08493029935
8245.29301709011
8396.08774363055
8314.97811584910
8487.47090303338
8486.78137805971
8052.12459536956
8323.54661546625
8212.86876023820
8475.06278062975
8330.82026808289
8605.15518043516
8466.25931713045
8316.81351668092
8453.81288715578
8766.15116100444
8498.82222108759
8329.58057207732
8515.02769715413
8238.18557745446
8552.90842928974
8446.07985588727
8667.58471975945
8444.05206235666
8011.66027961822
8737.70646798114
8469.46516088962
8402.37316768440
8313.86722845693
8014.33417228328
8285.79881750963
8530.83129933902
8579.72352901190
8340.22527686099
8646.90413063441
8619.67228923052
8283.86082885030
8471.44710263299
8377.17265410965
8656.66085897883
8244.36621644317
8164.00406439534
8170.99573855486
8351.31106760608
8495.26378671002
8353.33047165873
8385.61219685005
8200.54839010796
8121.97579819546
8192.64566643747
7986.11573110086
7977.08068109363
7895.13528874635
7891.14484293854
8059.70124924044
7676.30290761079
7966.29158565543
7857.22056463417
7652.49806903827
7780.02709609541
8074.65384241149
7852.78980964460
7899.78819120230
7901.85085518936
7885.81846981634
7946.20211405651
8013.55292708404
8053.26880305466
7838.73149775832
8134.18848321253
7959.53222788010
7988.81281195825
8051.49158106325
7929.26778800003
7952.59488658776
7938.74958383161
7693.80880959904
7862.89164648084
7891.95380558107
7993.60293488487
7641.38733555815
7517.80366480775
7910.78489798156
7943.01456564139
7815.94363929857
8018.23017298976
7860.57667429949
7688.03715926622
8039.22895654909
7764.95866069623
7726.24207581768
7948.30164094392
7530.37780821031
7943.27454890516
8104.70143808180
7873.44929796071
7824.81857310331
8173.19314481811
8243.26934887055
7765.20355418794
7656.65238936629
7938.66542466633
7834.61533938366
8022.42396846111
7532.38867050088
8331.44963400674
8091.50389542557
8292.94734543285
7568.26300423754
7546.03128718032
7899.63583352295
7746.73386467723
7604.77792024272
7884.98564267006
7346.14609388645
7880.65342752108
7646.89611477198
7942.37464258499
7732.26338606875
7730.53024812097
7526.15889823917
7897.34789180665
7842.58727373520
7845.95194868639
7781.14954683859
7687.61717012161
7551.31866502758
7903.03627957440
8172.65904816901
7633.90354702814
7690.61556841630
7831.05777151389
7802.24842760946
7855.47949398195
7467.08152432893
7794.28131745120
7893.53189685876
8027.02716909093
7582.69810024925
7505.44777660078
7587.36069975703
7900.35749552849
7935.36674723822
7763.11071762435
8088.18685364070
7906.00727221916
7770.49871126134
7810.70977959450
7687.20741679734
7959.15199309186
7633.64093426899
7686.68090710908
7774.33699000598
7844.40612303973
7919.36305861744
7696.94107038158
7596.00558335439
7678.04396298382
7374.09807888013
7541.47671801766
7548.67398869449
7705.51630311893
7697.67644970000
7654.72541359819
7573.35859323330
7745.41331650712
7482.42485288066
7508.81168278816
7581.43381616749
7211.83641478571
7108.31703540952
7813.13202098313
7359.15838885472
7523.08964886714
7446.04927205158
7200.83003441384
7690.42248386162
7406.78638495080
7137.53986003090
7580.44019819145
7649.46122691436
7489.22191651888
7909.86225912248
7780.52907440319
7153.44192112630
7845.19549205098
7419.90260135690
7599.26216041332
7298.64987177866
7425.63078844184
7286.72614068623
7142.02621125273
7446.94217444377
7717.75823958320
7607.70315178887
7147.92054196357
7418.27194019769
7476.95005138152
7451.86427078659
7276.67617705096
7396.09357190975
7204.19080243294
7464.16105531396
7469.93596858695
7319.01215138873
7784.72999840556
7749.82767439424
7619.76759077692
7081.52480680183
7180.87890424822
7299.59799273498
7299.48476237861
6995.60239054257
7070.21706925960
7731.69200391008
7480.22494534141
7432.54333523362
7238.24200775854
7625.31613866663
7186.88388481278
7550.39278532499
7114.58538559379
7201.33358605237
7197.98796055123
7271.32323701494
7279.04649087527
7461.01822441900
7187.03863783967
7290.83604611671
7033.55351047848
7340.45190678056
7512.82278496560
7375.40272713508
7665.81111476281
7122.00598912318
7464.42053314009
7441.31350812939
7442.69942411206
7179.04022811276
7728.24953423176
7254.95692006301
7311.46285670680
7430.57683131509
7528.66991918461
7450.71446714600
7474.61616740755
7816.95855542604
7597.23591267110
7475.58859394127
7105.73921152129
7214.37503171979
7279.67751300752
7645.76574202010
7351.39226679872
7271.58994155891
7435.87990716438
7212.49822138167
7424.41387964769
7319.48172503022
7699.93802389593
7102.57858470543
7102.21127865346
7187.40351496017
7447.25546003125
7533.18789028094
7191.23568035195
7564.84490834025
7143.72961264944
7511.06533319609
7397.86318072950
7318.35621332466
7318.22872945842
7443.47715938129
7192.94179289548
7606.44980366626
7311.04880482255
7472.29149745631
7741.80367688907
7662.71688111533
7379.85694585717
7744.68294334577
6943.56751388838
7494.77638015128
7108.29531484966
7433.36937837218
7540.28592823655
7685.54165941794
7591.19221326765
7602.17620206824
7615.44833703836
7382.34976833376
7377.96915275599
7726.95061867247
7389.11917989767
7705.88409477821
7175.05627643001
7251.90223642863
7659.01396859521
7541.91061690001
7294.41641989643
7539.42739746302
7060.54319414990
7149.98262662764
7377.92103424135
7552.24767965267
7013.16869087436
7725.42986633777
7444.61394781268
7183.15105085371
7545.46359246089
7392.01168233098
7124.22861880808
7829.79347647219
7354.52724183340
7135.49159780699
7324.98486529248
7263.02256006933
7199.24483117282
7410.45347072684
7281.80692497799
7033.77372378336
7456.79692488924
7501.73468593955
7313.68831421773
7119.51207293842
7498.02648423694
7371.37637722407
7446.54802322040
7440.11225293589
6980.96117030943
7301.24161089890
7601.51336843554
7191.97924958564
7662.67212874529
7437.71530990098
7116.30574376062
7386.23330275867
7199.96536007445
7713.27050715623
7685.46835687180
7277.09749879967
6994.75035433633
6831.17482785902
6910.89714091079
7235.70357026410
7514.98649405918
7500.84503880257
7535.22279509668
7048.05993357375
6977.15927406033
7556.43789011562
7093.27235645644
7697.34675943720
7316.78898179677
7519.04483192323
7027.61842419319
7532.72403162222
7304.36394321064
7297.05824375679
7354.26784736198
7147.95984593808
7194.01860010456
7229.08342320125
7482.48592982862
7295.47096767107
7267.78905623249
7183.96025663550
7298.92538789778
7153.10932714282
6917.17452654346
7318.61163885185
7093.04157265236
7402.99133149619
7193.26720368181
6854.22160672818
7247.32467472300
7178.41468051713
7441.80450492265
7088.74702927732
7426.98799863491
6945.11964353871
7146.29634403670
7092.77634584285
7513.86957490516
7453.93141767612
7090.97288248997
7262.76880918166
7452.65718875548
7214.68529809484
7078.87802731433
7477.91222007940
7122.32095557835
7333.96307717018
7377.59155955431
7164.57096621812
7394.98763515559
7592.39468324596
7714.35645701911
7453.68972788254
7435.48202478189
7703.41108385599
7470.26882905288
7288.76139826568
7549.37139556550
7322.15922236944
7414.17129284114
7298.31725170631
7235.95881497515
7064.76659425495
7124.09149738738
7591.55791627265
7104.31879265587
7469.48327370345
7189.21877278383
7420.89867250994
6882.32996113689
6805.59845331622
7096.99728374432
7589.43569584914
7387.75608075750
7314.74545409472
7174.40985059581
7352.77317148538
7397.90718310443
7566.37798878235
7077.39892653178
6946.83189278190
7135.46626511342
7108.79061055117
7401.97802027379
7326.02381518023
7788.00424031801
7444.25536154257
7470.89088782223
7482.62592940405
7387.28054278377
7900.90134083069
7618.11247050251
7543.63969600293
7528.62258998742
7728.50959571401
7253.51493738307
7591.37065476295
7722.87840805234
7869.17656889599
7734.67290209011
7763.73292550531
7850.07327309251
7732.72842327289
7231.52342625035
7398.43258934926
7882.68935184396
7775.37149582012
7282.93359499051
7647.61125664311
7876.30216243182
7885.25819455598
7441.95014932120
7845.95843636820
7682.98161080830
7580.07260072749
7653.12210424547
7721.44155168356
7346.22809447101
7840.33637788162
7366.79381383668
7449.09082213027
7300.66411482271
7683.72622088089
7753.60946957306
7613.17822174769
7693.07964191723
7293.55886961287
7382.03036865031
7787.14909621853
7358.28210276100
8107.70389856848
7379.87757124070
7481.22066472423
7946.13748327300
6957.72010440558
7680.26300543361
7580.99620005321
8064.44330850190
7335.46485469970
7422.64163031565
7465.16874084381
7526.26348950550
7671.47111344691
7490.19663138550
7279.39146932808
7658.56748242985
7951.05053144371
7874.49567011869
7259.24439194340
7239.98380075213
7420.29253182285
7407.04458265076
7443.87235861298