最优解为:317.0801
最优解路径:

Best_route =

     0     0     0     0
     2     3     1     0

本次运算用时:0.687秒
算法在第1代时收敛
>> 

best
317.080141503081
317.080141503081
317.080141503081
317.080141503081
317.080141503081
317.080141503081
317.080141503081
317.080141503081
317.080141503081
317.080141503081
317.080141503081
317.080141503081
317.080141503081
317.080141503081
317.080141503081
317.080141503081
317.080141503081
317.080141503081
317.080141503081
317.080141503081
317.080141503081
317.080141503081
317.080141503081
317.080141503081
317.080141503081
317.080141503081
317.080141503081
317.080141503081
317.080141503081
317.080141503081
317.080141503081
317.080141503081
317.080141503081
317.080141503081
317.080141503081
317.080141503081
317.080141503081
317.080141503081
317.080141503081
317.080141503081
317.080141503081
317.080141503081
317.080141503081
317.080141503081
317.080141503081
317.080141503081
317.080141503081
317.080141503081
317.080141503081
317.080141503081
317.080141503081
317.080141503081
317.080141503081
317.080141503081
317.080141503081
317.080141503081
317.080141503081
317.080141503081
317.080141503081
317.080141503081
317.080141503081
317.080141503081
317.080141503081
317.080141503081
317.080141503081
317.080141503081
317.080141503081
317.080141503081
317.080141503081
317.080141503081
317.080141503081
317.080141503081
317.080141503081
317.080141503081
317.080141503081
317.080141503081
317.080141503081
317.080141503081
317.080141503081
317.080141503081
317.080141503081
317.080141503081
317.080141503081
317.080141503081
317.080141503081
317.080141503081
317.080141503081
317.080141503081
317.080141503081
317.080141503081
317.080141503081
317.080141503081
317.080141503081
317.080141503081
317.080141503081
317.080141503081
317.080141503081
317.080141503081
317.080141503081
317.080141503081

ave
348.477907369530
318.296346969578
318.217934550871
317.842414479316
318.035804289266
333.694988882867
318.177274607096
317.745699076500
332.528631843627
332.509256335659
317.856696475041
317.705106843627
332.445125912677
317.585966770243
317.983911512366
317.080141503081
317.165624072772
317.080141503081
317.265388638188
347.031511000670
317.080141503081
317.080141503081
317.080141503081
317.165624072772
317.165624072772
317.080141503081
317.080141503081
317.080141503081
317.165624072772
332.108221435254
332.003431068497
317.080141503081
332.108221435254
317.080141503081
317.080141503081
332.003431068497
332.003431068497
317.080141503081
317.080141503081
317.080141503081
317.080141503081
317.080141503081
317.080141503081
317.080141503081
317.080141503081
332.003431068497
317.080141503081
317.080141503081
317.080141503081
317.080141503081
317.080141503081
317.080141503081
317.080141503081
317.080141503081
317.080141503081
317.080141503081
317.400719635136
317.080141503081
317.080141503081
317.080141503081
317.080141503081
317.080141503081
332.003431068497
317.080141503081
317.080141503081
317.080141503081
317.080141503081
317.080141503081
317.080141503081
317.080141503081
317.080141503081
317.080141503081
317.080141503081
317.080141503081
317.080141503081
317.080141503081
317.080141503081
317.080141503081
317.080141503081
317.080141503081
332.108221435254
317.080141503081
317.080141503081
317.080141503081
317.080141503081
317.080141503081
317.080141503081
317.080141503081
317.080141503081
332.003431068497
317.080141503081
317.080141503081
317.400719635136
317.080141503081
317.080141503081
317.080141503081
317.080141503081
317.080141503081
317.080141503081
317.080141503081