最优解为:319.1655
最优解路径:

Best_route =

     0     0     0     0     0     0     0
     6     2     1     5     4     3     0

本次运算用时:3.093秒
算法在第1代时收敛

best
319.165507605429
319.165507605429
319.165507605429
319.165507605429
319.165507605429
319.165507605429
319.165507605429
319.165507605429
319.165507605429
319.165507605429
319.165507605429
319.165507605429
319.165507605429
319.165507605429
319.165507605429
319.165507605429
319.165507605429
319.165507605429
319.165507605429
319.165507605429
319.165507605429
319.165507605429
319.165507605429
319.165507605429
319.165507605429
319.165507605429
319.165507605429
319.165507605429
319.165507605429
319.165507605429
319.165507605429
319.165507605429
319.165507605429
319.165507605429
319.165507605429
319.165507605429
319.165507605429
319.165507605429
319.165507605429
319.165507605429
319.165507605429
319.165507605429
319.165507605429
319.165507605429
319.165507605429
319.165507605429
319.165507605429
319.165507605429
319.165507605429
319.165507605429
319.165507605429
319.165507605429
319.165507605429
319.165507605429
319.165507605429
319.165507605429
319.165507605429
319.165507605429
319.165507605429
319.165507605429
319.165507605429
319.165507605429
319.165507605429
319.165507605429
319.165507605429
319.165507605429
319.165507605429
319.165507605429
319.165507605429
319.165507605429
319.165507605429
319.165507605429
319.165507605429
319.165507605429
319.165507605429
319.165507605429
319.165507605429
319.165507605429
319.165507605429
319.165507605429
319.165507605429
319.165507605429
319.165507605429
319.165507605429
319.165507605429
319.165507605429
319.165507605429
319.165507605429
319.165507605429
319.165507605429
319.165507605429
319.165507605429
319.165507605429
319.165507605429
319.165507605429
319.165507605429
319.165507605429
319.165507605429
319.165507605429
319.165507605429
319.165507605429
319.165507605429
319.165507605429
319.165507605429
319.165507605429
319.165507605429
319.165507605429
319.165507605429
319.165507605429
319.165507605429
319.165507605429
319.165507605429
319.165507605429
319.165507605429
319.165507605429
319.165507605429
319.165507605429
319.165507605429
319.165507605429
319.165507605429
319.165507605429
319.165507605429
319.165507605429
319.165507605429
319.165507605429
319.165507605429
319.165507605429
319.165507605429
319.165507605429
319.165507605429
319.165507605429
319.165507605429
319.165507605429
319.165507605429
319.165507605429
319.165507605429
319.165507605429
319.165507605429
319.165507605429
319.165507605429
319.165507605429
319.165507605429
319.165507605429
319.165507605429
319.165507605429
319.165507605429
319.165507605429
319.165507605429
319.165507605429
319.165507605429
319.165507605429
319.165507605429
319.165507605429
319.165507605429
319.165507605429
319.165507605429
319.165507605429
319.165507605429
319.165507605429
319.165507605429
319.165507605429
319.165507605429
319.165507605429
319.165507605429
319.165507605429
319.165507605429
319.165507605429
319.165507605429
319.165507605429
319.165507605429
319.165507605429
319.165507605429
319.165507605429
319.165507605429
319.165507605429
319.165507605429
319.165507605429
319.165507605429
319.165507605429
319.165507605429
319.165507605429
319.165507605429
319.165507605429
319.165507605429
319.165507605429
319.165507605429
319.165507605429
319.165507605429
319.165507605429
319.165507605429
319.165507605429
319.165507605429
319.165507605429
319.165507605429
319.165507605429
319.165507605429
319.165507605429
319.165507605429
319.165507605429
319.165507605429

ave
341.043584118748
344.748693896911
344.667145868174
344.696111931915
341.022309356987
326.322765186715
339.837091955079
324.686856615760
323.731471289773
337.790390174710
339.469249809191
324.585529312424
322.320713821488
321.947307072907
353.994810165454
322.060666622836
320.961856912169
366.454191777693
322.407266354968
321.083761336069
319.752098152529
319.752098152529
319.165507605429
383.155372078172
335.757505684427
335.780899827795
351.105302682699
320.429408474599
320.765275618851
334.616689201548
319.989061619600
334.286291106902
319.272616669954
319.272616669954
334.637219153582
334.272616669954
334.936380408671
319.165507605429
319.165507605429
319.509580137024
333.900244251902
319.165507605429
319.165507605429
319.165507605429
319.165507605429
319.509580137024
319.881952555076
319.165507605429
319.165507605429
319.165507605429
319.165507605429
319.165507605429
319.165507605429
319.165507605429
319.165507605429
319.165507605429
319.165507605429
319.165507605429
319.165507605429
319.165507605429
319.165507605429
319.165507605429
319.165507605429
319.165507605429
319.165507605429
319.165507605429
319.165507605429
319.165507605429
319.644989088005
319.165507605429
319.165507605429
319.165507605429
319.524533386870
319.165507605429
319.165507605429
319.644989088005
334.165507605429
319.165507605429
319.165507605429
319.165507605429
319.165507605429
319.165507605429
334.165507605429
319.165507605429
319.165507605429
319.165507605429
319.165507605429
319.165507605429
319.165507605429
319.165507605429
319.165507605429
319.165507605429
319.165507605429
319.165507605429
319.165507605429
319.165507605429
319.165507605429
319.165507605429
319.165507605429
319.165507605429
319.165507605429
319.644989088005
319.165507605429
319.165507605429
319.272616669954
319.604310492862
319.165507605429
319.165507605429
334.179182042378
319.764951535478
319.165507605429
319.165507605429
319.165507605429
319.165507605429
319.165507605429
319.936380408671
319.165507605429
319.165507605429
319.165507605429
319.165507605429
319.165507605429
319.165507605429
319.896905804921
319.165507605429
319.165507605429
319.165507605429
319.896905804921
319.165507605429
319.165507605429
319.165507605429
319.165507605429
319.165507605429
319.165507605429
319.165507605429
319.165507605429
319.165507605429
319.165507605429
319.165507605429
319.165507605429
319.165507605429
319.165507605429
319.165507605429
319.165507605429
334.157737671006
319.165507605429
319.165507605429
319.165507605429
319.165507605429
319.165507605429
319.165507605429
319.165507605429
334.165507605429
319.165507605429
319.165507605429
319.165507605429
319.165507605429
319.896905804921
319.165507605429
319.165507605429
319.165507605429
319.165507605429
319.165507605429
319.165507605429
319.165507605429
319.165507605429
319.165507605429
319.165507605429
319.165507605429
319.165507605429
334.165507605429
319.509580137024
319.644989088005
348.785365252955
319.165507605429
319.272616669954
319.165507605429
319.165507605429
319.165507605429
319.881952555076
319.165507605429
349.179182042378
319.165507605429
319.644989088005
319.165507605429
319.165507605429
319.165507605429
319.165507605429
319.165507605429
319.165507605429
333.793135187378
319.165507605429
319.165507605429
319.165507605429
319.165507605429
319.165507605429
319.272616669954
319.165507605429
319.165507605429
319.165507605429
319.604310492862