最优解为:419.8477
最优解路径:

Best_route =

     0     0     0     0     0
     3     4     1     2     0

本次运算用时:1.041秒
算法在第1代时收敛

best
419.847738893760
419.847738893760
419.847738893760
419.847738893760
419.847738893760
419.847738893760
419.847738893760
419.847738893760
419.847738893760
419.847738893760
419.847738893760
419.847738893760
419.847738893760
419.847738893760
419.847738893760
419.847738893760
419.847738893760
419.847738893760
419.847738893760
419.847738893760
419.847738893760
419.847738893760
419.847738893760
419.847738893760
419.847738893760
419.847738893760
419.847738893760
419.847738893760
419.847738893760
419.847738893760
419.847738893760
419.847738893760
419.847738893760
419.847738893760
419.847738893760
419.847738893760
419.847738893760
419.847738893760
419.847738893760
419.847738893760
419.847738893760
419.847738893760
419.847738893760
419.847738893760
419.847738893760
419.847738893760
419.847738893760
419.847738893760
419.847738893760
419.847738893760
419.847738893760
419.847738893760
419.847738893760
419.847738893760
419.847738893760
419.847738893760
419.847738893760
419.847738893760
419.847738893760
419.847738893760
419.847738893760
419.847738893760
419.847738893760
419.847738893760
419.847738893760
419.847738893760
419.847738893760
419.847738893760
419.847738893760
419.847738893760
419.847738893760
419.847738893760
419.847738893760
419.847738893760
419.847738893760
419.847738893760
419.847738893760
419.847738893760
419.847738893760
419.847738893760
419.847738893760
419.847738893760
419.847738893760
419.847738893760
419.847738893760
419.847738893760
419.847738893760
419.847738893760
419.847738893760
419.847738893760
419.847738893760
419.847738893760
419.847738893760
419.847738893760
419.847738893760
419.847738893760
419.847738893760
419.847738893760
419.847738893760
419.847738893760

ave
420.508731384050
420.398565969002
420.508731384050
435.288400553953
420.618896799098
420.068069723857
420.178235138905
420.178235138905
420.178235138905
420.068069723857
446.038652218240
419.847738893760
419.957904308808
419.957904308808
420.068069723857
419.957904308808
419.957904308808
420.178235138905
419.847738893760
419.847738893760
419.847738893760
419.957904308808
419.847738893760
419.957904308808
419.847738893760
435.288400553953
419.847738893760
419.847738893760
419.957904308808
419.957904308808
419.957904308808
419.957904308808
419.847738893760
419.847738893760
419.847738893760
419.957904308808
419.847738893760
419.847738893760
419.847738893760
419.847738893760
419.847738893760
419.847738893760
419.847738893760
419.847738893760
419.847738893760
419.847738893760
419.847738893760
419.847738893760
419.847738893760
419.957904308808
419.847738893760
419.847738893760
419.847738893760
419.847738893760
419.957904308808
419.847738893760
419.957904308808
419.847738893760
419.847738893760
419.847738893760
419.957904308808
419.847738893760
419.847738893760
419.847738893760
419.847738893760
419.847738893760
419.847738893760
419.847738893760
419.847738893760
419.957904308808
419.847738893760
419.847738893760
419.957904308808
419.957904308808
419.847738893760
419.847738893760
419.957904308808
419.847738893760
419.847738893760
419.847738893760
434.957904308809
419.957904308808
419.847738893760
419.847738893760
419.847738893760
419.957904308808
419.847738893760
419.847738893760
419.957904308808
419.847738893760
420.068069723857
419.847738893760
419.847738893760
419.847738893760
419.847738893760
419.847738893760
419.847738893760
419.847738893760
419.847738893760
419.847738893760