最优解为:4405.7542
最优解路径:

Best_route =

  1 至 24 列

     0     0     0     0     0     0     0     0     0     0     0     0     0     0     0     0     0     0     0     0     0     0     0     0
    23    24    37    38    39    40    71    72    29    30    31    32     0     0     0     0     0     0     0     0     0     0     0     0
     7     8     5     6    53    54    57    58    25    26     0     0     0     0     0     0     0     0     0     0     0     0     0     0
    21    22    11    12    41    42    15    16     1     2    69    70    65    66     0     0     0     0     0     0     0     0     0     0
    49    50    33    34    55    56    67    68    75    76    59    60     0     0     0     0     0     0     0     0     0     0     0     0
     0     0     0     0     0     0     0     0     0     0     0     0     0     0     0     0     0     0     0     0     0     0     0     0
    63    64    51    52    73    74    27    28    13    14     0     0     0     0     0     0     0     0     0     0     0     0     0     0
    45    46    61    62     3     4    35    36    19    20    43    44     0     0     0     0     0     0     0     0     0     0     0     0
    79    80     9    10    77    78    47    48    17    18     0     0     0     0     0     0     0     0     0     0     0     0     0     0
     0     0     0     0     0     0     0     0     0     0     0     0     0     0     0     0     0     0     0     0     0     0     0     0

  25 至 48 列

     0     0     0     0     0     0     0     0     0     0     0     0     0     0     0     0     0     0     0     0     0     0     0     0
     0     0     0     0     0     0     0     0     0     0     0     0     0     0     0     0     0     0     0     0     0     0     0     0
     0     0     0     0     0     0     0     0     0     0     0     0     0     0     0     0     0     0     0     0     0     0     0     0
     0     0     0     0     0     0     0     0     0     0     0     0     0     0     0     0     0     0     0     0     0     0     0     0
     0     0     0     0     0     0     0     0     0     0     0     0     0     0     0     0     0     0     0     0     0     0     0     0
     0     0     0     0     0     0     0     0     0     0     0     0     0     0     0     0     0     0     0     0     0     0     0     0
     0     0     0     0     0     0     0     0     0     0     0     0     0     0     0     0     0     0     0     0     0     0     0     0
     0     0     0     0     0     0     0     0     0     0     0     0     0     0     0     0     0     0     0     0     0     0     0     0
     0     0     0     0     0     0     0     0     0     0     0     0     0     0     0     0     0     0     0     0     0     0     0     0
     0     0     0     0     0     0     0     0     0     0     0     0     0     0     0     0     0     0     0     0     0     0     0     0

  49 至 72 列

     0     0     0     0     0     0     0     0     0     0     0     0     0     0     0     0     0     0     0     0     0     0     0     0
     0     0     0     0     0     0     0     0     0     0     0     0     0     0     0     0     0     0     0     0     0     0     0     0
     0     0     0     0     0     0     0     0     0     0     0     0     0     0     0     0     0     0     0     0     0     0     0     0
     0     0     0     0     0     0     0     0     0     0     0     0     0     0     0     0     0     0     0     0     0     0     0     0
     0     0     0     0     0     0     0     0     0     0     0     0     0     0     0     0     0     0     0     0     0     0     0     0
     0     0     0     0     0     0     0     0     0     0     0     0     0     0     0     0     0     0     0     0     0     0     0     0
     0     0     0     0     0     0     0     0     0     0     0     0     0     0     0     0     0     0     0     0     0     0     0     0
     0     0     0     0     0     0     0     0     0     0     0     0     0     0     0     0     0     0     0     0     0     0     0     0
     0     0     0     0     0     0     0     0     0     0     0     0     0     0     0     0     0     0     0     0     0     0     0     0
     0     0     0     0     0     0     0     0     0     0     0     0     0     0     0     0     0     0     0     0     0     0     0     0

  73 至 81 列

     0     0     0     0     0     0     0     0     0
     0     0     0     0     0     0     0     0     0
     0     0     0     0     0     0     0     0     0
     0     0     0     0     0     0     0     0     0
     0     0     0     0     0     0     0     0     0
     0     0     0     0     0     0     0     0     0
     0     0     0     0     0     0     0     0     0
     0     0     0     0     0     0     0     0     0
     0     0     0     0     0     0     0     0     0
     0     0     0     0     0     0     0     0     0

本次运算用时:590.384秒
算法在第176代时收敛

best
5026.00809765732
4977.07523639788
4744.42290846816
4744.42290846816
4744.42290846816
4744.42290846816
4744.42290846816
4744.42290846816
4744.42290846816
4681.19156153772
4681.19156153772
4681.19156153772
4681.19156153772
4681.19156153772
4681.19156153772
4681.19156153772
4681.19156153772
4681.19156153772
4681.19156153772
4681.19156153772
4681.19156153772
4681.19156153772
4681.19156153772
4681.19156153772
4681.19156153772
4681.19156153772
4681.19156153772
4681.19156153772
4681.19156153772
4681.19156153772
4681.19156153772
4681.19156153772
4681.19156153772
4681.19156153772
4681.19156153772
4681.19156153772
4681.19156153772
4681.19156153772
4681.19156153772
4681.19156153772
4681.19156153772
4681.19156153772
4681.19156153772
4681.19156153772
4681.19156153772
4681.19156153772
4681.19156153772
4681.19156153772
4681.19156153772
4681.19156153772
4681.19156153772
4681.19156153772
4681.19156153772
4681.19156153772
4681.19156153772
4681.19156153772
4681.19156153772
4681.19156153772
4681.19156153772
4681.19156153772
4681.19156153772
4681.19156153772
4681.19156153772
4681.19156153772
4681.19156153772
4681.19156153772
4681.19156153772
4681.19156153772
4681.19156153772
4681.19156153772
4681.19156153772
4681.19156153772
4681.19156153772
4681.19156153772
4681.19156153772
4681.19156153772
4681.19156153772
4681.19156153772
4681.19156153772
4681.19156153772
4681.19156153772
4681.19156153772
4681.19156153772
4681.19156153772
4681.19156153772
4681.19156153772
4681.19156153772
4681.19156153772
4681.19156153772
4681.19156153772
4681.19156153772
4681.19156153772
4681.19156153772
4681.19156153772
4681.19156153772
4681.19156153772
4681.19156153772
4681.19156153772
4681.19156153772
4681.19156153772
4681.19156153772
4681.19156153772
4681.19156153772
4681.19156153772
4681.19156153772
4681.19156153772
4681.19156153772
4681.19156153772
4681.19156153772
4681.19156153772
4681.19156153772
4681.19156153772
4681.19156153772
4681.19156153772
4681.19156153772
4681.19156153772
4681.19156153772
4681.19156153772
4681.19156153772
4681.19156153772
4681.19156153772
4681.19156153772
4681.19156153772
4681.19156153772
4681.19156153772
4681.19156153772
4681.19156153772
4681.19156153772
4681.19156153772
4681.19156153772
4681.19156153772
4681.19156153772
4681.19156153772
4671.83835000684
4671.83835000684
4671.83835000684
4671.83835000684
4671.83835000684
4671.83835000684
4671.83835000684
4671.83835000684
4671.83835000684
4671.83835000684
4671.83835000684
4671.83835000684
4671.83835000684
4670.19783080023
4670.19783080023
4670.19783080023
4670.19783080023
4670.19783080023
4670.19783080023
4670.19783080023
4670.19783080023
4670.19783080023
4670.19783080023
4670.19783080023
4670.19783080023
4670.19783080023
4670.19783080023
4670.19783080023
4670.19783080023
4670.19783080023
4670.19783080023
4670.19783080023
4670.19783080023
4670.19783080023
4670.19783080023
4670.19783080023
4670.19783080023
4670.19783080023
4670.19783080023
4670.19783080023
4670.19783080023
4670.19783080023
4405.75420632442
4405.75420632442
4405.75420632442
4405.75420632442
4405.75420632442
4405.75420632442
4405.75420632442
4405.75420632442
4405.75420632442
4405.75420632442
4405.75420632442
4405.75420632442
4405.75420632442
4405.75420632442
4405.75420632442
4405.75420632442
4405.75420632442
4405.75420632442
4405.75420632442
4405.75420632442
4405.75420632442
4405.75420632442
4405.75420632442
4405.75420632442
4405.75420632442
4405.75420632442
4405.75420632442
4405.75420632442
4405.75420632442
4405.75420632442
4405.75420632442
4405.75420632442
4405.75420632442
4405.75420632442
4405.75420632442
4405.75420632442
4405.75420632442
4405.75420632442
4405.75420632442
4405.75420632442
4405.75420632442
4405.75420632442
4405.75420632442
4405.75420632442
4405.75420632442
4405.75420632442
4405.75420632442
4405.75420632442
4405.75420632442
4405.75420632442
4405.75420632442
4405.75420632442
4405.75420632442
4405.75420632442
4405.75420632442
4405.75420632442
4405.75420632442
4405.75420632442
4405.75420632442
4405.75420632442
4405.75420632442
4405.75420632442
4405.75420632442
4405.75420632442
4405.75420632442
4405.75420632442
4405.75420632442
4405.75420632442
4405.75420632442
4405.75420632442
4405.75420632442
4405.75420632442
4405.75420632442
4405.75420632442
4405.75420632442
4405.75420632442
4405.75420632442
4405.75420632442
4405.75420632442
4405.75420632442
4405.75420632442
4405.75420632442
4405.75420632442
4405.75420632442
4405.75420632442
4405.75420632442
4405.75420632442
4405.75420632442
4405.75420632442
4405.75420632442
4405.75420632442
4405.75420632442
4405.75420632442
4405.75420632442
4405.75420632442
4405.75420632442
4405.75420632442
4405.75420632442
4405.75420632442
4405.75420632442
4405.75420632442
4405.75420632442
4405.75420632442
4405.75420632442
4405.75420632442
4405.75420632442
4405.75420632442
4405.75420632442
4405.75420632442
4405.75420632442
4405.75420632442
4405.75420632442
4405.75420632442
4405.75420632442
4405.75420632442
4405.75420632442
4405.75420632442
4405.75420632442
4405.75420632442
4405.75420632442
4405.75420632442
4405.75420632442
4405.75420632442
4405.75420632442
4405.75420632442
4405.75420632442
4405.75420632442
4405.75420632442
4405.75420632442
4405.75420632442
4405.75420632442
4405.75420632442
4405.75420632442
4405.75420632442
4405.75420632442
4405.75420632442
4405.75420632442
4405.75420632442
4405.75420632442
4405.75420632442
4405.75420632442
4405.75420632442
4405.75420632442
4405.75420632442
4405.75420632442
4405.75420632442
4405.75420632442
4405.75420632442
4405.75420632442
4405.75420632442
4405.75420632442
4405.75420632442
4405.75420632442
4405.75420632442
4405.75420632442
4405.75420632442
4405.75420632442
4405.75420632442
4405.75420632442
4405.75420632442
4405.75420632442
4405.75420632442
4405.75420632442
4405.75420632442
4405.75420632442
4405.75420632442
4405.75420632442
4405.75420632442
4405.75420632442
4405.75420632442
4405.75420632442
4405.75420632442
4405.75420632442
4405.75420632442
4405.75420632442
4405.75420632442
4405.75420632442
4405.75420632442
4405.75420632442
4405.75420632442
4405.75420632442
4405.75420632442
4405.75420632442
4405.75420632442
4405.75420632442
4405.75420632442
4405.75420632442
4405.75420632442
4405.75420632442
4405.75420632442
4405.75420632442
4405.75420632442
4405.75420632442
4405.75420632442
4405.75420632442
4405.75420632442
4405.75420632442
4405.75420632442
4405.75420632442
4405.75420632442
4405.75420632442
4405.75420632442
4405.75420632442
4405.75420632442
4405.75420632442
4405.75420632442
4405.75420632442
4405.75420632442
4405.75420632442
4405.75420632442
4405.75420632442
4405.75420632442
4405.75420632442
4405.75420632442
4405.75420632442
4405.75420632442
4405.75420632442
4405.75420632442
4405.75420632442
4405.75420632442
4405.75420632442
4405.75420632442
4405.75420632442
4405.75420632442
4405.75420632442
4405.75420632442
4405.75420632442
4405.75420632442
4405.75420632442
4405.75420632442
4405.75420632442
4405.75420632442
4405.75420632442
4405.75420632442
4405.75420632442
4405.75420632442
4405.75420632442
4405.75420632442
4405.75420632442
4405.75420632442
4405.75420632442
4405.75420632442
4405.75420632442
4405.75420632442
4405.75420632442
4405.75420632442
4405.75420632442
4405.75420632442
4405.75420632442
4405.75420632442
4405.75420632442
4405.75420632442
4405.75420632442
4405.75420632442
4405.75420632442
4405.75420632442
4405.75420632442
4405.75420632442
4405.75420632442
4405.75420632442
4405.75420632442
4405.75420632442
4405.75420632442
4405.75420632442
4405.75420632442
4405.75420632442
4405.75420632442
4405.75420632442
4405.75420632442
4405.75420632442
4405.75420632442
4405.75420632442
4405.75420632442
4405.75420632442
4405.75420632442
4405.75420632442
4405.75420632442
4405.75420632442
4405.75420632442
4405.75420632442
4405.75420632442
4405.75420632442
4405.75420632442
4405.75420632442
4405.75420632442
4405.75420632442
4405.75420632442
4405.75420632442
4405.75420632442
4405.75420632442
4405.75420632442
4405.75420632442
4405.75420632442
4405.75420632442
4405.75420632442
4405.75420632442
4405.75420632442
4405.75420632442
4405.75420632442
4405.75420632442
4405.75420632442
4405.75420632442
4405.75420632442
4405.75420632442
4405.75420632442
4405.75420632442
4405.75420632442
4405.75420632442
4405.75420632442
4405.75420632442
4405.75420632442
4405.75420632442
4405.75420632442
4405.75420632442
4405.75420632442
4405.75420632442
4405.75420632442
4405.75420632442
4405.75420632442
4405.75420632442
4405.75420632442
4405.75420632442
4405.75420632442
4405.75420632442
4405.75420632442

ave
5923.82675065095
6146.56761200967
5898.57356108913
6171.13331042992
6308.15082288681
6109.71578439971
5803.74875677705
6088.10117674607
5740.11426370366
6174.43721268292
6354.66669766406
6204.79189746642
6358.76388557640
6183.96195670589
6285.02397884227
5949.55634756972
6002.51758997216
6003.51987731987
6129.55635424716
6542.79296037314
5852.89864987037
5896.60915160129
6049.93582229967
5966.58886916398
6046.32492914173
6119.50698081827
5957.16656930027
5920.20804074209
6152.57121365018
6126.97373860440
6563.54277384403
6045.57128873697
6330.26581630845
6211.98090757883
5662.74198970424
6041.06841951090
6017.39097471464
6048.82815896933
5844.92927329106
5749.00345641311
6214.88856746788
6087.41461280492
5993.31814435928
6246.45776818246
6165.05227530001
6271.23126853602
5795.19639109297
6110.45355736094
5702.55128661553
5793.70167153218
5662.08650385114
5927.51798816697
5728.81857971629
6140.50732549053
5912.33374753859
5895.84021278676
5752.36211006393
5729.06969133133
6104.11919502461
5857.51614033286
5701.47817889308
5889.86761798369
5524.21751421683
5925.15370065199
5858.38217720114
5743.12212539215
5575.98145369337
5784.64057856544
5809.23025120424
6056.60449823575
5676.72889264663
5938.30517947687
5753.02048372393
5911.31814790830
5918.63866895522
6052.38101948000
5344.45487056994
6097.58096234034
5856.32237170490
5531.20827987563
5913.94976062910
5895.19836018748
5641.95728792959
5659.50162067741
5662.27297635619
5637.26807703624
6128.84560702438
5972.43394410628
5608.30025235416
6162.49776680670
6047.74809726504
5952.23142476579
5733.76482477154
5647.23212683229
5733.50508484308
6149.11052125916
6356.10583609922
6283.17291636225
6027.96708596820
6048.93265895549
5972.49071629885
5800.47078161228
5764.52660029000
6155.30449692707
5642.50473369239
5681.54084642586
5990.91734039281
5507.66230967342
5726.67726654386
5875.92200980747
5693.64747092204
5538.86251744666
5997.50972071828
5998.66992418084
5587.38775803541
6038.62953575877
5853.07677658710
5592.39186214064
5594.19047858012
5557.27068682089
5632.22526534008
5925.35617168751
6052.74475610604
5730.28993183252
5960.75475361606
5759.71093904117
5824.87385393868
6207.64978780382
5984.53801522896
5667.66849771284
6205.54182540658
5855.59533547205
5603.37913147373
5255.88827924641
5554.92794374508
5597.42467727883
5645.94431105476
6170.91099439452
5756.74400462894
5966.22473547763
5790.68499758318
5614.57967911753
5785.12519707403
6219.84432903940
5667.14134293158
5413.72856153481
5586.10637898712
5599.17497735366
5651.66551947677
5530.38520989193
5870.70682596580
5531.54605129574
5792.17854950210
6052.08057661552
6253.70224497687
5663.19825422131
5818.89463715321
5718.30336424478
5720.98677435144
5692.28066195148
5690.07034699258
5947.53809859929
5439.04202242526
5998.76981263842
5696.04748694211
5716.76551938233
5833.91411878781
5785.52087720355
5671.62786641380
5690.31371180245
5894.71650917025
5626.86969654773
6032.33733688328
5590.74462798332
5807.19022539592
5744.06789269232
5929.83012691646
5567.78641836826
5686.00144659222
6210.16159608840
5298.35468548634
6085.88213744737
5927.09494476870
5764.62040141254
6065.00544511516
5639.63993636841
5643.18909686410
5815.89686884597
5877.75065640361
5564.60475036787
5521.44237698930
5650.66657361001
5709.70169410083
5808.75096702460
5480.86977312564
5883.23441165587
5578.00757479559
5437.52270631424
5373.99045813853
5753.16312306759
5816.59696283037
5659.06618064188
5745.19201726449
5898.34878840495
5565.44683485332
5562.47513474851
6003.33348301296
5712.60119070954
5551.74544520358
5768.26559338485
5807.35227629085
5668.54279380767
5793.15426649044
6141.00985756724
5708.73526573610
5543.65849221476
5843.01700862746
5868.17886294065
5882.30043907139
6210.38841174088
5528.48659128207
5599.71604744397
5850.09793471700
5863.47002885337
5494.23869914264
5695.15568693592
5573.36484955615
5674.37657777097
5890.12418974005
5885.77634682648
5638.49949512637
6054.22371884135
6009.71886945483
6049.41839438934
5498.44565404669
5577.40618220648
5713.24426699670
5932.83454715323
5919.81937774022
5533.38250068285
5727.07615303670
5782.76222782520
5962.22661719440
5691.09702091003
5807.82690340317
5705.34042788822
5743.69737503299
6036.98162525270
5473.10003253960
5842.63792447562
5904.68460399767
5855.66788602057
5874.79320462650
5743.80351031795
5635.15923140043
5732.09786308638
5796.95332007668
5652.91258839325
6018.53526032342
5860.94025622091
5925.19902079029
5791.93227114904
5718.54246381771
5928.00423451827
5559.38795608499
5818.39150949715
5800.42866987074
5728.01021187011
5834.69097686097
5758.40773053688
5659.41197675786
5630.27194244044
6033.31594530613
5981.95032663234
5776.40817268433
6094.98830910003
5547.58335212218
5966.39181973797
6280.39794939897
5879.59097268526
5462.78434957315
5790.88507795240
5999.71490078609
5457.72701643492
6134.23403930966
5684.75781883921
5681.20442025613
5719.53871689062
5730.88050222269
5642.55810984767
5573.86797005220
5860.91912690594
6156.46425249729
6304.15505189667
5863.09100749561
5855.22606651374
5694.75088950769
5858.60113357410
5644.97250275574
5651.28401812321
5537.84610933847
5740.62691452128
5768.82955131074
5961.00476260022
5417.65246994866
5839.34279355754
5515.98103874463
6033.29715643689
6082.65315587769
5332.75892751164
5493.92533797250
5620.55281188068
5613.95433978598
5832.12880602076
5610.11650736034
5773.43743356249
5955.15269594658
5582.82921825977
5476.62628778996
5347.56392588609
5840.26055374585
5516.39405315574
5700.59510989792
5838.88665396261
5711.62648224930
5739.39491049676
5235.73105783429
5813.34444850421
5864.88167515534
5588.93619438027
5688.21272388559
5471.90326248196
5648.08337184909
5924.02774910819
5662.93880356622
5838.99754512780
5705.06606612309
5732.34802708808
5970.42329627062
5660.57443391490
5492.07923277821
5620.63147658332
5960.55271025957
5815.16255460694
5571.36061151908
5678.77235755044
5719.84899722059
5844.56951333744
5523.83359832933
5824.13856846689
5824.68633852104
5518.37989777415
5643.61547881187
5868.81364849656
6029.69575836701
5648.07829264666
5613.80365086116
5760.97657507329
5993.79279766341
5981.48868604221
5668.31639718171
5820.18496344143
6075.88536770500
5823.74070229581
5876.26593256911
5954.24628843868
5850.04783801194
5658.61456178913
5642.56605569380
5413.91125904752
5663.59087190072
5484.16126760816
5735.59256719407
5812.93909540697
5767.40668399437
5381.62470255212
5499.94799848174
5194.16435879928
5744.83839536581
5668.44203589313
5764.36047009306
5640.94549157407
6028.82111241224
5912.48943739652
5877.32604518040
5596.66040274143
5636.15870557361
6039.93510337160
5908.23277208736
5936.75692720588
5831.75530563464
5785.44586014211
6116.17075283600
5588.36674887243
5654.66130453763
5761.94096897652
5735.03753773127
6016.29673133415
6077.55675942284
5470.85720573443
6348.50261050001
5552.44523485491
5841.90611000231
5766.92937981778
5830.65021696538
5922.54246527259
6046.67710714089
5849.98195443502
5929.02185011729
5779.37334095946
5851.46942974764
5904.46277527994
5815.05518241391
5637.41278138539
6006.00969213723
5559.05091394547
5981.52099590864
5771.18059349195
6155.75701687874
5595.50677102727
5936.69482518319
5741.84737105048
5685.31518738261
5643.88716446085
6026.50143580088
6049.31015995624
5859.77735786333
5982.30088328565
5606.66343269602
5882.48800010572
5709.90536579052
5583.51075681812
5738.48149359900
5972.46934760584
6015.72921028134
5566.86561579428
5717.15497990353
6058.70075794448
6070.23595026031
6120.60741870892
5902.80408953219
6146.78335017680
5756.04359739376
5714.94176399161
5990.07111416764
5955.73726904781
5898.11843430816
6038.32635295591
5792.25414326039
5761.19414727654
5752.35099107464
6006.52139144435
5543.88199004661
5781.34612482868
5881.98342367016
5660.23084977985
5496.52220050335
5856.14789665601
5860.99659645034
5639.01578184107
5802.79522665618
5988.07678069281
5751.07117821093
5656.19523359046
5636.71148195991
5929.76160328259
5586.83037998371
6093.35322826301
5886.75296966475
5892.78241720355
5690.00178754426
5918.20326567868
5883.22694582935
5614.01589334500
5891.51901241400
5945.22013707712
5844.81488562979
6173.48699694705
6086.48654517594
5741.82169488058
5642.11467316786
5983.82110717311
5888.41566451405
5630.72123646491
5759.05075931222
5560.67781961888
6153.86950741407
5709.78781919466
5906.31277027765
5510.53501491572
5863.10504362076
5668.72534684093
5906.52440655098
6079.34647045965
5604.08373036528
5772.23490041928
5987.95280836492
5567.65561111022
5920.72679716622
5895.64166737577