最优解为:1676.2912
最优解路径:

Best_route =

  1 至 24 列

    21    22    25    18    23    24    14     0     0     0     0     0     0     0     0     0     0     0     0     0     0     0     0     0
     3    17    13     1     9    15    11     0     0     0     0     0     0     0     0     0     0     0     0     0     0     0     0     0
     5    27    28    29    30     6     7     8    16    10     0     0     0     0     0     0     0     0     0     0     0     0     0     0
     0     0     0     0     0     0     0     0     0     0     0     0     0     0     0     0     0     0     0     0     0     0     0     0
     4    19    20     2    26    12     0     0     0     0     0     0     0     0     0     0     0     0     0     0     0     0     0     0

  25 至 31 列

     0     0     0     0     0     0     0
     0     0     0     0     0     0     0
     0     0     0     0     0     0     0
     0     0     0     0     0     0     0
     0     0     0     0     0     0     0

本次运算用时:84.606秒
算法在第468代时收敛

best
1731.67940798861
1731.67940798861
1731.67940798861
1731.67940798861
1731.67940798861
1731.67940798861
1731.67940798861
1731.67940798861
1731.67940798861
1731.67940798861
1731.67940798861
1731.67940798861
1731.67940798861
1731.67940798861
1731.67940798861
1731.67940798861
1731.67940798861
1731.67940798861
1731.67940798861
1731.67940798861
1731.67940798861
1731.67940798861
1731.67940798861
1731.67940798861
1731.67940798861
1731.67940798861
1731.67940798861
1731.67940798861
1731.67940798861
1731.67940798861
1731.67940798861
1731.67940798861
1731.67940798861
1731.67940798861
1731.67940798861
1731.67940798861
1731.67940798861
1731.67940798861
1731.67940798861
1731.67940798861
1731.67940798861
1731.67940798861
1731.67940798861
1731.67940798861
1731.67940798861
1731.67940798861
1731.67940798861
1731.67940798861
1731.67940798861
1731.67940798861
1731.67940798861
1731.67940798861
1731.67940798861
1731.67940798861
1731.67940798861
1731.67940798861
1731.67940798861
1731.67940798861
1731.67940798861
1731.67940798861
1731.67940798861
1731.67940798861
1731.67940798861
1731.67940798861
1731.67940798861
1731.67940798861
1731.67940798861
1731.67940798861
1731.67940798861
1731.67940798861
1731.67940798861
1731.67940798861
1731.67940798861
1731.67940798861
1731.67940798861
1731.67940798861
1731.67940798861
1731.67940798861
1731.67940798861
1731.67940798861
1731.67940798861
1731.67940798861
1731.67940798861
1731.67940798861
1731.67940798861
1731.67940798861
1731.67940798861
1731.67940798861
1731.67940798861
1731.67940798861
1731.67940798861
1731.67940798861
1731.67940798861
1731.67940798861
1731.67940798861
1731.67940798861
1731.67940798861
1731.67940798861
1731.67940798861
1731.67940798861
1731.67940798861
1731.67940798861
1731.67940798861
1731.67940798861
1731.67940798861
1731.67940798861
1731.67940798861
1731.67940798861
1731.67940798861
1731.67940798861
1731.67940798861
1731.67940798861
1731.67940798861
1731.67940798861
1731.67940798861
1731.67940798861
1731.67940798861
1731.67940798861
1731.67940798861
1731.67940798861
1731.67940798861
1731.67940798861
1731.67940798861
1731.67940798861
1731.67940798861
1731.67940798861
1731.67940798861
1731.67940798861
1731.67940798861
1731.67940798861
1731.67940798861
1731.67940798861
1731.67940798861
1731.67940798861
1731.67940798861
1731.67940798861
1731.67940798861
1731.67940798861
1731.67940798861
1731.67940798861
1731.67940798861
1731.67940798861
1731.67940798861
1731.67940798861
1731.67940798861
1731.67940798861
1731.67940798861
1731.67940798861
1731.67940798861
1731.67940798861
1731.67940798861
1731.67940798861
1731.67940798861
1731.67940798861
1731.67940798861
1731.67940798861
1731.67940798861
1731.67940798861
1731.67940798861
1731.67940798861
1729.77145830754
1729.77145830754
1729.77145830754
1729.77145830754
1729.77145830754
1714.35014347547
1714.35014347547
1714.35014347547
1714.35014347547
1714.35014347547
1714.35014347547
1714.35014347547
1714.35014347547
1714.35014347547
1714.35014347547
1714.35014347547
1714.35014347547
1714.35014347547
1714.35014347547
1714.35014347547
1714.35014347547
1714.35014347547
1714.35014347547
1714.35014347547
1714.35014347547
1714.35014347547
1714.35014347547
1714.35014347547
1714.35014347547
1707.20684459626
1707.20684459626
1707.20684459626
1707.20684459626
1707.20684459626
1707.20684459626
1707.20684459626
1707.20684459626
1707.20684459626
1707.20684459626
1707.20684459626
1707.20684459626
1707.20684459626
1707.20684459626
1707.20684459626
1707.20684459626
1707.20684459626
1707.20684459626
1707.20684459626
1707.20684459626
1707.20684459626
1707.20684459626
1707.20684459626
1707.20684459626
1707.20684459626
1707.20684459626
1707.20684459626
1707.20684459626
1694.77102469699
1694.77102469699
1694.77102469699
1694.77102469699
1694.77102469699
1694.77102469699
1694.77102469699
1694.77102469699
1694.77102469699
1694.77102469699
1694.77102469699
1694.77102469699
1694.77102469699
1694.77102469699
1694.77102469699
1694.77102469699
1694.77102469699
1694.77102469699
1694.77102469699
1694.77102469699
1694.77102469699
1694.77102469699
1694.77102469699
1694.77102469699
1694.77102469699
1694.77102469699
1694.77102469699
1694.77102469699
1694.77102469699
1694.77102469699
1694.77102469699
1694.77102469699
1694.77102469699
1694.77102469699
1694.77102469699
1694.77102469699
1694.77102469699
1694.77102469699
1694.77102469699
1694.77102469699
1694.77102469699
1694.77102469699
1694.77102469699
1694.77102469699
1694.77102469699
1694.77102469699
1694.77102469699
1694.77102469699
1694.77102469699
1694.77102469699
1694.77102469699
1694.77102469699
1694.77102469699
1694.77102469699
1694.77102469699
1694.77102469699
1694.77102469699
1694.77102469699
1694.77102469699
1694.77102469699
1694.77102469699
1694.77102469699
1694.77102469699
1694.77102469699
1694.77102469699
1694.77102469699
1694.77102469699
1694.77102469699
1694.77102469699
1694.77102469699
1694.77102469699
1694.77102469699
1694.77102469699
1694.77102469699
1694.77102469699
1694.77102469699
1694.77102469699
1694.77102469699
1694.77102469699
1694.77102469699
1694.77102469699
1694.77102469699
1694.77102469699
1694.77102469699
1694.77102469699
1694.77102469699
1694.77102469699
1694.77102469699
1694.77102469699
1694.77102469699
1694.77102469699
1694.77102469699
1694.77102469699
1694.77102469699
1694.77102469699
1694.77102469699
1694.77102469699
1694.77102469699
1694.77102469699
1694.77102469699
1694.77102469699
1694.77102469699
1694.77102469699
1694.77102469699
1694.77102469699
1694.77102469699
1694.77102469699
1694.77102469699
1694.77102469699
1694.77102469699
1694.77102469699
1694.77102469699
1694.77102469699
1694.77102469699
1694.77102469699
1694.77102469699
1694.77102469699
1694.77102469699
1694.77102469699
1694.77102469699
1694.77102469699
1694.77102469699
1694.77102469699
1694.77102469699
1694.77102469699
1694.77102469699
1694.77102469699
1694.77102469699
1694.77102469699
1694.77102469699
1694.77102469699
1694.77102469699
1694.77102469699
1694.77102469699
1694.77102469699
1694.77102469699
1694.77102469699
1694.77102469699
1694.77102469699
1694.77102469699
1694.77102469699
1694.77102469699
1694.77102469699
1694.77102469699
1694.77102469699
1694.77102469699
1694.77102469699
1694.77102469699
1694.77102469699
1694.77102469699
1694.77102469699
1694.77102469699
1694.77102469699
1694.77102469699
1694.77102469699
1694.77102469699
1694.77102469699
1694.77102469699
1694.77102469699
1694.77102469699
1694.77102469699
1694.77102469699
1694.77102469699
1694.77102469699
1694.77102469699
1694.77102469699
1694.77102469699
1694.77102469699
1694.77102469699
1694.77102469699
1694.77102469699
1694.77102469699
1694.77102469699
1694.77102469699
1694.77102469699
1694.77102469699
1694.77102469699
1694.77102469699
1694.77102469699
1694.77102469699
1694.77102469699
1694.77102469699
1694.77102469699
1694.77102469699
1694.77102469699
1694.77102469699
1694.77102469699
1694.77102469699
1694.77102469699
1694.77102469699
1694.77102469699
1694.77102469699
1694.77102469699
1694.77102469699
1694.77102469699
1694.77102469699
1694.77102469699
1694.77102469699
1694.77102469699
1694.77102469699
1694.77102469699
1694.77102469699
1694.77102469699
1694.77102469699
1694.77102469699
1694.77102469699
1694.77102469699
1694.77102469699
1694.77102469699
1694.77102469699
1694.77102469699
1694.77102469699
1694.77102469699
1694.77102469699
1694.77102469699
1694.77102469699
1694.77102469699
1694.77102469699
1694.77102469699
1694.77102469699
1694.77102469699
1694.77102469699
1694.77102469699
1694.77102469699
1694.77102469699
1694.77102469699
1694.77102469699
1694.77102469699
1694.77102469699
1694.77102469699
1694.77102469699
1694.77102469699
1694.77102469699
1694.77102469699
1694.77102469699
1694.77102469699
1694.77102469699
1694.77102469699
1694.77102469699
1694.77102469699
1694.77102469699
1694.77102469699
1694.77102469699
1694.77102469699
1694.77102469699
1694.77102469699
1694.77102469699
1694.77102469699
1694.77102469699
1694.77102469699
1676.29119677623
1676.29119677623
1676.29119677623
1676.29119677623
1676.29119677623
1676.29119677623
1676.29119677623
1676.29119677623
1676.29119677623
1676.29119677623
1676.29119677623
1676.29119677623
1676.29119677623
1676.29119677623
1676.29119677623
1676.29119677623
1676.29119677623
1676.29119677623
1676.29119677623
1676.29119677623
1676.29119677623
1676.29119677623
1676.29119677623
1676.29119677623
1676.29119677623
1676.29119677623
1676.29119677623
1676.29119677623
1676.29119677623
1676.29119677623
1676.29119677623
1676.29119677623
1676.29119677623

ave
2787.89769972663
2553.17349000844
2638.35480597370
2746.40901648520
2639.93925356688
2539.95680441304
2606.26833564239
2753.27396264932
2703.50434223208
2769.90113379625
2675.50614797543
3059.61049035226
2676.97079288797
2905.45433777783
2850.19985319399
2676.67470333975
2833.21971895412
2652.68418068207
2642.30061701299
2830.30345455564
2590.32316188835
2377.59397880436
2457.36763671347
2639.48592078192
2551.09803904797
2791.16409394633
2701.30466727490
2541.27651856619
2454.83849577472
2581.41994862203
2378.07834644369
2466.97327386591
2439.73355265636
2396.43012410280
2525.13862279581
2482.93115252735
2573.24732859754
2395.46921016994
2538.48942867612
2566.99387465985
2438.32826954416
2433.15428140818
2481.89376594595
2455.73810936653
2240.79182828383
2367.70331774064
2664.56821234529
2470.01834255001
2435.40731632776
2691.31659867894
2489.42669101534
2417.79422408791
2390.39984659051
2505.20347044314
2455.11209401294
2348.02020365508
2339.56340211271
2233.08798000618
2517.47097836169
2285.07733282233
2462.99164860639
2258.07309350952
2343.12618258479
2315.63598956430
2230.14475814867
2218.76750758257
2163.12196911932
2044.33072163206
2280.48785362199
2278.05581912546
2231.64031420207
2196.45928322408
2244.78033122970
2044.26383473308
2110.10089337622
2174.92167640096
2183.84641052107
2140.03825352407
2069.53637643853
2330.63655950430
2196.58616104554
2217.87180488416
2095.81923329154
2323.58281652464
2391.84212187613
2044.05002826275
2143.49699779127
2185.87222538709
2110.20661359488
2264.86025200300
2181.47158451603
2023.25938571528
2294.89549919149
2323.15386865517
2209.16781381783
2184.80271441995
2118.25041504097
2209.88296031380
2152.66184343175
2087.17390584995
2082.41043866047
2167.48973909311
2231.24037258806
2234.48126732243
2223.23407018413
2402.91819429090
2036.33638298425
2205.82709718841
2218.64016466155
2313.82832142277
2036.72586970082
2394.36436903827
2267.30622788783
2233.52153359854
2321.78971118138
2199.52870863256
2232.94287689805
2221.03651616290
2328.04772110478
2118.83141892033
2140.95808196208
1881.93012777505
2248.50740898631
1989.42195347025
2044.80616746700
2126.49278314496
2069.10453995192
2174.05880589772
2101.66587215782
1883.86246722904
2057.77842780830
2022.08529204973
2396.57145190265
2299.95049408195
2237.72608233666
2273.16581172596
2158.95412361166
2224.92354853486
2050.95832993039
2186.68187072343
2303.37155769432
2181.71541204570
2332.26816752069
2020.38805535767
2183.54184511825
2050.50927005174
2243.44735799627
2391.34141063014
2202.61081469575
2327.14529726010
2131.28007445850
2206.63721099301
2156.01676286031
2154.73469086835
2220.28328279447
2234.93669737985
2322.65106710439
2296.20242600041
2165.11692634025
2113.21808619117
2237.26792221131
2396.76181267929
2097.25905433060
2257.74250998642
2447.14834842272
2284.69955350198
2012.55960186876
2100.83352201710
2254.15230839441
2501.94873192444
2076.97167628390
2303.11511812143
2146.55264228984
2098.44657653630
2226.66737617391
2037.64036301155
2166.19191519456
2180.00822119494
2063.22033267576
1964.94513181593
2024.91709650974
2276.06446229812
2231.90530430567
2190.92943583706
2153.06004140857
2138.13835959241
2227.44180391625
2131.39655478689
2222.60545266202
2200.36306676936
2282.43229389677
2153.31087187801
2057.87152271556
2257.88206367663
2119.03657372670
2236.68185776291
2211.07408133270
2180.25888273749
2264.71149285145
2047.57794706346
2158.27203446479
2133.92473787488
2225.45580815003
2149.64709312964
2112.30687280542
2092.88176816276
2133.94244722849
2074.52964912905
2226.41378929369
2069.53321688637
2106.25491256475
2150.33776663425
1982.08273934898
1944.42924136945
2060.08906853600
2246.96042652801
2089.74293421802
2044.13261000289
2017.99810987975
1988.21101622553
2114.54839137938
2150.67466477922
1979.82592144097
2178.04534737231
1992.41405437462
2157.16861463513
2337.44805830166
2263.02848604670
2155.18486847084
2158.74546398756
2047.69141693670
2017.80133379958
2110.75147630467
2117.45758515556
2130.63801849961
2149.95175789446
2025.03573540889
2204.98735136940
2013.93586835218
2245.57443753980
1948.61945108746
2043.48927825658
2098.43619326635
2229.65865400924
2209.10997873629
2158.73375636912
2187.89545384489
2107.01833094592
2192.04448038989
2212.17012629446
2009.15897838941
2132.18045991906
2149.54771625204
2123.30672771590
2123.11463282964
2149.44114803022
1929.28991995354
1956.59669489126
2001.24714347234
2074.66328345028
2110.49095371191
2254.59231153104
2029.57210720146
2140.41830208215
2124.10250759998
2094.00155711522
2037.62783501048
2127.42302021665
2164.46694941786
2043.95907747703
2223.63953367455
2092.60090832502
1998.72015383745
1980.87187641693
2138.98321776999
2022.42803907165
2082.41552900838
2104.36198309741
2187.15784546792
2033.40057173994
2237.08161090231
1976.93339281630
2032.40099640540
2133.92160875158
2036.43253418466
2053.76624194661
2032.17364375942
1990.39501210518
2028.58820663148
2117.40112141320
2075.81318160391
1926.61137645593
2040.99648328222
2161.40513341457
1963.76320654501
2154.05637708815
1991.12443950771
1973.19748607827
1933.33135790122
2100.91823820656
2047.92483922737
1974.77623290444
2131.82205501791
2028.78490124590
2137.79022437701
2072.10409949491
1907.04479158336
2008.38261404967
2109.92024293697
2084.93645746157
2149.95158205964
1906.13076398864
2146.49168002523
1936.21215099017
1991.06314792820
1906.40394981293
1900.72774669376
2029.64600071213
2078.10300450184
2026.28652930608
2016.84251248342
2001.87712509331
2110.13568599351
2009.80699871176
2049.28103537910
2145.40526765448
1997.11233168737
2212.52329287232
2159.86662378462
2078.41545075359
2066.50450381248
1936.92973406505
2156.14811124833
2084.70185479281
2243.66289564433
2050.64234123447
2061.39769985976
2091.08340525617
1998.55401634483
2061.75148553158
2053.89517809447
2250.38626543423
2051.51956044673
2109.22694678594
2066.43935965593
2061.40036974550
2146.92800388674
2030.68931291084
2036.07659444149
2299.46442115182
2100.60062908638
2179.03154739618
2179.64462653909
1979.36501869366
2084.76597958930
2050.18441710710
2004.22102843819
2041.82578984865
2103.93209461318
2157.12665346414
1997.52416116366
2133.87667932010
2056.34473491871
2030.56217359031
2288.49634020515
2114.56877669643
2168.28009551680
2217.50649827064
2048.43091075087
2038.04669579595
2194.00934741665
2320.25394630293
2071.48439553987
2146.94193712851
1987.71829067781
2133.07379623422
1983.86223569847
2045.47110794529
2061.67638864934
2149.33499717139
2049.43131149310
2176.76499479705
2208.89808341116
2216.09147244956
2034.89394394771
2097.66630063314
1973.23580723013
1982.35169958399
1986.41553143833
1982.86269404399
2013.67543269682
2083.76711793277
2095.56508872547
2107.11560149341
2172.80254355942
2135.85128336756
2181.41634871255
2159.68189514284
1931.50737613469
1994.41839993347
2028.06725266994
1918.28042508698
2087.76949638366
2249.85803872943
2069.49121378133
2050.98415473969
2304.24016124368
2258.96804991172
1899.30508764244
2020.73621249954
2089.46881576149
2011.33336274187
2141.29340995922
2113.30890987763
2017.52307115034
2175.34968551406
2124.90211500419
2214.23786523786
2039.16784456838
2156.14635649956
2026.86033842729
2084.99317117818
1962.18481438176
2180.26840289313
2091.37939665761
1927.34140612151
1902.44404384922
2303.76067164021
2000.06478528146
2051.72310129417
2000.49926992422
2180.08946826789
2142.92233898781
1966.01968133521
2071.19732718699
2076.95583075987
2112.34209735376
2086.16046834235
2048.42843531651
1995.37795421291
2071.79132936412
2075.32830326042
2165.15229255583
2139.32250284043
2216.79630111421
2151.30588875846
2098.39934725902
2134.88151287498
2148.48079593220
2226.66609871966
2338.62199246630
2129.70319259461
2061.49112539484
2143.43253803423
2312.01948990054
2242.30825729285
2122.21829837218
2242.30896649255
2103.44527936316
2091.36869232721
2215.18997179887
2041.11900102622
2568.80187887324
2182.86301901875
1999.24661009906
2095.06491366216
2324.15519762058
2096.51007458435
2175.67787121381
2312.73579704962
2227.99999661134
2189.84699187703
2279.55055530252
2266.29441340292
2154.59923173904
2181.73931469800
2129.56635126352
2259.39695821490
2081.32526709201
2109.32112533246
2196.49659501036
2232.61213377436
2156.52426224844
2427.67769141506
2216.73644766125
2278.47706313881
2130.91647122342
2088.55725504473
2347.27761978822
2176.59551237534
2117.71084465888
2417.91791737482
2133.53600919168
2231.78268173580
2258.19770337838
2051.44285941016
2292.17559546977
2188.59916436694
2119.09783061205
2153.72415365656