task 1：
目标函数：309.998
决策变量：
x
t1  （大小 5）	t1  （大小 5）	v1  （大小 2）	值
1	1	1	0
1	1	2	0
1	2	1	0
1	2	2	0
1	3	1	0
1	3	2	0
1	4	1	0
1	4	2	0
1	5	1	1
1	5	2	0
2	1	1	0
2	1	2	0
2	2	1	0
2	2	2	0
2	3	1	0
2	3	2	0
2	4	1	1
2	4	2	0
2	5	1	0
2	5	2	0
3	1	1	0
3	1	2	0
3	2	1	1
3	2	2	0
3	3	1	0
3	3	2	0
3	4	1	0
3	4	2	0
3	5	1	0
3	5	2	0
4	1	1	1
4	1	2	0
4	2	1	0
4	2	2	0
4	3	1	0
4	3	2	0
4	4	1	0
4	4	2	0
4	5	1	0
4	5	2	0
5	1	1	0
5	1	2	0
5	2	1	0
5	2	2	0
5	3	1	1
5	3	2	0
5	4	1	0
5	4	2	0
5	5	1	0
5	5	2	0

y
t1  （大小 5）	值
1	0
2	3.51816847360985
3	1.97507439979652
4	5.73784754151844
5	0

时间：1.76秒

task 2：
目标函数：325.946
决策变量：
x
t1  （大小 5）	t1  （大小 5）	v1  （大小 2）	值
1	1	1	0
1	1	2	0
1	2	1	0
1	2	2	1
1	3	1	0
1	3	2	0
1	4	1	0
1	4	2	0
1	5	1	0
1	5	2	0
2	1	1	0
2	1	2	0
2	2	1	0
2	2	2	0
2	3	1	0
2	3	2	0
2	4	1	0
2	4	2	1
2	5	1	0
2	5	2	0
3	1	1	0
3	1	2	1
3	2	1	0
3	2	2	0
3	3	1	0
3	3	2	0
3	4	1	0
3	4	2	0
3	5	1	0
3	5	2	0
4	1	1	0
4	1	2	0
4	2	1	0
4	2	2	0
4	3	1	0
4	3	2	0
4	4	1	0
4	4	2	0
4	5	1	0
4	5	2	1
5	1	1	0
5	1	2	0
5	2	1	0
5	2	2	0
5	3	1	0
5	3	2	1
5	4	1	0
5	4	2	0
5	5	1	0
5	5	2	0

y
t1  （大小 5）	值
1	0
2	0.951971638232989
3	3.60539105752845
4	1.71967906890872
5	2.50531665573193

时间：1.81秒