最优解为:358.795
最优解路径:

Best_route =

    16     4    13     3     8    15    14    10    19    18     1    20     9     2     6    17    12     5     7    11     0
     0     0     0     0     0     0     0     0     0     0     0     0     0     0     0     0     0     0     0     0     0
     0     0     0     0     0     0     0     0     0     0     0     0     0     0     0     0     0     0     0     0     0
     0     0     0     0     0     0     0     0     0     0     0     0     0     0     0     0     0     0     0     0     0
     0     0     0     0     0     0     0     0     0     0     0     0     0     0     0     0     0     0     0     0     0

本次运算用时:41.422秒
算法在第119代时收敛

best
378.771972154861
371.548956944516
371.548956944516
371.548956944516
371.548956944516
371.548956944516
371.548956944516
371.548956944516
370.292015663468
364.321901458917
364.321901458917
363.367161283240
363.367161283240
363.367161283240
363.367161283240
359.295838907340
359.295838907340
359.295838907340
359.295838907340
359.295838907340
359.295838907340
359.295838907340
359.295838907340
359.295838907340
359.295838907340
359.295838907340
359.295838907340
359.295838907340
359.295838907340
359.295838907340
359.295838907340
359.295838907340
359.295838907340
359.295838907340
359.295838907340
359.295838907340
359.295838907340
359.295838907340
359.295838907340
359.295838907340
359.295838907340
359.295838907340
359.295838907340
359.295838907340
359.295838907340
359.295838907340
359.295838907340
359.295838907340
359.295838907340
359.295838907340
359.295838907340
359.295838907340
359.295838907340
359.295838907340
359.295838907340
359.295838907340
359.295838907340
359.295838907340
359.295838907340
359.295838907340
359.295838907340
359.295838907340
359.295838907340
359.295838907340
359.295838907340
359.295838907340
359.295838907340
359.295838907340
359.295838907340
359.295838907340
359.295838907340
359.295838907340
359.295838907340
359.295838907340
359.295838907340
359.295838907340
359.295838907340
359.295838907340
359.295838907340
359.295838907340
359.295838907340
359.295838907340
359.295838907340
359.295838907340
359.295838907340
359.295838907340
359.295838907340
359.295838907340
359.295838907340
359.295838907340
359.295838907340
359.295838907340
359.295838907340
359.295838907340
359.295838907340
359.295838907340
359.295838907340
359.295838907340
359.295838907340
359.295838907340
359.295838907340
359.295838907340
359.295838907340
359.295838907340
359.295838907340
359.295838907340
359.295838907340
359.295838907340
359.295838907340
359.295838907340
359.295838907340
359.295838907340
359.295838907340
359.295838907340
359.295838907340
359.295838907340
359.295838907340
359.295838907340
358.795034177383
358.795034177383
358.795034177383
358.795034177383
358.795034177383
358.795034177383
358.795034177383
358.795034177383
358.795034177383
358.795034177383
358.795034177383
358.795034177383
358.795034177383
358.795034177383
358.795034177383
358.795034177383
358.795034177383
358.795034177383
358.795034177383
358.795034177383
358.795034177383
358.795034177383
358.795034177383
358.795034177383
358.795034177383
358.795034177383
358.795034177383
358.795034177383
358.795034177383
358.795034177383
358.795034177383
358.795034177383
358.795034177383
358.795034177383
358.795034177383
358.795034177383
358.795034177383
358.795034177383
358.795034177383
358.795034177383
358.795034177383
358.795034177383
358.795034177383
358.795034177383
358.795034177383
358.795034177383
358.795034177383
358.795034177383
358.795034177383
358.795034177383
358.795034177383
358.795034177383
358.795034177383
358.795034177383
358.795034177383
358.795034177383
358.795034177383
358.795034177383
358.795034177383
358.795034177383
358.795034177383
358.795034177383
358.795034177383
358.795034177383
358.795034177383
358.795034177383
358.795034177383
358.795034177383
358.795034177383
358.795034177383
358.795034177383
358.795034177383
358.795034177383
358.795034177383
358.795034177383
358.795034177383
358.795034177383
358.795034177383
358.795034177383
358.795034177383
358.795034177383
358.795034177383
358.795034177383
358.795034177383
358.795034177383
358.795034177383
358.795034177383
358.795034177383
358.795034177383
358.795034177383
358.795034177383
358.795034177383
358.795034177383
358.795034177383
358.795034177383
358.795034177383
358.795034177383
358.795034177383
358.795034177383
358.795034177383
358.795034177383
358.795034177383
358.795034177383
358.795034177383
358.795034177383
358.795034177383
358.795034177383
358.795034177383
358.795034177383
358.795034177383
358.795034177383
358.795034177383
358.795034177383
358.795034177383
358.795034177383
358.795034177383
358.795034177383
358.795034177383
358.795034177383
358.795034177383
358.795034177383
358.795034177383
358.795034177383
358.795034177383
358.795034177383
358.795034177383
358.795034177383
358.795034177383
358.795034177383
358.795034177383
358.795034177383
358.795034177383
358.795034177383
358.795034177383
358.795034177383
358.795034177383
358.795034177383
358.795034177383
358.795034177383
358.795034177383
358.795034177383
358.795034177383
358.795034177383
358.795034177383
358.795034177383
358.795034177383
358.795034177383
358.795034177383
358.795034177383
358.795034177383
358.795034177383
358.795034177383
358.795034177383
358.795034177383
358.795034177383
358.795034177383
358.795034177383
358.795034177383
358.795034177383
358.795034177383
358.795034177383
358.795034177383
358.795034177383
358.795034177383
358.795034177383
358.795034177383
358.795034177383
358.795034177383
358.795034177383
358.795034177383
358.795034177383
358.795034177383
358.795034177383
358.795034177383
358.795034177383
358.795034177383
358.795034177383
358.795034177383
358.795034177383
358.795034177383
358.795034177383
358.795034177383
358.795034177383
358.795034177383
358.795034177383
358.795034177383
358.795034177383
358.795034177383
358.795034177383
358.795034177383
358.795034177383
358.795034177383
358.795034177383
358.795034177383
358.795034177383
358.795034177383
358.795034177383
358.795034177383
358.795034177383
358.795034177383
358.795034177383
358.795034177383
358.795034177383
358.795034177383
358.795034177383
358.795034177383
358.795034177383
358.795034177383
358.795034177383
358.795034177383
358.795034177383
358.795034177383
358.795034177383
358.795034177383
358.795034177383
358.795034177383
358.795034177383
358.795034177383
358.795034177383
358.795034177383
358.795034177383
358.795034177383
358.795034177383
358.795034177383
358.795034177383
358.795034177383
358.795034177383
358.795034177383
358.795034177383
358.795034177383
358.795034177383
358.795034177383
358.795034177383
358.795034177383
358.795034177383
358.795034177383
358.795034177383
358.795034177383
358.795034177383
358.795034177383
358.795034177383
358.795034177383
358.795034177383
358.795034177383
358.795034177383
358.795034177383
358.795034177383
358.795034177383
358.795034177383
358.795034177383
358.795034177383
358.795034177383
358.795034177383
358.795034177383
358.795034177383
358.795034177383
358.795034177383
358.795034177383
358.795034177383
358.795034177383
358.795034177383
358.795034177383
358.795034177383
358.795034177383
358.795034177383
358.795034177383
358.795034177383
358.795034177383
358.795034177383
358.795034177383
358.795034177383
358.795034177383
358.795034177383
358.795034177383
358.795034177383
358.795034177383
358.795034177383
358.795034177383
358.795034177383
358.795034177383
358.795034177383
358.795034177383
358.795034177383
358.795034177383
358.795034177383
358.795034177383
358.795034177383
358.795034177383
358.795034177383
358.795034177383
358.795034177383
358.795034177383
358.795034177383
358.795034177383
358.795034177383
358.795034177383
358.795034177383
358.795034177383
358.795034177383
358.795034177383
358.795034177383
358.795034177383
358.795034177383
358.795034177383
358.795034177383
358.795034177383
358.795034177383
358.795034177383
358.795034177383
358.795034177383
358.795034177383
358.795034177383
358.795034177383
358.795034177383
358.795034177383
358.795034177383
358.795034177383
358.795034177383
358.795034177383
358.795034177383
358.795034177383
358.795034177383
358.795034177383
358.795034177383
358.795034177383
358.795034177383
358.795034177383
358.795034177383
358.795034177383
358.795034177383
358.795034177383
358.795034177383
358.795034177383
358.795034177383
358.795034177383
358.795034177383
358.795034177383
358.795034177383
358.795034177383
358.795034177383
358.795034177383
358.795034177383
358.795034177383
358.795034177383
358.795034177383
358.795034177383
358.795034177383
358.795034177383
358.795034177383
358.795034177383
358.795034177383
358.795034177383
358.795034177383
358.795034177383
358.795034177383
358.795034177383
358.795034177383
358.795034177383
358.795034177383
358.795034177383
358.795034177383
358.795034177383
358.795034177383
358.795034177383
358.795034177383
358.795034177383
358.795034177383
358.795034177383
358.795034177383
358.795034177383
358.795034177383
358.795034177383
358.795034177383
358.795034177383
358.795034177383
358.795034177383
358.795034177383
358.795034177383
358.795034177383
358.795034177383
358.795034177383
358.795034177383

ave
713.729649827084
713.516929892331
695.792633953421
801.031520994565
709.882672309104
662.698582586940
744.184265559815
691.583122639659
599.809713733629
593.273479405833
671.145258535543
594.264199873081
633.866473708105
650.815549289112
620.079326046619
554.868799180110
600.797306665302
631.101365285779
572.514452406508
557.884977366083
507.255269945738
491.947736879211
524.708498795063
538.242499695608
474.319520195919
473.035139539864
550.429130308744
470.277137646102
502.601301859537
455.086908777512
546.745363805527
439.625319506723
472.061817404127
422.849209654915
468.805853007445
455.113878033441
408.641505987045
466.924782892990
438.767676589639
392.583753871506
359.893658450653
391.795178127575
391.408907564985
419.747032587765
377.292983430022
406.172289297395
359.295838907340
389.822075446342
404.883391034111
374.544340450655
391.066084799053
376.565785733359
390.910472138196
360.018028907340
392.326855098855
375.396850120930
359.295838907340
359.295838907340
359.295838907340
360.244815914430
359.295838907340
391.724853411693
360.439320354474
375.374559120867
360.144117911444
359.295838907340
359.295838907340
374.673356692584
374.245530829285
359.295838907340
359.295838907340
359.295838907340
359.957026342084
359.295838907340
359.295838907340
374.734340389576
374.583050466963
375.393220708068
359.295838907340
375.540475821198
359.295838907340
390.543213481267
375.699406816128
359.904169336062
390.762397421381
360.175302155339
374.245530829285
374.731331022360
360.373570241073
375.411955809273
389.330059091476
390.501223303444
359.295838907340
359.295838907340
389.909216980948
374.418013907340
374.557119834971
391.560555355183
375.351378264244
374.690060842100
360.252693351576
391.253697266623
390.098107980251
359.295838907340
359.295838907340
359.621081199406
374.356604804204
359.821017991148
360.140283037581
360.043361590831
375.152168577145
359.634654517346
359.295838907340
391.951135080614
359.295838907340
374.356604804204
360.184508781267
390.726999858364
375.590649756037
450.181116265168
420.319840092032
419.607025762108
435.556750189816
420.514473580884
452.366001970630
405.190353899936
419.483098661824
389.403600901236
435.737894383825
389.371078699007
404.336299270748
374.937356664040
451.208841823777
359.407349864728
406.734950475316
376.221279906522
389.728633909899
405.660018002952
359.295838907340
375.211232640182
376.049945670463
405.366657362428
389.609345677912
374.943182912038
359.621081199406
359.295838907340
359.295838907340
408.239707636499
391.032121219148
375.250994236226
359.446016452913
374.723462701533
375.414838778030
359.295838907340
374.619820064971
359.295838907340
359.295838907340
375.812004539685
360.044595895831
360.029540650898
374.245530829285
375.657564644042
374.512707694659
359.295838907340
406.246505874549
359.295838907340
375.638955864986
360.212323555384
375.598745271419
390.080045571438
359.295838907340
391.659020480527
359.295838907340
405.969677755412
359.295838907340
376.922465861523
392.740919269408
359.295838907340
374.808290485544
374.949328755295
359.295838907340
360.177706756600
389.943935916770
359.791309419679
359.295838907340
374.431837385873
374.743113138534
374.512707694659
360.014221783708
359.295838907340
375.003474646574
359.295838907340
359.798737381268
360.049483903705
376.169817304056
375.213017639579
359.295838907340
359.295838907340
359.295838907340
374.508960329740
374.245530829285
359.295838907340
359.729361608556
377.208948706659
374.884952604176
375.392090093169
359.295838907340
359.295838907340
375.129483186535
359.295838907340
359.295838907340
374.752502859556
359.295838907340
359.295838907340
375.251280555075
359.295838907340
359.767281081711
376.011486230628
374.683304412040
359.295838907340
360.198455051154
359.295838907340
390.404841107823
374.638925246638
375.275690370532
359.295838907340
375.222324240569
359.295838907340
374.838448632477
390.902355915146
374.555464680964
389.668998936948
391.646897625671
360.140283037581
359.295838907340
359.295838907340
375.298500334221
390.358746238654
359.880148683216
359.407349864728
359.295838907340
359.295838907340
390.782652280401
359.511521218867
376.371395931274
420.283685851627
375.278063714738
359.295838907340
406.105049016515
359.295838907340
359.295838907340
390.357524239202
374.852860535247
374.891483835241
359.822795002404
406.524584509067
359.295838907340
359.295838907340
359.295838907340
359.407349864728
360.739637578495
374.622431748358
359.295838907340
375.190100553353
392.672151193454
390.988251902658
359.295838907340
359.295838907340
405.913036614191
390.697405307483
376.120195903154
359.295838907340
391.148675365297
375.574438021220
360.033013019485
359.732763490644
375.832834139162
359.863254578498
374.874898988096
359.960100071090
359.295838907340
375.631357857140
375.078198666801
375.480380842994
360.271436979115
390.806302737917
359.295838907340
375.846552298469
391.818345795210
389.863642313609
374.356604804204
359.295838907340
374.555464680964
389.734885110127
389.784441927514
359.295838907340
389.381529307818
374.549175811194
391.817626772023
375.358956318948
389.440533985036
375.050795694338
359.295838907340
359.295838907340
360.018432303579
360.010502266756
359.295838907340
374.975458460273
390.224744236042
360.726294032208
374.349719904288
359.295838907340
359.295838907340
374.356604804204
438.361871824221
389.679294834971
375.470351381150
359.295838907340
375.042906183761
374.619820064971
360.112696153467
375.674058142322
389.784441927514
390.535649109542
389.472275997160
376.257368454060
359.295838907340
359.295838907340
375.261687061093
359.999696219892
359.965454592200
375.508236839215
374.318358985036
374.985568215118
359.960100071090
374.555464680964
374.690060842100
375.857498329384
359.687035796898
374.452130149630
360.700549512797
375.929737986564
359.295838907340
375.293415531794
376.429318774931
359.901213686803
359.295838907340
359.295838907340
359.621081199406
375.913639521054
359.578665025909
390.747702546185
359.295838907340
359.295838907340
375.050795694338
375.222324240569
359.295838907340
359.295838907340
359.759340446811
374.512707694659
359.295838907340
390.778008637893
375.308849182105
376.329181241507
374.820549335425
359.295838907340
359.295838907340
360.240758924072
376.044639461307
359.295838907340
391.442359429839
359.295838907340
377.100390750403
374.583050466963
359.715292223213
375.238472653464
359.295838907340
359.295838907340
374.875216268420
359.981696257507
359.295838907340
375.129358127894
375.039273380845
359.715292223213
374.318358985036
360.409000206677
375.296237470424
359.295838907340
375.826997053412
359.916968867307
375.278058077203
375.053061144816
359.676736103633
360.039250822411
374.512707694659
359.410359231945
374.557119834971
359.295838907340
359.295838907340
359.295838907340
375.222324240569
374.557119834971
389.497134087883
359.295838907340
389.915739075627
375.888732331360
375.313459116620
360.858367198863
391.130650084118
360.365172425890
390.696888262761
390.706407136982
391.203004994518
375.105172988358
375.590828517154
359.295838907340
359.295838907340
376.226224818157
390.870827045969
359.724287287487
374.334852483316
359.295838907340
374.349719904288
375.650048587760
359.295838907340
374.988017383740
359.901213686803
359.971133873650
374.384761563188
374.425228628163
376.678949360122
359.295838907340
359.295838907340
359.295838907340
360.412690133009
390.628661162091
359.295838907340
374.431837385873
359.295838907340
359.295838907340
359.295838907340
374.557119834971
375.419727611291
376.000275657649
359.407349864728
360.049483903705
376.347247014228
374.273250605799
359.295838907340
406.440399473537
374.854114680964
389.698115512119
374.245530829285
390.232763638880
359.295838907340
391.333462082659
423.115700313928
390.076903191004
359.295838907340
359.950409706645
374.964980526283
375.463106793846
375.239908694668
359.295838907340
375.399015651772
359.295838907340
389.560462165423
375.059889150396
376.524945317203
359.295838907340
359.410359231945
359.295838907340
375.073290559021
359.295838907340
375.194164034529
374.667970783633
390.928397447765
374.619820064971
375.701191739283
359.295838907340
359.295838907340
374.628150685225
376.223122001304
376.322228661053
375.555418012488
359.295838907340
375.963525204535
376.927956463483
359.295838907340
359.798737381268
360.119129168663
375.610551329662
359.295838907340
359.886809407698
374.555464680964
374.912628332612
359.295838907340
359.295838907340
374.349719904288
360.044833152480