最优解为:622.0833
最优解路径:

Best_route =

     0     0     0     0     0     0     0     0     0     0     0     0     0     0     0     0     0     0     0     0     0
     0     0     0     0     0     0     0     0     0     0     0     0     0     0     0     0     0     0     0     0     0
     0     0     0     0     0     0     0     0     0     0     0     0     0     0     0     0     0     0     0     0     0
    13     3    16     4     6    20     9     2     8    11     0     0     0     0     0     0     0     0     0     0     0
    15     1    17    12     5    19    18    14    10     7     0     0     0     0     0     0     0     0     0     0     0

本次运算用时:41.047秒
算法在第51代时收敛

best
632.277424597891
632.277424597891
632.277424597891
632.277424597891
631.592803027111
631.592803027111
631.592803027111
630.761791916930
630.761791916930
630.701947427378
630.701947427378
629.699639776040
629.699639776040
629.699639776040
629.699639776040
629.699639776040
629.439762557226
629.439762557226
629.439762557226
629.439762557226
629.439762557226
629.408968952818
629.408968952818
628.591878868405
626.945678246985
626.945678246985
626.945678246985
626.945678246985
626.945678246985
626.945678246985
626.945678246985
626.945678246985
624.793553929897
624.793553929897
624.793553929897
624.793553929897
624.793553929897
624.793553929897
624.793553929897
624.793553929897
624.793553929897
624.793553929897
624.793553929897
624.793553929897
624.793553929897
624.793553929897
624.793553929897
624.793553929897
624.793553929897
624.793553929897
622.083292381205
622.083292381205
622.083292381205
622.083292381205
622.083292381205
622.083292381205
622.083292381205
622.083292381205
622.083292381205
622.083292381205
622.083292381205
622.083292381205
622.083292381205
622.083292381205
622.083292381205
622.083292381205
622.083292381205
622.083292381205
622.083292381205
622.083292381205
622.083292381205
622.083292381205
622.083292381205
622.083292381205
622.083292381205
622.083292381205
622.083292381205
622.083292381205
622.083292381205
622.083292381205
622.083292381205
622.083292381205
622.083292381205
622.083292381205
622.083292381205
622.083292381205
622.083292381205
622.083292381205
622.083292381205
622.083292381205
622.083292381205
622.083292381205
622.083292381205
622.083292381205
622.083292381205
622.083292381205
622.083292381205
622.083292381205
622.083292381205
622.083292381205
622.083292381205
622.083292381205
622.083292381205
622.083292381205
622.083292381205
622.083292381205
622.083292381205
622.083292381205
622.083292381205
622.083292381205
622.083292381205
622.083292381205
622.083292381205
622.083292381205
622.083292381205
622.083292381205
622.083292381205
622.083292381205
622.083292381205
622.083292381205
622.083292381205
622.083292381205
622.083292381205
622.083292381205
622.083292381205
622.083292381205
622.083292381205
622.083292381205
622.083292381205
622.083292381205
622.083292381205
622.083292381205
622.083292381205
622.083292381205
622.083292381205
622.083292381205
622.083292381205
622.083292381205
622.083292381205
622.083292381205
622.083292381205
622.083292381205
622.083292381205
622.083292381205
622.083292381205
622.083292381205
622.083292381205
622.083292381205
622.083292381205
622.083292381205
622.083292381205
622.083292381205
622.083292381205
622.083292381205
622.083292381205
622.083292381205
622.083292381205
622.083292381205
622.083292381205
622.083292381205
622.083292381205
622.083292381205
622.083292381205
622.083292381205
622.083292381205
622.083292381205
622.083292381205
622.083292381205
622.083292381205
622.083292381205
622.083292381205
622.083292381205
622.083292381205
622.083292381205
622.083292381205
622.083292381205
622.083292381205
622.083292381205
622.083292381205
622.083292381205
622.083292381205
622.083292381205
622.083292381205
622.083292381205
622.083292381205
622.083292381205
622.083292381205
622.083292381205
622.083292381205
622.083292381205
622.083292381205
622.083292381205
622.083292381205
622.083292381205
622.083292381205
622.083292381205
622.083292381205
622.083292381205
622.083292381205
622.083292381205
622.083292381205
622.083292381205
622.083292381205
622.083292381205
622.083292381205
622.083292381205
622.083292381205
622.083292381205
622.083292381205
622.083292381205
622.083292381205
622.083292381205
622.083292381205
622.083292381205
622.083292381205
622.083292381205
622.083292381205
622.083292381205
622.083292381205
622.083292381205
622.083292381205
622.083292381205
622.083292381205
622.083292381205
622.083292381205
622.083292381205
622.083292381205
622.083292381205
622.083292381205
622.083292381205
622.083292381205
622.083292381205
622.083292381205
622.083292381205
622.083292381205
622.083292381205
622.083292381205
622.083292381205
622.083292381205
622.083292381205
622.083292381205
622.083292381205
622.083292381205
622.083292381205
622.083292381205
622.083292381205
622.083292381205
622.083292381205
622.083292381205
622.083292381205
622.083292381205
622.083292381205
622.083292381205
622.083292381205
622.083292381205
622.083292381205
622.083292381205
622.083292381205
622.083292381205
622.083292381205
622.083292381205
622.083292381205
622.083292381205
622.083292381205
622.083292381205
622.083292381205
622.083292381205
622.083292381205
622.083292381205
622.083292381205
622.083292381205
622.083292381205
622.083292381205
622.083292381205
622.083292381205
622.083292381205
622.083292381205
622.083292381205
622.083292381205
622.083292381205
622.083292381205
622.083292381205
622.083292381205
622.083292381205
622.083292381205
622.083292381205
622.083292381205
622.083292381205
622.083292381205
622.083292381205
622.083292381205
622.083292381205
622.083292381205
622.083292381205
622.083292381205
622.083292381205
622.083292381205
622.083292381205
622.083292381205
622.083292381205
622.083292381205
622.083292381205
622.083292381205
622.083292381205
622.083292381205
622.083292381205
622.083292381205
622.083292381205
622.083292381205
622.083292381205
622.083292381205
622.083292381205
622.083292381205
622.083292381205
622.083292381205
622.083292381205
622.083292381205
622.083292381205
622.083292381205
622.083292381205
622.083292381205
622.083292381205
622.083292381205
622.083292381205
622.083292381205
622.083292381205
622.083292381205
622.083292381205
622.083292381205
622.083292381205
622.083292381205
622.083292381205
622.083292381205
622.083292381205
622.083292381205
622.083292381205
622.083292381205
622.083292381205
622.083292381205
622.083292381205
622.083292381205
622.083292381205
622.083292381205
622.083292381205
622.083292381205
622.083292381205
622.083292381205
622.083292381205
622.083292381205
622.083292381205
622.083292381205
622.083292381205
622.083292381205
622.083292381205
622.083292381205
622.083292381205
622.083292381205
622.083292381205
622.083292381205
622.083292381205
622.083292381205
622.083292381205
622.083292381205
622.083292381205
622.083292381205
622.083292381205
622.083292381205
622.083292381205
622.083292381205
622.083292381205
622.083292381205
622.083292381205
622.083292381205
622.083292381205
622.083292381205
622.083292381205
622.083292381205
622.083292381205
622.083292381205
622.083292381205
622.083292381205
622.083292381205
622.083292381205
622.083292381205
622.083292381205
622.083292381205
622.083292381205
622.083292381205
622.083292381205
622.083292381205
622.083292381205
622.083292381205
622.083292381205
622.083292381205
622.083292381205
622.083292381205
622.083292381205
622.083292381205
622.083292381205
622.083292381205
622.083292381205
622.083292381205
622.083292381205
622.083292381205
622.083292381205
622.083292381205
622.083292381205
622.083292381205
622.083292381205
622.083292381205
622.083292381205
622.083292381205
622.083292381205
622.083292381205
622.083292381205
622.083292381205
622.083292381205
622.083292381205
622.083292381205
622.083292381205
622.083292381205
622.083292381205
622.083292381205
622.083292381205
622.083292381205
622.083292381205
622.083292381205
622.083292381205
622.083292381205
622.083292381205
622.083292381205
622.083292381205
622.083292381205
622.083292381205
622.083292381205
622.083292381205
622.083292381205
622.083292381205
622.083292381205
622.083292381205
622.083292381205
622.083292381205
622.083292381205
622.083292381205
622.083292381205
622.083292381205
622.083292381205
622.083292381205
622.083292381205
622.083292381205
622.083292381205
622.083292381205
622.083292381205
622.083292381205
622.083292381205
622.083292381205
622.083292381205
622.083292381205
622.083292381205
622.083292381205
622.083292381205
622.083292381205
622.083292381205
622.083292381205
622.083292381205
622.083292381205
622.083292381205
622.083292381205
622.083292381205
622.083292381205
622.083292381205
622.083292381205
622.083292381205
622.083292381205
622.083292381205
622.083292381205
622.083292381205
622.083292381205
622.083292381205
622.083292381205
622.083292381205
622.083292381205
622.083292381205
622.083292381205
622.083292381205
622.083292381205
622.083292381205
622.083292381205
622.083292381205
622.083292381205
622.083292381205
622.083292381205
622.083292381205
622.083292381205
622.083292381205
622.083292381205
622.083292381205
622.083292381205
622.083292381205
622.083292381205

ave
930.511749836286
935.284472392597
930.095647501899
933.658235956151
914.473061018438
914.444592621860
943.964546742320
913.143738525788
866.320211151100
879.373479437944
926.694836254481
865.679243087639
957.267887629315
882.433481898138
848.304834992862
834.150356140739
846.933403623168
832.129717885074
880.062707473223
891.817253686610
785.074658080462
783.823181770579
785.445324133880
799.993224706496
723.841504696547
768.962339376073
722.263731045625
736.928915011373
721.594415018053
735.805678671364
690.449029224937
722.524475948682
719.544408089335
704.243063936526
688.211582991486
734.269743932454
733.966184148246
734.234546582108
733.404492573130
763.219307962358
734.189370309734
792.480906984011
735.093910293736
733.763061945426
689.181668266437
717.623048142733
658.222629158898
687.607799233097
717.960002931706
703.214571099070
671.950671268204
670.734509109730
670.921640968738
686.149912570044
640.343182548446
684.635506734590
686.051515595683
624.537826064185
654.606755611205
655.028292057732
668.294864237814
638.697518333060
638.991805952420
637.452725946351
623.690168141511
624.242149304822
638.006592756176
654.241981672665
622.083292381205
653.576694218653
638.822360798825
638.230120997190
637.277199710992
622.083292381205
652.577910959121
638.850160263568
637.083292381205
622.502508765196
622.687195860174
622.221900852608
622.493288530386
622.494859972934
622.083292381205
622.713774394145
652.380825921857
652.467130482492
637.589102150977
622.495621332885
652.671920543081
622.314117474948
637.382982010239
637.083292381205
638.021098245235
652.381608030116
623.316423713844
622.083292381205
637.386833825659
622.083292381205
637.529037435679
637.076683623495
622.083292381205
653.416850692179
637.467130482492
622.083292381205
653.105112319080
637.467130482492
622.083292381205
652.873317502816
652.810320954423
623.175493690590
622.083292381205
622.083292381205
622.277199710992
622.903284679567
622.302432471734
622.479589876026
622.083292381205
622.493288530386
638.541653122977
637.453222787368
622.618198347429
622.083292381205
652.083292381205
637.252704159090
637.662958209423
622.083292381205
652.537239837916
638.013661154366
638.013661154366
622.083292381205
622.083292381205
653.574700178471
622.083292381205
638.138401915305
638.539826327491
653.624105412699
652.961990305848
622.372845698855
637.646971493943
622.582458468703
652.937075914265
622.494859972934
652.717879241805
637.494859972934
638.360881763106
638.293664900740
623.075387906737
623.009833785008
668.892859060011
622.083292381205
622.083292381205
622.083292381205
637.235363530386
622.574408117739
622.461749911087
622.083292381205
637.221900852608
637.458884022020
622.582458468703
653.501752247699
637.812224513945
653.136951468067
622.495621332885
669.877750560522
637.780728442740
638.050537035773
622.083292381205
623.892033543225
637.526703313967
622.277199710992
669.237447146352
652.780150695013
622.083292381205
622.083292381205
667.771049562925
622.823430257109
637.589838753326
653.138932133156
622.083292381205
668.749630865603
638.524888075579
622.302432471734
622.083292381205
622.494859972934
637.965090636434
637.812527297894
622.083292381205
622.493509605196
637.252704159090
622.083292381205
637.812527297894
652.972373157702
638.256100295142
652.689859231020
638.131260134677
653.498550165242
653.180772776062
652.314614315965
637.800167917429
637.698595168305
622.494859972934
622.083292381205
622.083292381205
638.119118139456
638.068650083525
623.260498377225
622.083292381205
652.615032465578
622.083292381205
637.864583668022
653.107196408164
622.083292381205
622.083292381205
637.083292381205
622.083292381205
622.494859972934
668.055671071246
652.783819231840
622.083292381205
622.083292381205
637.453222787368
622.221900852608
637.724831539956
622.083292381205
622.717889922827
622.221900852608
622.083292381205
653.332361983695
622.083292381205
637.896547639668
623.098984526713
637.083292381205
622.083292381205
622.493509605196
638.467699850298
652.167693735130
638.717130121009
652.902251075717
638.165976949797
637.629681550534
622.461217366052
654.874764403422
637.306302206533
652.693231309890
622.083292381205
622.083292381205
637.505743766711
622.083292381205
622.481060500854
622.221900852608
622.495621332885
668.465997834211
667.854567338165
637.541118918301
622.853853439293
637.633468444337
652.360657558718
638.018770914027
622.083292381205
622.083292381205
622.582458468703
622.729313919404
638.195841384538
637.884919461476
622.358277057234
623.011393429184
653.091734433837
638.469645380917
637.629681550534
622.277199710993
637.358277057234
653.270051051041
637.547257317705
622.221900852608
622.686336147414
652.664271750819
623.404022209613
637.615010903805
622.936518631438
638.621405690349
668.097905054312
622.493288530386
622.474283741262
637.948807429645
637.160760537187
622.083292381205
622.493288530386
623.489200540208
652.717879241805
652.918953041587
622.742059731919
668.715977215862
622.643930407305
638.287122780854
622.083292381205
622.083292381205
622.358277057234
637.235363530386
652.893842365635
637.314614315965
622.494859972934
622.753243730700
637.726181907694
653.922520855331
622.878856531136
652.991868953140
622.494859972934
638.308060209234
622.352893041287
622.083292381205
637.416646078355
622.631897001789
623.073101547138
622.600048356666
622.083292381205
622.083292381205
638.337193206604
622.083292381205
623.136344214603
623.140881511133
623.425853522036
652.505743766711
653.048268309021
637.399282930000
653.521786400077
622.083292381205
637.233927228710
622.083292381205
622.083292381205
637.167693735130
623.352374666948
622.508363022540
637.621244789582
622.083292381205
637.466685465146
622.494859972934
622.083292381205
638.864299459032
637.835178084006
637.632129029936
622.083292381205
653.511049267865
637.547727676011
638.002331497016
622.221900852608
622.083292381205
622.083292381205
637.833094916779
637.677739710882
622.302432471734
622.779266443486
638.600613351681
622.083292381205
637.955470454414
637.874916403274
622.083292381205
622.083292381205
637.382982010239
653.169543170181
622.461217366052
622.083292381205
637.167693735130
622.490512865380
622.641117236599
622.481060500854
652.244373538836
637.461749911087
622.083292381205
637.083292381205
622.358277057234
622.083292381205
637.505743766711
622.361760033929
653.357607331870
622.966185841600
622.083292381205
637.314614315965
637.533312071678
637.244373538836
638.344993832151
622.423358701128
653.520057930391
622.314881576076
639.030347927979
622.083292381205
622.083292381205
622.083292381205
638.672263260668
622.083292381205
637.655941130566
637.579261326859
637.083292381205
637.180018154829
652.391312630493
622.302432471734
637.535124710992
652.692539300812
637.083292381205
622.358277057234
637.726181907694
623.012088647761
622.235363530386
622.083292381205
637.083292381205
637.463909230541
637.675499376823
669.977279564531
622.083292381205
622.083292381205
622.083292381205
622.083292381205
622.083292381205
622.494859972934
653.237453778492
637.167693735130
637.263931785094
637.466685465146
622.494859972934
622.971651429979
652.399977951597
622.906427564663
622.729313919404
637.899609607094
622.919930614269
622.481060500854
623.104952254441
638.992370785281
637.985469323909
652.713774394145
622.479589876026
637.780728442740
637.878698074221
622.235363530386
637.252704159090
637.552655957010
622.878856531136
622.083292381205
637.303206812564
622.493288530386
622.547727676011
622.083292381205
622.083292381205
653.574365335945
637.583006222998
622.314881576075
622.083292381205
622.292080227001
622.083292381205
622.083292381205
622.083292381205
622.083292381205
622.083292381205
637.083292381205
623.031462013573
637.083292381205
653.779608372031
637.914076356925
622.083292381205
622.083292381205
654.016419526598
638.136178056875
622.726449167805
637.083292381205
622.314881576075
623.290345699815
637.505743766711
622.912504914377
638.798115971851
622.083292381205
637.488251215224
654.348462444722
623.234071532950
622.904856122115
637.314614315965
622.083292381205
638.134117481047
623.058272319016
622.314881576075
638.617543323041
637.747430374493
637.827169063050
638.157595275441
622.494859972934
638.775427284924
638.246150381034
637.415901064917
622.494859972934
622.083292381205
622.494859972934
638.551502263359
637.314614315965
622.083292381205
653.434958290207
652.717879241805
622.493288530386
637.906872570033
653.762812297411
622.083292381205
637.494859972934
637.083292381205