最优解为:11508.1036
最优解路径:

Best_route =

  1 至 24 列

   131   132    63    64   133   134     5     6     0     0     0     0     0     0     0     0     0     0     0     0     0     0     0     0
    59    60    91    92    93    94   191   192    51    52    25    26     0     0     0     0     0     0     0     0     0     0     0     0
    31    32   103   104   117   118   181   182     3     4     0     0     0     0     0     0     0     0     0     0     0     0     0     0
   101   102   109   110    45    46   161   162    85    86     7     8     0     0     0     0     0     0     0     0     0     0     0     0
     0     0     0     0     0     0     0     0     0     0     0     0     0     0     0     0     0     0     0     0     0     0     0     0
     9    10   189   190   195   196   151   152     0     0     0     0     0     0     0     0     0     0     0     0     0     0     0     0
    83    84    43    44   169   170    71    72   145   146     0     0     0     0     0     0     0     0     0     0     0     0     0     0
    15    16    29    30    37    38    77    78   177   178     0     0     0     0     0     0     0     0     0     0     0     0     0     0
   197   198   119   120   187   188   105   106    69    70     0     0     0     0     0     0     0     0     0     0     0     0     0     0
    47    48   107   108    81    82    55    56     0     0     0     0     0     0     0     0     0     0     0     0     0     0     0     0
     0     0     0     0     0     0     0     0     0     0     0     0     0     0     0     0     0     0     0     0     0     0     0     0
     0     0     0     0     0     0     0     0     0     0     0     0     0     0     0     0     0     0     0     0     0     0     0     0
     0     0     0     0     0     0     0     0     0     0     0     0     0     0     0     0     0     0     0     0     0     0     0     0
   111   112    35    36   149   150   121   122    97    98   115   116   165   166     0     0     0     0     0     0     0     0     0     0
    73    74    53    54    33    34    39    40     0     0     0     0     0     0     0     0     0     0     0     0     0     0     0     0
   175   176   139   140   193   194   125   126   123   124     0     0     0     0     0     0     0     0     0     0     0     0     0     0
   173   174   159   160    19    20    89    90   171   172   163   164     0     0     0     0     0     0     0     0     0     0     0     0
   137   138   157   158   127   128   143   144     1     2    75    76     0     0     0     0     0     0     0     0     0     0     0     0
   147   148    57    58    95    96    23    24   185   186    61    62     0     0     0     0     0     0     0     0     0     0     0     0
    11    12   199   200    27    28   129   130   135   136    99   100     0     0     0     0     0     0     0     0     0     0     0     0
   167   168   141   142    17    18   113   114   155   156    67    68     0     0     0     0     0     0     0     0     0     0     0     0
     0     0     0     0     0     0     0     0     0     0     0     0     0     0     0     0     0     0     0     0     0     0     0     0
    21    22    41    42    87    88    13    14   183   184   153   154     0     0     0     0     0     0     0     0     0     0     0     0
   179   180    49    50    79    80    65    66     0     0     0     0     0     0     0     0     0     0     0     0     0     0     0     0
     0     0     0     0     0     0     0     0     0     0     0     0     0     0     0     0     0     0     0     0     0     0     0     0

  25 至 48 列

     0     0     0     0     0     0     0     0     0     0     0     0     0     0     0     0     0     0     0     0     0     0     0     0
     0     0     0     0     0     0     0     0     0     0     0     0     0     0     0     0     0     0     0     0     0     0     0     0
     0     0     0     0     0     0     0     0     0     0     0     0     0     0     0     0     0     0     0     0     0     0     0     0
     0     0     0     0     0     0     0     0     0     0     0     0     0     0     0     0     0     0     0     0     0     0     0     0
     0     0     0     0     0     0     0     0     0     0     0     0     0     0     0     0     0     0     0     0     0     0     0     0
     0     0     0     0     0     0     0     0     0     0     0     0     0     0     0     0     0     0     0     0     0     0     0     0
     0     0     0     0     0     0     0     0     0     0     0     0     0     0     0     0     0     0     0     0     0     0     0     0
     0     0     0     0     0     0     0     0     0     0     0     0     0     0     0     0     0     0     0     0     0     0     0     0
     0     0     0     0     0     0     0     0     0     0     0     0     0     0     0     0     0     0     0     0     0     0     0     0
     0     0     0     0     0     0     0     0     0     0     0     0     0     0     0     0     0     0     0     0     0     0     0     0
     0     0     0     0     0     0     0     0     0     0     0     0     0     0     0     0     0     0     0     0     0     0     0     0
     0     0     0     0     0     0     0     0     0     0     0     0     0     0     0     0     0     0     0     0     0     0     0     0
     0     0     0     0     0     0     0     0     0     0     0     0     0     0     0     0     0     0     0     0     0     0     0     0
     0     0     0     0     0     0     0     0     0     0     0     0     0     0     0     0     0     0     0     0     0     0     0     0
     0     0     0     0     0     0     0     0     0     0     0     0     0     0     0     0     0     0     0     0     0     0     0     0
     0     0     0     0     0     0     0     0     0     0     0     0     0     0     0     0     0     0     0     0     0     0     0     0
     0     0     0     0     0     0     0     0     0     0     0     0     0     0     0     0     0     0     0     0     0     0     0     0
     0     0     0     0     0     0     0     0     0     0     0     0     0     0     0     0     0     0     0     0     0     0     0     0
     0     0     0     0     0     0     0     0     0     0     0     0     0     0     0     0     0     0     0     0     0     0     0     0
     0     0     0     0     0     0     0     0     0     0     0     0     0     0     0     0     0     0     0     0     0     0     0     0
     0     0     0     0     0     0     0     0     0     0     0     0     0     0     0     0     0     0     0     0     0     0     0     0
     0     0     0     0     0     0     0     0     0     0     0     0     0     0     0     0     0     0     0     0     0     0     0     0
     0     0     0     0     0     0     0     0     0     0     0     0     0     0     0     0     0     0     0     0     0     0     0     0
     0     0     0     0     0     0     0     0     0     0     0     0     0     0     0     0     0     0     0     0     0     0     0     0
     0     0     0     0     0     0     0     0     0     0     0     0     0     0     0     0     0     0     0     0     0     0     0     0

  49 至 72 列

     0     0     0     0     0     0     0     0     0     0     0     0     0     0     0     0     0     0     0     0     0     0     0     0
     0     0     0     0     0     0     0     0     0     0     0     0     0     0     0     0     0     0     0     0     0     0     0     0
     0     0     0     0     0     0     0     0     0     0     0     0     0     0     0     0     0     0     0     0     0     0     0     0
     0     0     0     0     0     0     0     0     0     0     0     0     0     0     0     0     0     0     0     0     0     0     0     0
     0     0     0     0     0     0     0     0     0     0     0     0     0     0     0     0     0     0     0     0     0     0     0     0
     0     0     0     0     0     0     0     0     0     0     0     0     0     0     0     0     0     0     0     0     0     0     0     0
     0     0     0     0     0     0     0     0     0     0     0     0     0     0     0     0     0     0     0     0     0     0     0     0
     0     0     0     0     0     0     0     0     0     0     0     0     0     0     0     0     0     0     0     0     0     0     0     0
     0     0     0     0     0     0     0     0     0     0     0     0     0     0     0     0     0     0     0     0     0     0     0     0
     0     0     0     0     0     0     0     0     0     0     0     0     0     0     0     0     0     0     0     0     0     0     0     0
     0     0     0     0     0     0     0     0     0     0     0     0     0     0     0     0     0     0     0     0     0     0     0     0
     0     0     0     0     0     0     0     0     0     0     0     0     0     0     0     0     0     0     0     0     0     0     0     0
     0     0     0     0     0     0     0     0     0     0     0     0     0     0     0     0     0     0     0     0     0     0     0     0
     0     0     0     0     0     0     0     0     0     0     0     0     0     0     0     0     0     0     0     0     0     0     0     0
     0     0     0     0     0     0     0     0     0     0     0     0     0     0     0     0     0     0     0     0     0     0     0     0
     0     0     0     0     0     0     0     0     0     0     0     0     0     0     0     0     0     0     0     0     0     0     0     0
     0     0     0     0     0     0     0     0     0     0     0     0     0     0     0     0     0     0     0     0     0     0     0     0
     0     0     0     0     0     0     0     0     0     0     0     0     0     0     0     0     0     0     0     0     0     0     0     0
     0     0     0     0     0     0     0     0     0     0     0     0     0     0     0     0     0     0     0     0     0     0     0     0
     0     0     0     0     0     0     0     0     0     0     0     0     0     0     0     0     0     0     0     0     0     0     0     0
     0     0     0     0     0     0     0     0     0     0     0     0     0     0     0     0     0     0     0     0     0     0     0     0
     0     0     0     0     0     0     0     0     0     0     0     0     0     0     0     0     0     0     0     0     0     0     0     0
     0     0     0     0     0     0     0     0     0     0     0     0     0     0     0     0     0     0     0     0     0     0     0     0
     0     0     0     0     0     0     0     0     0     0     0     0     0     0     0     0     0     0     0     0     0     0     0     0
     0     0     0     0     0     0     0     0     0     0     0     0     0     0     0     0     0     0     0     0     0     0     0     0

  73 至 96 列

     0     0     0     0     0     0     0     0     0     0     0     0     0     0     0     0     0     0     0     0     0     0     0     0
     0     0     0     0     0     0     0     0     0     0     0     0     0     0     0     0     0     0     0     0     0     0     0     0
     0     0     0     0     0     0     0     0     0     0     0     0     0     0     0     0     0     0     0     0     0     0     0     0
     0     0     0     0     0     0     0     0     0     0     0     0     0     0     0     0     0     0     0     0     0     0     0     0
     0     0     0     0     0     0     0     0     0     0     0     0     0     0     0     0     0     0     0     0     0     0     0     0
     0     0     0     0     0     0     0     0     0     0     0     0     0     0     0     0     0     0     0     0     0     0     0     0
     0     0     0     0     0     0     0     0     0     0     0     0     0     0     0     0     0     0     0     0     0     0     0     0
     0     0     0     0     0     0     0     0     0     0     0     0     0     0     0     0     0     0     0     0     0     0     0     0
     0     0     0     0     0     0     0     0     0     0     0     0     0     0     0     0     0     0     0     0     0     0     0     0
     0     0     0     0     0     0     0     0     0     0     0     0     0     0     0     0     0     0     0     0     0     0     0     0
     0     0     0     0     0     0     0     0     0     0     0     0     0     0     0     0     0     0     0     0     0     0     0     0
     0     0     0     0     0     0     0     0     0     0     0     0     0     0     0     0     0     0     0     0     0     0     0     0
     0     0     0     0     0     0     0     0     0     0     0     0     0     0     0     0     0     0     0     0     0     0     0     0
     0     0     0     0     0     0     0     0     0     0     0     0     0     0     0     0     0     0     0     0     0     0     0     0
     0     0     0     0     0     0     0     0     0     0     0     0     0     0     0     0     0     0     0     0     0     0     0     0
     0     0     0     0     0     0     0     0     0     0     0     0     0     0     0     0     0     0     0     0     0     0     0     0
     0     0     0     0     0     0     0     0     0     0     0     0     0     0     0     0     0     0     0     0     0     0     0     0
     0     0     0     0     0     0     0     0     0     0     0     0     0     0     0     0     0     0     0     0     0     0     0     0
     0     0     0     0     0     0     0     0     0     0     0     0     0     0     0     0     0     0     0     0     0     0     0     0
     0     0     0     0     0     0     0     0     0     0     0     0     0     0     0     0     0     0     0     0     0     0     0     0
     0     0     0     0     0     0     0     0     0     0     0     0     0     0     0     0     0     0     0     0     0     0     0     0
     0     0     0     0     0     0     0     0     0     0     0     0     0     0     0     0     0     0     0     0     0     0     0     0
     0     0     0     0     0     0     0     0     0     0     0     0     0     0     0     0     0     0     0     0     0     0     0     0
     0     0     0     0     0     0     0     0     0     0     0     0     0     0     0     0     0     0     0     0     0     0     0     0
     0     0     0     0     0     0     0     0     0     0     0     0     0     0     0     0     0     0     0     0     0     0     0     0

  97 至 120 列

     0     0     0     0     0     0     0     0     0     0     0     0     0     0     0     0     0     0     0     0     0     0     0     0
     0     0     0     0     0     0     0     0     0     0     0     0     0     0     0     0     0     0     0     0     0     0     0     0
     0     0     0     0     0     0     0     0     0     0     0     0     0     0     0     0     0     0     0     0     0     0     0     0
     0     0     0     0     0     0     0     0     0     0     0     0     0     0     0     0     0     0     0     0     0     0     0     0
     0     0     0     0     0     0     0     0     0     0     0     0     0     0     0     0     0     0     0     0     0     0     0     0
     0     0     0     0     0     0     0     0     0     0     0     0     0     0     0     0     0     0     0     0     0     0     0     0
     0     0     0     0     0     0     0     0     0     0     0     0     0     0     0     0     0     0     0     0     0     0     0     0
     0     0     0     0     0     0     0     0     0     0     0     0     0     0     0     0     0     0     0     0     0     0     0     0
     0     0     0     0     0     0     0     0     0     0     0     0     0     0     0     0     0     0     0     0     0     0     0     0
     0     0     0     0     0     0     0     0     0     0     0     0     0     0     0     0     0     0     0     0     0     0     0     0
     0     0     0     0     0     0     0     0     0     0     0     0     0     0     0     0     0     0     0     0     0     0     0     0
     0     0     0     0     0     0     0     0     0     0     0     0     0     0     0     0     0     0     0     0     0     0     0     0
     0     0     0     0     0     0     0     0     0     0     0     0     0     0     0     0     0     0     0     0     0     0     0     0
     0     0     0     0     0     0     0     0     0     0     0     0     0     0     0     0     0     0     0     0     0     0     0     0
     0     0     0     0     0     0     0     0     0     0     0     0     0     0     0     0     0     0     0     0     0     0     0     0
     0     0     0     0     0     0     0     0     0     0     0     0     0     0     0     0     0     0     0     0     0     0     0     0
     0     0     0     0     0     0     0     0     0     0     0     0     0     0     0     0     0     0     0     0     0     0     0     0
     0     0     0     0     0     0     0     0     0     0     0     0     0     0     0     0     0     0     0     0     0     0     0     0
     0     0     0     0     0     0     0     0     0     0     0     0     0     0     0     0     0     0     0     0     0     0     0     0
     0     0     0     0     0     0     0     0     0     0     0     0     0     0     0     0     0     0     0     0     0     0     0     0
     0     0     0     0     0     0     0     0     0     0     0     0     0     0     0     0     0     0     0     0     0     0     0     0
     0     0     0     0     0     0     0     0     0     0     0     0     0     0     0     0     0     0     0     0     0     0     0     0
     0     0     0     0     0     0     0     0     0     0     0     0     0     0     0     0     0     0     0     0     0     0     0     0
     0     0     0     0     0     0     0     0     0     0     0     0     0     0     0     0     0     0     0     0     0     0     0     0
     0     0     0     0     0     0     0     0     0     0     0     0     0     0     0     0     0     0     0     0     0     0     0     0

  121 至 144 列

     0     0     0     0     0     0     0     0     0     0     0     0     0     0     0     0     0     0     0     0     0     0     0     0
     0     0     0     0     0     0     0     0     0     0     0     0     0     0     0     0     0     0     0     0     0     0     0     0
     0     0     0     0     0     0     0     0     0     0     0     0     0     0     0     0     0     0     0     0     0     0     0     0
     0     0     0     0     0     0     0     0     0     0     0     0     0     0     0     0     0     0     0     0     0     0     0     0
     0     0     0     0     0     0     0     0     0     0     0     0     0     0     0     0     0     0     0     0     0     0     0     0
     0     0     0     0     0     0     0     0     0     0     0     0     0     0     0     0     0     0     0     0     0     0     0     0
     0     0     0     0     0     0     0     0     0     0     0     0     0     0     0     0     0     0     0     0     0     0     0     0
     0     0     0     0     0     0     0     0     0     0     0     0     0     0     0     0     0     0     0     0     0     0     0     0
     0     0     0     0     0     0     0     0     0     0     0     0     0     0     0     0     0     0     0     0     0     0     0     0
     0     0     0     0     0     0     0     0     0     0     0     0     0     0     0     0     0     0     0     0     0     0     0     0
     0     0     0     0     0     0     0     0     0     0     0     0     0     0     0     0     0     0     0     0     0     0     0     0
     0     0     0     0     0     0     0     0     0     0     0     0     0     0     0     0     0     0     0     0     0     0     0     0
     0     0     0     0     0     0     0     0     0     0     0     0     0     0     0     0     0     0     0     0     0     0     0     0
     0     0     0     0     0     0     0     0     0     0     0     0     0     0     0     0     0     0     0     0     0     0     0     0
     0     0     0     0     0     0     0     0     0     0     0     0     0     0     0     0     0     0     0     0     0     0     0     0
     0     0     0     0     0     0     0     0     0     0     0     0     0     0     0     0     0     0     0     0     0     0     0     0
     0     0     0     0     0     0     0     0     0     0     0     0     0     0     0     0     0     0     0     0     0     0     0     0
     0     0     0     0     0     0     0     0     0     0     0     0     0     0     0     0     0     0     0     0     0     0     0     0
     0     0     0     0     0     0     0     0     0     0     0     0     0     0     0     0     0     0     0     0     0     0     0     0
     0     0     0     0     0     0     0     0     0     0     0     0     0     0     0     0     0     0     0     0     0     0     0     0
     0     0     0     0     0     0     0     0     0     0     0     0     0     0     0     0     0     0     0     0     0     0     0     0
     0     0     0     0     0     0     0     0     0     0     0     0     0     0     0     0     0     0     0     0     0     0     0     0
     0     0     0     0     0     0     0     0     0     0     0     0     0     0     0     0     0     0     0     0     0     0     0     0
     0     0     0     0     0     0     0     0     0     0     0     0     0     0     0     0     0     0     0     0     0     0     0     0
     0     0     0     0     0     0     0     0     0     0     0     0     0     0     0     0     0     0     0     0     0     0     0     0

  145 至 168 列

     0     0     0     0     0     0     0     0     0     0     0     0     0     0     0     0     0     0     0     0     0     0     0     0
     0     0     0     0     0     0     0     0     0     0     0     0     0     0     0     0     0     0     0     0     0     0     0     0
     0     0     0     0     0     0     0     0     0     0     0     0     0     0     0     0     0     0     0     0     0     0     0     0
     0     0     0     0     0     0     0     0     0     0     0     0     0     0     0     0     0     0     0     0     0     0     0     0
     0     0     0     0     0     0     0     0     0     0     0     0     0     0     0     0     0     0     0     0     0     0     0     0
     0     0     0     0     0     0     0     0     0     0     0     0     0     0     0     0     0     0     0     0     0     0     0     0
     0     0     0     0     0     0     0     0     0     0     0     0     0     0     0     0     0     0     0     0     0     0     0     0
     0     0     0     0     0     0     0     0     0     0     0     0     0     0     0     0     0     0     0     0     0     0     0     0
     0     0     0     0     0     0     0     0     0     0     0     0     0     0     0     0     0     0     0     0     0     0     0     0
     0     0     0     0     0     0     0     0     0     0     0     0     0     0     0     0     0     0     0     0     0     0     0     0
     0     0     0     0     0     0     0     0     0     0     0     0     0     0     0     0     0     0     0     0     0     0     0     0
     0     0     0     0     0     0     0     0     0     0     0     0     0     0     0     0     0     0     0     0     0     0     0     0
     0     0     0     0     0     0     0     0     0     0     0     0     0     0     0     0     0     0     0     0     0     0     0     0
     0     0     0     0     0     0     0     0     0     0     0     0     0     0     0     0     0     0     0     0     0     0     0     0
     0     0     0     0     0     0     0     0     0     0     0     0     0     0     0     0     0     0     0     0     0     0     0     0
     0     0     0     0     0     0     0     0     0     0     0     0     0     0     0     0     0     0     0     0     0     0     0     0
     0     0     0     0     0     0     0     0     0     0     0     0     0     0     0     0     0     0     0     0     0     0     0     0
     0     0     0     0     0     0     0     0     0     0     0     0     0     0     0     0     0     0     0     0     0     0     0     0
     0     0     0     0     0     0     0     0     0     0     0     0     0     0     0     0     0     0     0     0     0     0     0     0
     0     0     0     0     0     0     0     0     0     0     0     0     0     0     0     0     0     0     0     0     0     0     0     0
     0     0     0     0     0     0     0     0     0     0     0     0     0     0     0     0     0     0     0     0     0     0     0     0
     0     0     0     0     0     0     0     0     0     0     0     0     0     0     0     0     0     0     0     0     0     0     0     0
     0     0     0     0     0     0     0     0     0     0     0     0     0     0     0     0     0     0     0     0     0     0     0     0
     0     0     0     0     0     0     0     0     0     0     0     0     0     0     0     0     0     0     0     0     0     0     0     0
     0     0     0     0     0     0     0     0     0     0     0     0     0     0     0     0     0     0     0     0     0     0     0     0

  169 至 192 列

     0     0     0     0     0     0     0     0     0     0     0     0     0     0     0     0     0     0     0     0     0     0     0     0
     0     0     0     0     0     0     0     0     0     0     0     0     0     0     0     0     0     0     0     0     0     0     0     0
     0     0     0     0     0     0     0     0     0     0     0     0     0     0     0     0     0     0     0     0     0     0     0     0
     0     0     0     0     0     0     0     0     0     0     0     0     0     0     0     0     0     0     0     0     0     0     0     0
     0     0     0     0     0     0     0     0     0     0     0     0     0     0     0     0     0     0     0     0     0     0     0     0
     0     0     0     0     0     0     0     0     0     0     0     0     0     0     0     0     0     0     0     0     0     0     0     0
     0     0     0     0     0     0     0     0     0     0     0     0     0     0     0     0     0     0     0     0     0     0     0     0
     0     0     0     0     0     0     0     0     0     0     0     0     0     0     0     0     0     0     0     0     0     0     0     0
     0     0     0     0     0     0     0     0     0     0     0     0     0     0     0     0     0     0     0     0     0     0     0     0
     0     0     0     0     0     0     0     0     0     0     0     0     0     0     0     0     0     0     0     0     0     0     0     0
     0     0     0     0     0     0     0     0     0     0     0     0     0     0     0     0     0     0     0     0     0     0     0     0
     0     0     0     0     0     0     0     0     0     0     0     0     0     0     0     0     0     0     0     0     0     0     0     0
     0     0     0     0     0     0     0     0     0     0     0     0     0     0     0     0     0     0     0     0     0     0     0     0
     0     0     0     0     0     0     0     0     0     0     0     0     0     0     0     0     0     0     0     0     0     0     0     0
     0     0     0     0     0     0     0     0     0     0     0     0     0     0     0     0     0     0     0     0     0     0     0     0
     0     0     0     0     0     0     0     0     0     0     0     0     0     0     0     0     0     0     0     0     0     0     0     0
     0     0     0     0     0     0     0     0     0     0     0     0     0     0     0     0     0     0     0     0     0     0     0     0
     0     0     0     0     0     0     0     0     0     0     0     0     0     0     0     0     0     0     0     0     0     0     0     0
     0     0     0     0     0     0     0     0     0     0     0     0     0     0     0     0     0     0     0     0     0     0     0     0
     0     0     0     0     0     0     0     0     0     0     0     0     0     0     0     0     0     0     0     0     0     0     0     0
     0     0     0     0     0     0     0     0     0     0     0     0     0     0     0     0     0     0     0     0     0     0     0     0
     0     0     0     0     0     0     0     0     0     0     0     0     0     0     0     0     0     0     0     0     0     0     0     0
     0     0     0     0     0     0     0     0     0     0     0     0     0     0     0     0     0     0     0     0     0     0     0     0
     0     0     0     0     0     0     0     0     0     0     0     0     0     0     0     0     0     0     0     0     0     0     0     0
     0     0     0     0     0     0     0     0     0     0     0     0     0     0     0     0     0     0     0     0     0     0     0     0

  193 至 201 列

     0     0     0     0     0     0     0     0     0
     0     0     0     0     0     0     0     0     0
     0     0     0     0     0     0     0     0     0
     0     0     0     0     0     0     0     0     0
     0     0     0     0     0     0     0     0     0
     0     0     0     0     0     0     0     0     0
     0     0     0     0     0     0     0     0     0
     0     0     0     0     0     0     0     0     0
     0     0     0     0     0     0     0     0     0
     0     0     0     0     0     0     0     0     0
     0     0     0     0     0     0     0     0     0
     0     0     0     0     0     0     0     0     0
     0     0     0     0     0     0     0     0     0
     0     0     0     0     0     0     0     0     0
     0     0     0     0     0     0     0     0     0
     0     0     0     0     0     0     0     0     0
     0     0     0     0     0     0     0     0     0
     0     0     0     0     0     0     0     0     0
     0     0     0     0     0     0     0     0     0
     0     0     0     0     0     0     0     0     0
     0     0     0     0     0     0     0     0     0
     0     0     0     0     0     0     0     0     0
     0     0     0     0     0     0     0     0     0
     0     0     0     0     0     0     0     0     0
     0     0     0     0     0     0     0     0     0

本次运算用时:10775.411秒
算法在第298代时收敛

best
13131.5381187365
12849.1761957650
12849.1761957650
12849.1761957650
12849.1761957650
12849.1761957650
12849.1761957650
12849.1761957650
12616.5424041087
12616.5424041087
12616.5424041087
12616.5424041087
12616.5424041087
12616.5424041087
12616.5424041087
12616.5424041087
12616.5424041087
12616.5424041087
12616.5424041087
12616.5424041087
12334.1883566439
12334.1883566439
12278.1703736931
12278.1703736931
12278.1703736931
12278.1703736931
12278.1703736931
12278.1703736931
12278.1703736931
12278.1703736931
12278.1703736931
12278.1703736931
12278.1703736931
12278.1703736931
12278.1703736931
12278.1703736931
12278.1703736931
12278.1703736931
12278.1703736931
12278.1703736931
12278.1703736931
12246.7724837436
12096.0611251105
12096.0611251105
12096.0611251105
12096.0611251105
12096.0611251105
12096.0611251105
12096.0611251105
12096.0611251105
12096.0611251105
12096.0611251105
12096.0611251105
11959.9443736113
11959.9443736113
11959.9443736113
11959.9443736113
11959.9443736113
11959.9443736113
11959.9443736113
11959.9443736113
11959.9443736113
11959.9443736113
11959.9443736113
11959.9443736113
11959.9443736113
11959.9443736113
11959.9443736113
11959.9443736113
11959.9443736113
11959.9443736113
11959.9443736113
11959.9443736113
11959.9443736113
11924.7435600558
11924.7435600558
11924.7435600558
11924.7435600558
11924.7435600558
11924.7435600558
11924.7435600558
11924.7435600558
11924.7435600558
11924.7435600558
11924.7435600558
11924.7435600558
11924.7435600558
11909.5266713045
11909.5266713045
11909.5266713045
11909.5266713045
11909.5266713045
11909.5266713045
11909.5266713045
11909.5266713045
11909.5266713045
11909.5266713045
11909.5266713045
11909.5266713045
11909.5266713045
11909.5266713045
11909.5266713045
11909.5266713045
11909.5266713045
11909.5266713045
11909.5266713045
11909.5266713045
11909.5266713045
11753.2315538022
11753.2315538022
11753.2315538022
11753.2315538022
11753.2315538022
11753.2315538022
11753.2315538022
11753.2315538022
11753.2315538022
11753.2315538022
11753.2315538022
11753.2315538022
11753.2315538022
11753.2315538022
11753.2315538022
11753.2315538022
11753.2315538022
11753.2315538022
11753.2315538022
11753.2315538022
11753.2315538022
11753.2315538022
11753.2315538022
11753.2315538022
11753.2315538022
11753.2315538022
11753.2315538022
11753.2315538022
11693.4046823175
11693.4046823175
11693.4046823175
11693.4046823175
11693.4046823175
11693.4046823175
11693.4046823175
11693.4046823175
11693.4046823175
11693.4046823175
11693.4046823175
11693.4046823175
11693.4046823175
11693.4046823175
11693.4046823175
11693.4046823175
11693.4046823175
11693.4046823175
11693.4046823175
11693.4046823175
11693.4046823175
11693.4046823175
11693.4046823175
11693.4046823175
11693.4046823175
11693.4046823175
11693.4046823175
11693.4046823175
11693.4046823175
11693.4046823175
11693.4046823175
11693.4046823175
11693.4046823175
11693.4046823175
11693.4046823175
11693.4046823175
11693.4046823175
11693.4046823175
11693.4046823175
11693.4046823175
11693.4046823175
11693.4046823175
11693.4046823175
11693.4046823175
11693.4046823175
11693.4046823175
11693.4046823175
11693.4046823175
11693.4046823175
11693.4046823175
11693.4046823175
11693.4046823175
11693.4046823175
11693.4046823175
11693.4046823175
11693.4046823175
11693.4046823175
11693.4046823175
11693.4046823175
11693.4046823175
11693.4046823175
11693.4046823175
11693.4046823175
11693.4046823175
11693.4046823175
11693.4046823175
11693.4046823175
11693.4046823175
11693.4046823175
11693.4046823175
11693.4046823175
11693.4046823175
11693.4046823175
11693.4046823175
11693.4046823175
11693.4046823175
11693.4046823175
11693.4046823175
11693.4046823175
11693.4046823175
11693.4046823175
11693.4046823175
11693.4046823175
11693.4046823175
11693.4046823175
11693.4046823175
11693.4046823175
11693.4046823175
11693.4046823175
11693.4046823175
11693.4046823175
11693.4046823175
11693.4046823175
11693.4046823175
11693.4046823175
11693.4046823175
11693.4046823175
11693.4046823175
11693.4046823175
11693.4046823175
11693.4046823175
11693.4046823175
11693.4046823175
11693.4046823175
11693.4046823175
11693.4046823175
11693.4046823175
11693.4046823175
11693.4046823175
11693.4046823175
11693.4046823175
11693.4046823175
11693.4046823175
11693.4046823175
11693.4046823175
11693.4046823175
11693.4046823175
11693.4046823175
11693.4046823175
11693.4046823175
11693.4046823175
11693.4046823175
11693.4046823175
11693.4046823175
11693.4046823175
11693.4046823175
11693.4046823175
11693.4046823175
11693.4046823175
11693.4046823175
11693.4046823175
11693.4046823175
11693.4046823175
11693.4046823175
11693.4046823175
11693.4046823175
11693.4046823175
11693.4046823175
11693.4046823175
11693.4046823175
11693.4046823175
11693.4046823175
11693.4046823175
11693.4046823175
11693.4046823175
11693.4046823175
11693.4046823175
11693.4046823175
11693.4046823175
11693.4046823175
11693.4046823175
11693.4046823175
11693.4046823175
11693.4046823175
11693.4046823175
11693.4046823175
11693.4046823175
11693.4046823175
11693.4046823175
11693.4046823175
11693.4046823175
11508.1035601797
11508.1035601797
11508.1035601797
11508.1035601797
11508.1035601797
11508.1035601797
11508.1035601797
11508.1035601797
11508.1035601797
11508.1035601797
11508.1035601797
11508.1035601797
11508.1035601797
11508.1035601797
11508.1035601797
11508.1035601797
11508.1035601797
11508.1035601797
11508.1035601797
11508.1035601797
11508.1035601797
11508.1035601797
11508.1035601797
11508.1035601797
11508.1035601797
11508.1035601797
11508.1035601797
11508.1035601797
11508.1035601797
11508.1035601797
11508.1035601797
11508.1035601797
11508.1035601797
11508.1035601797
11508.1035601797
11508.1035601797
11508.1035601797
11508.1035601797
11508.1035601797
11508.1035601797
11508.1035601797
11508.1035601797
11508.1035601797
11508.1035601797
11508.1035601797
11508.1035601797
11508.1035601797
11508.1035601797
11508.1035601797
11508.1035601797
11508.1035601797
11508.1035601797
11508.1035601797
11508.1035601797
11508.1035601797
11508.1035601797
11508.1035601797
11508.1035601797
11508.1035601797
11508.1035601797
11508.1035601797
11508.1035601797
11508.1035601797
11508.1035601797
11508.1035601797
11508.1035601797
11508.1035601797
11508.1035601797
11508.1035601797
11508.1035601797
11508.1035601797
11508.1035601797
11508.1035601797
11508.1035601797
11508.1035601797
11508.1035601797
11508.1035601797
11508.1035601797
11508.1035601797
11508.1035601797
11508.1035601797
11508.1035601797
11508.1035601797
11508.1035601797
11508.1035601797
11508.1035601797
11508.1035601797
11508.1035601797
11508.1035601797
11508.1035601797
11508.1035601797
11508.1035601797
11508.1035601797
11508.1035601797
11508.1035601797
11508.1035601797
11508.1035601797
11508.1035601797
11508.1035601797
11508.1035601797
11508.1035601797
11508.1035601797
11508.1035601797
11508.1035601797
11508.1035601797
11508.1035601797
11508.1035601797
11508.1035601797
11508.1035601797
11508.1035601797
11508.1035601797
11508.1035601797
11508.1035601797
11508.1035601797
11508.1035601797
11508.1035601797
11508.1035601797
11508.1035601797
11508.1035601797
11508.1035601797
11508.1035601797
11508.1035601797
11508.1035601797
11508.1035601797
11508.1035601797
11508.1035601797
11508.1035601797
11508.1035601797
11508.1035601797
11508.1035601797
11508.1035601797
11508.1035601797
11508.1035601797
11508.1035601797
11508.1035601797
11508.1035601797
11508.1035601797
11508.1035601797
11508.1035601797
11508.1035601797
11508.1035601797
11508.1035601797
11508.1035601797
11508.1035601797
11508.1035601797
11508.1035601797
11508.1035601797
11508.1035601797
11508.1035601797
11508.1035601797
11508.1035601797
11508.1035601797
11508.1035601797
11508.1035601797
11508.1035601797
11508.1035601797
11508.1035601797
11508.1035601797
11508.1035601797
11508.1035601797
11508.1035601797
11508.1035601797
11508.1035601797
11508.1035601797
11508.1035601797
11508.1035601797
11508.1035601797
11508.1035601797
11508.1035601797
11508.1035601797
11508.1035601797
11508.1035601797
11508.1035601797
11508.1035601797
11508.1035601797
11508.1035601797
11508.1035601797
11508.1035601797
11508.1035601797
11508.1035601797
11508.1035601797
11508.1035601797
11508.1035601797
11508.1035601797
11508.1035601797
11508.1035601797
11508.1035601797
11508.1035601797
11508.1035601797
11508.1035601797
11508.1035601797
11508.1035601797
11508.1035601797
11508.1035601797
11508.1035601797
11508.1035601797
11508.1035601797
11508.1035601797
11508.1035601797
11508.1035601797
11508.1035601797
11508.1035601797
11508.1035601797

ave
14772.4361902687
15082.6567891399
15051.0821820280
14972.5955577100
14955.4764719615
14925.1225147254
14947.0833852933
15387.3285303081
15071.5993491121
15362.1418709791
14993.5907006338
15203.3125410955
15138.9627701603
15524.7310725630
15378.7034809411
15291.8818438505
15363.7523516369
15268.1678078140
15254.7909448919
15182.2090202802
14608.1275666592
14571.3040187565
15123.6465943610
15235.5449155705
15314.3555413306
14883.3971577408
15077.3833520201
14773.5417050553
14431.1822012552
14211.3139751762
14619.0368369809
14230.0654094248
14792.8262782160
14767.2674098447
14510.0777278669
14768.9564875722
14523.8996126397
14401.6270550088
14873.8301334194
14397.7148427854
14726.1245239716
14349.5111529659
13810.8015705080
14905.5178907928
14824.6750967040
14484.1873037347
14159.1621887733
14764.2442074401
14536.9753809992
14303.5530287446
15520.2034084908
14390.3559985690
14791.9922620794
14413.4343743578
14263.9455036996
14315.1685232216
14803.3744660116
14341.7868979954
14249.1855491876
14474.2447681675
14851.1151080521
14263.5462550131
14521.3372162225
14894.4842588340
14389.9332068506
14818.0210678325
14385.3077594044
14904.3267003206
14207.0686272125
14374.9490600208
14477.1624994932
14429.7048382071
14047.2741238878
14677.8102276679
14736.4116276538
14460.9189701582
15056.1071398629
14645.0942764977
14751.0420459932
14353.9103782721
14365.8440089633
15121.3469033706
15104.8624354043
14385.2545848968
14304.1436066941
13833.8078326877
14558.6082534950
14714.0891881742
14623.5913764189
14228.5936965263
14467.3227884998
14622.7102815037
14659.5672011000
14711.0433851200
15020.6271010925
14417.4652261699
14397.7298996746
14360.3215352306
15421.4542448542
15040.2061264039
14036.5738145327
14590.7448142555
15168.9764062756
14552.4552631185
14452.9526119326
15493.0999368186
14625.9757932477
14090.1140578075
14130.9114987395
14704.7330187563
14038.4034701031
14135.8925117040
15099.4686031262
14479.2897490111
14960.6234737231
14516.8074668866
14174.5189850146
14737.7259157614
15029.6848102598
14472.3062176631
14306.8300773855
14794.6834478264
14680.1098503737
14632.9372879069
14848.2202178026
14569.0835896551
14383.5306220005
14324.1036305647
14493.3275674536
14733.7490644081
14810.6873658574
14490.8412030278
14134.8673336879
14556.2657345139
15035.3962943890
14133.6912091194
14524.8571446262
14600.5365411993
14324.3320692426
13684.9498395673
14246.4686227905
13782.0775584739
13891.9819896587
14746.6106217094
13971.6558858622
14637.1024947176
14455.9567856885
14177.6598908050
14693.3549539871
14440.1532232739
14627.8002567846
15126.5982204239
14118.3301615444
14510.8802088572
14074.8319586534
14679.5783421671
14360.3840833662
14860.8679117691
14850.0207524713
14603.5595901097
14681.9554405524
14205.0034553533
14852.4214352931
14838.3629661504
14253.6226510431
14322.4047127842
14549.9076241560
15129.5046834432
14834.8123376473
14192.8529343805
14329.6160181538
13752.5322200568
14547.7722844847
14861.3204158918
14601.0336528813
14387.8742678334
14199.1430958763
14271.9123158264
14491.7234439958
14835.7810720443
13863.0589440287
14992.4452207600
14642.6319337696
14594.2615791836
14986.7711837462
14066.8603263343
14730.2861723276
14850.0087786224
14634.4875380617
14366.4034842156
14316.7819166542
14648.9221784126
14381.6730546647
14246.0657995944
14411.9770671723
14443.3378483171
14738.2793478338
14304.4654212129
14003.8776555247
14567.4071195543
14341.0879778353
14213.4685600579
14288.9292143855
14190.6365930112
14696.1276968748
14311.4323932844
14211.2552367326
14257.8284649514
14189.7661933183
14517.0208337817
15215.1265436492
15018.2284360179
14525.8718378969
14196.1569252312
14141.6950962407
14543.1038123051
14910.9447591367
14098.2661631254
14413.4160382986
14292.1511895192
14509.2264396374
14530.6500950550
14817.1227051370
13676.1113472684
14933.5368818944
14572.9266424345
14885.8166124845
14874.2657643452
14507.9039473124
14460.5563248824
14924.3369762794
15327.3651607100
14618.7311593893
15586.6068441055
14146.2311395112
14754.3281920532
14725.6380526062
14652.3262323346
14618.5273431515
14249.8660529498
14095.1990267249
14880.1025263236
14181.9472776934
14727.6437626895
14523.0702188521
14574.1973295226
14821.2260168169
14073.6347866210
14292.4673719165
14167.7663049799
14503.0592595000
14689.0694218072
14405.2523133662
14892.7558715737
14720.5248741826
14384.1627806224
14307.8593456565
14944.3282944194
14846.5007471929
13823.5193199501
14479.0410679384
14636.2703074751
14536.8076072621
14532.9357276981
14931.9204798220
15064.8227554415
14698.5598804869
15097.1296289927
14827.6295956393
14504.2952300842
14197.0538158529
14891.5785855084
14593.7033207465
14908.2376800878
14524.8446598669
14034.9484789731
14994.3430688430
14737.8004827322
14395.0544271205
14097.2786663065
15025.2376294780
14325.5350093026
14854.1902202661
14145.3818957694
14468.4338067712
14780.0264213031
14214.6086935956
14213.6793969328
14127.7101966297
14410.8229431154
14758.4640496739
14833.9792668473
14626.4671073335
14311.2760880367
14653.2207703754
14160.8961001523
14343.1172781393
14091.5022382431
14015.2706895803
14270.5675725577
14353.3203590926
14425.5879950320
14159.3857223318
13747.2906104349
14256.6155767491
14562.9339722980
14367.2412253294
14984.5557013692
14776.2051261909
14176.5421446645
14749.0812502663
14564.7956406501
13815.3808456769
14386.1774867177
14809.4792753240
15008.2503824963
14278.3819355904
14444.2777690247
14537.5382078917
14846.9022170905
14526.9671095757
14515.1717509711
14918.0882604376
13936.3811081187
14403.9880732572
14567.7940938527
14177.0451910008
14196.8992239381
14774.5652016058
14278.8936314530
14385.4172743498
14375.4421575292
13980.9191063922
13819.9470987323
14596.5898836695
14634.2492428039
14426.1680810810
13978.7202234786
14211.8856227053
14561.0243012510
14038.2383392552
14148.5783049194
14679.0338069351
13943.0770104170
14071.2361169772
14591.4866174468
14923.1288009918
14538.8889706983
14219.5642529363
15115.9810066885
14842.4121291442
14344.5085690627
14861.4129855762
15056.8269037149
14341.3808156892
14708.3596344907
14611.0894411227
14147.8433764767
14009.4112327791
14348.3232556670
14592.3832138078
15052.3112235214
14530.2654191859
14686.8649995283
14223.5730284413
14153.2785438368
13975.5998795546
14457.3541206311
14179.7687088777
13754.8778507917
15137.1128375848
14111.6901629620
14240.7456602575
14701.8871663265
14738.2653469423
13525.6283726993
14510.2169672921
14866.8201161523
14404.0166765919
14244.7494668390
14578.8781124159
14539.2788065799
13919.6375610161
14483.2324777932
14898.6743308144
14839.2819247328
14096.3125917571
14346.8472160669
14551.5055863161
14467.2292955507
14272.5165602623
14674.0659333716
15071.6942102611
14741.0297561209
14700.4187908390
13918.9217787519
14331.0273942987
14667.4527027016
15156.6900617018
14602.5321992686
13911.9527135689
15241.4154077180
14676.9808170672
14765.8307940344
15192.1723474287
14522.2660216970
14688.6704395694
14730.1191553944
14908.0953249702
14847.2568083534
15015.3376579198
14206.9037974902
14573.2032891271
14833.3001764402
14307.2080639358
14702.3086834411
14420.5620184758
14524.0868176115
14591.7992062827
14789.2983795626
14684.8409831002
14195.1200569486
14716.4514449004
15191.1214255648
15040.1991224816
14633.7103915056
14227.9953664286
14104.9691287695
14488.9426317580
14920.3368961007
14367.0222703171
14470.7559745603
14880.9849531495
14460.2424471308
14410.7089055104
14496.0881012855
14203.6595602408
13888.9688831574
14416.5092893453
14902.7919608312
14743.3385267072
14932.7297315793
14495.8980451196
14267.1419529579
14671.5416957296
14489.5825062831
15010.0932869439
14428.8662883114
14545.7648912351
14464.4458684747
14526.7937553900
14736.7266629656
14876.2919698543
14565.7959043005
14014.3775547522
14131.4971464785
14656.4231295183
14542.5864834373
14575.6667078903
15068.4442197261
15178.2532882121
13895.0188281680
14824.3525494084
14515.0673447697
14596.6213306926
13941.2818930066
14283.2876706061
15039.3780952030
14501.3941637755
14727.6580166585
14191.5806010740
14813.0679282961
14679.1201498999
14757.5278830915
15172.8411052995
14959.9182553176
14296.3262682007
14503.2296943466
14023.6442220977
14577.6908778980
13948.5814828764
14197.0476475627
14167.0881095116
14711.9171110604
15168.3994724181
15379.0693347611
14123.8677010766
14479.0522487916
14464.8015761411
14165.6437939738
14312.6135702399
14834.4994751296
13907.8309510135
14404.6933640100
14340.8546521297
14480.1266967220
14881.9141899764
14608.2095190060
14402.7751934447
14534.4838489597