最优解为:6785.6132
最优解路径:

Best_route =

  1 至 24 列

     0     0     0     0     0     0     0     0     0     0     0     0     0     0     0     0     0     0     0     0     0     0     0     0
     1     2    75    76    79    80    89    90    35    36    67    68     0     0     0     0     0     0     0     0     0     0     0     0
    37    38    51    52    85    86    59    60     0     0     0     0     0     0     0     0     0     0     0     0     0     0     0     0
     0     0     0     0     0     0     0     0     0     0     0     0     0     0     0     0     0     0     0     0     0     0     0     0
     0     0     0     0     0     0     0     0     0     0     0     0     0     0     0     0     0     0     0     0     0     0     0     0
    53    54    27    28    81    82   105   106    29    30     0     0     0     0     0     0     0     0     0     0     0     0     0     0
    61    62    15    16     3     4    65    66    31    32     0     0     0     0     0     0     0     0     0     0     0     0     0     0
    49    50   107   108    63    64    23    24   119   120    93    94     0     0     0     0     0     0     0     0     0     0     0     0
    57    58   103   104    69    70    97    98   109   110   117   118     0     0     0     0     0     0     0     0     0     0     0     0
     7     8    91    92     5     6    99   100    19    20    83    84     0     0     0     0     0     0     0     0     0     0     0     0
    25    26    77    78    39    40    55    56    47    48    71    72     0     0     0     0     0     0     0     0     0     0     0     0
   115   116    73    74    17    18    45    46   111   112     0     0     0     0     0     0     0     0     0     0     0     0     0     0
    43    44    21    22    13    14     9    10    11    12     0     0     0     0     0     0     0     0     0     0     0     0     0     0
   101   102   113   114    87    88    33    34    95    96    41    42     0     0     0     0     0     0     0     0     0     0     0     0
     0     0     0     0     0     0     0     0     0     0     0     0     0     0     0     0     0     0     0     0     0     0     0     0
     0     0     0     0     0     0     0     0     0     0     0     0     0     0     0     0     0     0     0     0     0     0     0     0
     0     0     0     0     0     0     0     0     0     0     0     0     0     0     0     0     0     0     0     0     0     0     0     0
     0     0     0     0     0     0     0     0     0     0     0     0     0     0     0     0     0     0     0     0     0     0     0     0
     0     0     0     0     0     0     0     0     0     0     0     0     0     0     0     0     0     0     0     0     0     0     0     0
     0     0     0     0     0     0     0     0     0     0     0     0     0     0     0     0     0     0     0     0     0     0     0     0

  25 至 48 列

     0     0     0     0     0     0     0     0     0     0     0     0     0     0     0     0     0     0     0     0     0     0     0     0
     0     0     0     0     0     0     0     0     0     0     0     0     0     0     0     0     0     0     0     0     0     0     0     0
     0     0     0     0     0     0     0     0     0     0     0     0     0     0     0     0     0     0     0     0     0     0     0     0
     0     0     0     0     0     0     0     0     0     0     0     0     0     0     0     0     0     0     0     0     0     0     0     0
     0     0     0     0     0     0     0     0     0     0     0     0     0     0     0     0     0     0     0     0     0     0     0     0
     0     0     0     0     0     0     0     0     0     0     0     0     0     0     0     0     0     0     0     0     0     0     0     0
     0     0     0     0     0     0     0     0     0     0     0     0     0     0     0     0     0     0     0     0     0     0     0     0
     0     0     0     0     0     0     0     0     0     0     0     0     0     0     0     0     0     0     0     0     0     0     0     0
     0     0     0     0     0     0     0     0     0     0     0     0     0     0     0     0     0     0     0     0     0     0     0     0
     0     0     0     0     0     0     0     0     0     0     0     0     0     0     0     0     0     0     0     0     0     0     0     0
     0     0     0     0     0     0     0     0     0     0     0     0     0     0     0     0     0     0     0     0     0     0     0     0
     0     0     0     0     0     0     0     0     0     0     0     0     0     0     0     0     0     0     0     0     0     0     0     0
     0     0     0     0     0     0     0     0     0     0     0     0     0     0     0     0     0     0     0     0     0     0     0     0
     0     0     0     0     0     0     0     0     0     0     0     0     0     0     0     0     0     0     0     0     0     0     0     0
     0     0     0     0     0     0     0     0     0     0     0     0     0     0     0     0     0     0     0     0     0     0     0     0
     0     0     0     0     0     0     0     0     0     0     0     0     0     0     0     0     0     0     0     0     0     0     0     0
     0     0     0     0     0     0     0     0     0     0     0     0     0     0     0     0     0     0     0     0     0     0     0     0
     0     0     0     0     0     0     0     0     0     0     0     0     0     0     0     0     0     0     0     0     0     0     0     0
     0     0     0     0     0     0     0     0     0     0     0     0     0     0     0     0     0     0     0     0     0     0     0     0
     0     0     0     0     0     0     0     0     0     0     0     0     0     0     0     0     0     0     0     0     0     0     0     0

  49 至 72 列

     0     0     0     0     0     0     0     0     0     0     0     0     0     0     0     0     0     0     0     0     0     0     0     0
     0     0     0     0     0     0     0     0     0     0     0     0     0     0     0     0     0     0     0     0     0     0     0     0
     0     0     0     0     0     0     0     0     0     0     0     0     0     0     0     0     0     0     0     0     0     0     0     0
     0     0     0     0     0     0     0     0     0     0     0     0     0     0     0     0     0     0     0     0     0     0     0     0
     0     0     0     0     0     0     0     0     0     0     0     0     0     0     0     0     0     0     0     0     0     0     0     0
     0     0     0     0     0     0     0     0     0     0     0     0     0     0     0     0     0     0     0     0     0     0     0     0
     0     0     0     0     0     0     0     0     0     0     0     0     0     0     0     0     0     0     0     0     0     0     0     0
     0     0     0     0     0     0     0     0     0     0     0     0     0     0     0     0     0     0     0     0     0     0     0     0
     0     0     0     0     0     0     0     0     0     0     0     0     0     0     0     0     0     0     0     0     0     0     0     0
     0     0     0     0     0     0     0     0     0     0     0     0     0     0     0     0     0     0     0     0     0     0     0     0
     0     0     0     0     0     0     0     0     0     0     0     0     0     0     0     0     0     0     0     0     0     0     0     0
     0     0     0     0     0     0     0     0     0     0     0     0     0     0     0     0     0     0     0     0     0     0     0     0
     0     0     0     0     0     0     0     0     0     0     0     0     0     0     0     0     0     0     0     0     0     0     0     0
     0     0     0     0     0     0     0     0     0     0     0     0     0     0     0     0     0     0     0     0     0     0     0     0
     0     0     0     0     0     0     0     0     0     0     0     0     0     0     0     0     0     0     0     0     0     0     0     0
     0     0     0     0     0     0     0     0     0     0     0     0     0     0     0     0     0     0     0     0     0     0     0     0
     0     0     0     0     0     0     0     0     0     0     0     0     0     0     0     0     0     0     0     0     0     0     0     0
     0     0     0     0     0     0     0     0     0     0     0     0     0     0     0     0     0     0     0     0     0     0     0     0
     0     0     0     0     0     0     0     0     0     0     0     0     0     0     0     0     0     0     0     0     0     0     0     0
     0     0     0     0     0     0     0     0     0     0     0     0     0     0     0     0     0     0     0     0     0     0     0     0

  73 至 96 列

     0     0     0     0     0     0     0     0     0     0     0     0     0     0     0     0     0     0     0     0     0     0     0     0
     0     0     0     0     0     0     0     0     0     0     0     0     0     0     0     0     0     0     0     0     0     0     0     0
     0     0     0     0     0     0     0     0     0     0     0     0     0     0     0     0     0     0     0     0     0     0     0     0
     0     0     0     0     0     0     0     0     0     0     0     0     0     0     0     0     0     0     0     0     0     0     0     0
     0     0     0     0     0     0     0     0     0     0     0     0     0     0     0     0     0     0     0     0     0     0     0     0
     0     0     0     0     0     0     0     0     0     0     0     0     0     0     0     0     0     0     0     0     0     0     0     0
     0     0     0     0     0     0     0     0     0     0     0     0     0     0     0     0     0     0     0     0     0     0     0     0
     0     0     0     0     0     0     0     0     0     0     0     0     0     0     0     0     0     0     0     0     0     0     0     0
     0     0     0     0     0     0     0     0     0     0     0     0     0     0     0     0     0     0     0     0     0     0     0     0
     0     0     0     0     0     0     0     0     0     0     0     0     0     0     0     0     0     0     0     0     0     0     0     0
     0     0     0     0     0     0     0     0     0     0     0     0     0     0     0     0     0     0     0     0     0     0     0     0
     0     0     0     0     0     0     0     0     0     0     0     0     0     0     0     0     0     0     0     0     0     0     0     0
     0     0     0     0     0     0     0     0     0     0     0     0     0     0     0     0     0     0     0     0     0     0     0     0
     0     0     0     0     0     0     0     0     0     0     0     0     0     0     0     0     0     0     0     0     0     0     0     0
     0     0     0     0     0     0     0     0     0     0     0     0     0     0     0     0     0     0     0     0     0     0     0     0
     0     0     0     0     0     0     0     0     0     0     0     0     0     0     0     0     0     0     0     0     0     0     0     0
     0     0     0     0     0     0     0     0     0     0     0     0     0     0     0     0     0     0     0     0     0     0     0     0
     0     0     0     0     0     0     0     0     0     0     0     0     0     0     0     0     0     0     0     0     0     0     0     0
     0     0     0     0     0     0     0     0     0     0     0     0     0     0     0     0     0     0     0     0     0     0     0     0
     0     0     0     0     0     0     0     0     0     0     0     0     0     0     0     0     0     0     0     0     0     0     0     0

  97 至 120 列

     0     0     0     0     0     0     0     0     0     0     0     0     0     0     0     0     0     0     0     0     0     0     0     0
     0     0     0     0     0     0     0     0     0     0     0     0     0     0     0     0     0     0     0     0     0     0     0     0
     0     0     0     0     0     0     0     0     0     0     0     0     0     0     0     0     0     0     0     0     0     0     0     0
     0     0     0     0     0     0     0     0     0     0     0     0     0     0     0     0     0     0     0     0     0     0     0     0
     0     0     0     0     0     0     0     0     0     0     0     0     0     0     0     0     0     0     0     0     0     0     0     0
     0     0     0     0     0     0     0     0     0     0     0     0     0     0     0     0     0     0     0     0     0     0     0     0
     0     0     0     0     0     0     0     0     0     0     0     0     0     0     0     0     0     0     0     0     0     0     0     0
     0     0     0     0     0     0     0     0     0     0     0     0     0     0     0     0     0     0     0     0     0     0     0     0
     0     0     0     0     0     0     0     0     0     0     0     0     0     0     0     0     0     0     0     0     0     0     0     0
     0     0     0     0     0     0     0     0     0     0     0     0     0     0     0     0     0     0     0     0     0     0     0     0
     0     0     0     0     0     0     0     0     0     0     0     0     0     0     0     0     0     0     0     0     0     0     0     0
     0     0     0     0     0     0     0     0     0     0     0     0     0     0     0     0     0     0     0     0     0     0     0     0
     0     0     0     0     0     0     0     0     0     0     0     0     0     0     0     0     0     0     0     0     0     0     0     0
     0     0     0     0     0     0     0     0     0     0     0     0     0     0     0     0     0     0     0     0     0     0     0     0
     0     0     0     0     0     0     0     0     0     0     0     0     0     0     0     0     0     0     0     0     0     0     0     0
     0     0     0     0     0     0     0     0     0     0     0     0     0     0     0     0     0     0     0     0     0     0     0     0
     0     0     0     0     0     0     0     0     0     0     0     0     0     0     0     0     0     0     0     0     0     0     0     0
     0     0     0     0     0     0     0     0     0     0     0     0     0     0     0     0     0     0     0     0     0     0     0     0
     0     0     0     0     0     0     0     0     0     0     0     0     0     0     0     0     0     0     0     0     0     0     0     0
     0     0     0     0     0     0     0     0     0     0     0     0     0     0     0     0     0     0     0     0     0     0     0     0

  121 列

     0
     0
     0
     0
     0
     0
     0
     0
     0
     0
     0
     0
     0
     0
     0
     0
     0
     0
     0
     0

本次运算用时:2565.773秒
算法在第53代时收敛

best
9452.72938850303
8072.07914939010
8072.07914939010
8072.07914939010
8072.07914939010
8072.07914939010
8072.07914939010
8072.07914939010
8072.07914939010
7994.99207464622
7994.99207464622
7994.99207464622
7994.99207464622
7930.06007892409
7930.06007892409
7930.06007892409
7930.06007892409
7930.06007892409
7930.06007892409
7930.06007892409
7930.06007892409
7930.06007892409
7916.46560694537
7916.46560694537
7916.46560694537
7391.12452407057
7391.12452407057
7391.12452407057
7391.12452407057
7391.12452407057
7391.12452407057
7391.12452407057
7391.12452407057
7391.12452407057
7391.12452407057
7391.12452407057
7391.12452407057
7391.12452407057
7391.12452407057
7391.12452407057
7391.12452407057
7391.12452407057
7391.12452407057
7391.12452407057
7391.12452407057
7391.12452407057
7391.12452407057
7389.83857240960
7389.83857240960
7389.83857240960
7376.22933337132
7376.22933337132
6785.61319694198
6785.61319694198
6785.61319694198
6785.61319694198
6785.61319694198
6785.61319694198
6785.61319694198
6785.61319694198
6785.61319694198
6785.61319694198
6785.61319694198
6785.61319694198
6785.61319694198
6785.61319694198
6785.61319694198
6785.61319694198
6785.61319694198
6785.61319694198
6785.61319694198
6785.61319694198
6785.61319694198
6785.61319694198
6785.61319694198
6785.61319694198
6785.61319694198
6785.61319694198
6785.61319694198
6785.61319694198
6785.61319694198
6785.61319694198
6785.61319694198
6785.61319694198
6785.61319694198
6785.61319694198
6785.61319694198
6785.61319694198
6785.61319694198
6785.61319694198
6785.61319694198
6785.61319694198
6785.61319694198
6785.61319694198
6785.61319694198
6785.61319694198
6785.61319694198
6785.61319694198
6785.61319694198
6785.61319694198
6785.61319694198
6785.61319694198
6785.61319694198
6785.61319694198
6785.61319694198
6785.61319694198
6785.61319694198
6785.61319694198
6785.61319694198
6785.61319694198
6785.61319694198
6785.61319694198
6785.61319694198
6785.61319694198
6785.61319694198
6785.61319694198
6785.61319694198
6785.61319694198
6785.61319694198
6785.61319694198
6785.61319694198
6785.61319694198
6785.61319694198
6785.61319694198
6785.61319694198
6785.61319694198
6785.61319694198
6785.61319694198
6785.61319694198
6785.61319694198
6785.61319694198
6785.61319694198
6785.61319694198
6785.61319694198
6785.61319694198
6785.61319694198
6785.61319694198
6785.61319694198
6785.61319694198
6785.61319694198
6785.61319694198
6785.61319694198
6785.61319694198
6785.61319694198
6785.61319694198
6785.61319694198
6785.61319694198
6785.61319694198
6785.61319694198
6785.61319694198
6785.61319694198
6785.61319694198
6785.61319694198
6785.61319694198
6785.61319694198
6785.61319694198
6785.61319694198
6785.61319694198
6785.61319694198
6785.61319694198
6785.61319694198
6785.61319694198
6785.61319694198
6785.61319694198
6785.61319694198
6785.61319694198
6785.61319694198
6785.61319694198
6785.61319694198
6785.61319694198
6785.61319694198
6785.61319694198
6785.61319694198
6785.61319694198
6785.61319694198
6785.61319694198
6785.61319694198
6785.61319694198
6785.61319694198
6785.61319694198
6785.61319694198
6785.61319694198
6785.61319694198
6785.61319694198
6785.61319694198
6785.61319694198
6785.61319694198
6785.61319694198
6785.61319694198
6785.61319694198
6785.61319694198
6785.61319694198
6785.61319694198
6785.61319694198
6785.61319694198
6785.61319694198
6785.61319694198
6785.61319694198
6785.61319694198
6785.61319694198
6785.61319694198
6785.61319694198
6785.61319694198
6785.61319694198
6785.61319694198
6785.61319694198
6785.61319694198
6785.61319694198
6785.61319694198
6785.61319694198
6785.61319694198
6785.61319694198
6785.61319694198
6785.61319694198
6785.61319694198
6785.61319694198
6785.61319694198
6785.61319694198
6785.61319694198
6785.61319694198
6785.61319694198
6785.61319694198
6785.61319694198
6785.61319694198
6785.61319694198
6785.61319694198
6785.61319694198
6785.61319694198
6785.61319694198
6785.61319694198
6785.61319694198
6785.61319694198
6785.61319694198
6785.61319694198
6785.61319694198
6785.61319694198
6785.61319694198
6785.61319694198
6785.61319694198
6785.61319694198
6785.61319694198
6785.61319694198
6785.61319694198
6785.61319694198
6785.61319694198
6785.61319694198
6785.61319694198
6785.61319694198
6785.61319694198
6785.61319694198
6785.61319694198
6785.61319694198
6785.61319694198
6785.61319694198
6785.61319694198
6785.61319694198
6785.61319694198
6785.61319694198
6785.61319694198
6785.61319694198
6785.61319694198
6785.61319694198
6785.61319694198
6785.61319694198
6785.61319694198
6785.61319694198
6785.61319694198
6785.61319694198
6785.61319694198
6785.61319694198
6785.61319694198
6785.61319694198
6785.61319694198
6785.61319694198
6785.61319694198
6785.61319694198
6785.61319694198
6785.61319694198
6785.61319694198
6785.61319694198
6785.61319694198
6785.61319694198
6785.61319694198
6785.61319694198
6785.61319694198
6785.61319694198
6785.61319694198
6785.61319694198
6785.61319694198
6785.61319694198
6785.61319694198
6785.61319694198
6785.61319694198
6785.61319694198
6785.61319694198
6785.61319694198
6785.61319694198
6785.61319694198
6785.61319694198
6785.61319694198
6785.61319694198
6785.61319694198
6785.61319694198
6785.61319694198
6785.61319694198
6785.61319694198
6785.61319694198
6785.61319694198
6785.61319694198
6785.61319694198
6785.61319694198
6785.61319694198
6785.61319694198
6785.61319694198
6785.61319694198
6785.61319694198
6785.61319694198
6785.61319694198
6785.61319694198
6785.61319694198
6785.61319694198
6785.61319694198
6785.61319694198
6785.61319694198
6785.61319694198
6785.61319694198
6785.61319694198
6785.61319694198
6785.61319694198
6785.61319694198
6785.61319694198
6785.61319694198
6785.61319694198
6785.61319694198
6785.61319694198
6785.61319694198
6785.61319694198
6785.61319694198
6785.61319694198
6785.61319694198
6785.61319694198
6785.61319694198
6785.61319694198
6785.61319694198
6785.61319694198
6785.61319694198
6785.61319694198
6785.61319694198
6785.61319694198
6785.61319694198
6785.61319694198
6785.61319694198
6785.61319694198
6785.61319694198
6785.61319694198
6785.61319694198
6785.61319694198
6785.61319694198
6785.61319694198
6785.61319694198
6785.61319694198
6785.61319694198
6785.61319694198
6785.61319694198
6785.61319694198
6785.61319694198
6785.61319694198
6785.61319694198
6785.61319694198
6785.61319694198
6785.61319694198
6785.61319694198
6785.61319694198
6785.61319694198
6785.61319694198
6785.61319694198
6785.61319694198
6785.61319694198
6785.61319694198
6785.61319694198
6785.61319694198
6785.61319694198
6785.61319694198
6785.61319694198
6785.61319694198
6785.61319694198
6785.61319694198
6785.61319694198
6785.61319694198
6785.61319694198
6785.61319694198
6785.61319694198
6785.61319694198
6785.61319694198
6785.61319694198
6785.61319694198
6785.61319694198
6785.61319694198
6785.61319694198
6785.61319694198
6785.61319694198
6785.61319694198
6785.61319694198
6785.61319694198
6785.61319694198
6785.61319694198
6785.61319694198
6785.61319694198
6785.61319694198
6785.61319694198
6785.61319694198
6785.61319694198
6785.61319694198
6785.61319694198
6785.61319694198
6785.61319694198
6785.61319694198
6785.61319694198
6785.61319694198
6785.61319694198
6785.61319694198
6785.61319694198
6785.61319694198
6785.61319694198
6785.61319694198
6785.61319694198
6785.61319694198
6785.61319694198
6785.61319694198
6785.61319694198
6785.61319694198
6785.61319694198
6785.61319694198
6785.61319694198
6785.61319694198
6785.61319694198
6785.61319694198
6785.61319694198
6785.61319694198
6785.61319694198
6785.61319694198
6785.61319694198
6785.61319694198
6785.61319694198
6785.61319694198
6785.61319694198
6785.61319694198
6785.61319694198
6785.61319694198
6785.61319694198
6785.61319694198
6785.61319694198
6785.61319694198
6785.61319694198
6785.61319694198
6785.61319694198
6785.61319694198
6785.61319694198
6785.61319694198
6785.61319694198
6785.61319694198
6785.61319694198
6785.61319694198
6785.61319694198
6785.61319694198
6785.61319694198
6785.61319694198
6785.61319694198
6785.61319694198
6785.61319694198
6785.61319694198
6785.61319694198
6785.61319694198
6785.61319694198
6785.61319694198
6785.61319694198
6785.61319694198
6785.61319694198
6785.61319694198
6785.61319694198
6785.61319694198
6785.61319694198
6785.61319694198
6785.61319694198
6785.61319694198
6785.61319694198
6785.61319694198
6785.61319694198
6785.61319694198
6785.61319694198
6785.61319694198
6785.61319694198
6785.61319694198
6785.61319694198
6785.61319694198
6785.61319694198
6785.61319694198
6785.61319694198
6785.61319694198
6785.61319694198

ave
11144.9125868525
10993.4871028360
11120.6171341713
10837.8675001670
10851.8727740437
11106.1191687664
11197.5714158122
11462.7342103362
10625.0494180208
10858.2762613853
11152.8783561607
10690.6150065276
10490.9456549132
10354.9937371969
10534.2676645546
10820.3606951039
10064.5789132475
10232.2763631368
9857.21082205175
10627.7491527295
10483.8069226570
10171.3550790403
9774.05818520283
9828.06937252997
9719.29794465589
9247.95518377339
9066.10195207185
9308.06807336629
9149.11492275373
9130.82404969067
9146.17203936823
9205.61213358731
9259.02173537216
9146.94230275240
9425.59913667426
9192.95111790754
9087.47626689090
8749.44838587096
9312.52409125873
9365.84357039548
9510.32492764937
8998.10909321218
9033.40377246707
9544.38634211831
9104.77214341745
9546.27376987026
9166.64671371436
8992.97598347487
9382.05376828304
8815.95460033768
9117.44535465291
8610.95620416892
8548.45148117524
9215.29257598970
9414.09801706548
8949.16350962241
9204.09001832224
9212.21883156699
8922.92643914274
8836.46426691869
8833.27100806517
8994.29449327631
8804.64146987835
8917.28579173018
9353.58633820890
9095.23893830106
8945.17707948023
8608.40599221680
8785.97701891810
9280.83395803924
8896.95838666623
9023.39733722142
9037.27574489753
8561.47802735143
8908.47709308267
9331.40903368375
9420.79940713983
9296.66983223494
9249.81803629665
9049.97373140969
9218.74139443514
8986.10994700141
8861.29269189447
9293.54181933798
8810.46230910235
9090.10380914478
8762.28245140368
8865.69928015327
9244.03067464507
9016.55831550308
8889.19042738828
9275.58678122355
9137.72210741684
9110.43659745834
9235.18675413006
9291.25323671636
9486.78999783190
9131.54391783752
9642.97185012941
9185.53547280545
9125.47294412442
8856.60309764302
9054.54252447169
9182.02317038058
9576.16081592598
8967.00180745210
9000.23447185553
9245.75791507023
8646.52197013440
9077.77457144605
8902.47141326998
8979.61571478833
9206.12735402723
8647.65404954891
9144.31221954348
9084.70058990498
9018.13609135353
9143.92089946000
9211.32572782296
9047.13189526483
8931.79665011411
8590.27263267133
9113.87979776242
9032.54762557974
9377.28022230842
8796.45794174317
9105.42009541743
8978.22888998752
8865.54187935370
9295.77707887620
8842.07533782658
8573.80223066759
8778.57986554896
9390.17465371147
9294.82195074773
8647.08658440620
8745.41638931496
9265.27102372000
9214.87616271495
9681.66763720078
9634.83567146632
9209.87962390170
8895.06377193407
9571.04329936110
8716.97319035451
9060.79928309540
9324.73457133156
9193.27920531621
8761.53405010608
8950.93045976230
8576.37669451306
8694.30424365466
9275.59859232122
9712.15191687183
8871.30637491440
9130.49891325381
9061.81705937696
8837.68635431973
9050.76760469091
9203.78298894809
9034.25389469559
8897.46165804563
8980.35165173612
8479.85786491028
8795.37542212416
8917.77772859421
8694.67272655177
8901.06186312277
9051.33276221985
9172.84100978309
9365.51844220968
8851.93061929488
8873.33505914388
9013.26204982335
8869.84894837598
8947.55553615863
9030.60205926015
9022.20043455698
9071.83111831253
9021.05086688207
9010.81762697769
8848.89804165866
9155.03004473235
8673.20453546145
8852.07786086777
8908.15169431767
8851.69330019569
8684.32074637908
9456.53926543067
8630.08192478398
8770.95753807858
9019.75210418968
8562.01495615548
8784.28651628307
9348.27068117903
9039.41770592262
8563.05607239466
9184.31863686705
8848.55961031094
8899.57424554941
8871.84941604751
9268.96731763419
8965.03992468839
8650.48465731906
8918.04933418271
8698.16921586700
9227.83715030198
9353.56181475326
9087.30459834459
9644.06225281592
9135.99661733944
8707.35267692693
8574.45856907089
9289.69009626801
8646.89003871154
8940.03719822056
8743.66651079865
8815.81806576129
9122.85787657457
9424.01178581963
9123.52560791749
9139.25897463963
8708.34472703524
8883.24388541896
8663.38932143432
8920.64429947501
8860.93514102006
8912.92398830260
8992.70107797381
8824.16043305615
9100.10407674843
8842.41709019101
8630.33431693821
9069.50876820162
8759.60790248709
8967.39653987464
8979.68660540941
8552.73015378936
8908.20002629139
8977.80320423568
8950.65033909448
9035.05254503333
9023.18539364842
8699.66898357950
9088.88789726247
9015.27676319943
8817.43334974260
8683.09747210952
9223.77751106459
8965.14092059583
9077.40137510771
8996.68902012796
9007.13306908899
8970.81008155752
9045.28037084019
9142.79610584116
8717.42624266684
8838.39438538057
8806.16931940591
9182.69990169251
9003.78569059810
8962.76325059306
9092.92390806238
8968.11260009669
8961.25308532797
8934.35247864383
9002.75575121909
8843.72750831182
8929.03615445738
9426.20614174180
9341.36686950773
8903.83601086558
9066.63961474898
9215.78729910148
8958.65609333495
9030.73922034906
8739.84863260630
9317.42956918976
9125.79876531635
8930.11198856834
8669.54289945925
8849.33397605335
8704.95599475853
8920.25483169127
8649.30424777828
9099.32267312213
9044.01015254119
9158.19096501376
8545.94069512308
9009.89606484736
8707.35159227887
8758.70915983376
8905.39789903737
9148.42757419121
8866.56961619335
9134.87542385498
9258.28675060721
9102.76268541799
8985.04095177930
9185.07963934252
9258.66597161226
8969.85596652277
8928.98498911111
9156.13657712576
9061.53127934202
8842.81837704218
9191.78933144327
8835.46591593441
9045.13363266454
8866.36319511847
9068.73612474262
9238.41413910629
9023.17674682173
9089.51829408616
9102.04699735159
9184.67587528906
8891.99432376548
9527.83338590800
8672.35949182597
8826.78867650933
8992.51328251796
8752.39358153577
9480.28078631576
9087.35896116451
9112.10731668327
8802.37739583275
8675.60095331782
8970.34531125562
8859.21410126088
8789.41198024892
8865.85855325113
8860.10228280900
8666.56414777882
8768.77574576125
9244.27264624864
8869.18225956342
9015.13084764594
9068.79902199541
8714.38878543501
8668.63098839490
9421.96890111681
8757.06115247950
8766.37527031728
8938.55106504847
9097.60725683899
8875.32638915171
9048.17518044469
8830.97628463601
8717.77542275530
9243.30264083958
8626.62399899705
9225.27912457286
9396.97201604306
8926.41742094352
8958.12842433003
9002.93344805239
8925.21640732398
9443.30051620115
9102.71800049837
8470.48495652454
9225.22462630470
9150.90510373658
8779.04150887309
9422.45883578917
8787.81983609368
8718.90969712299
8918.45362068805
8780.53628441404
8652.68538361597
9247.12486929191
8826.08156781509
8915.69061060978
8575.96661090160
8827.45393972938
8501.76517651709
9422.06077802160
9181.97009115950
8560.45168700529
8827.95004599179
8926.59457006000
8810.93187598534
9363.33640291308
9064.26293988783
9146.37518442954
8678.62154888737
8847.96748174252
8629.22333193957
9001.71220597222
9066.23543758700
9295.24852902438
8747.99681755108
9194.24227400935
8868.99076282687
8533.86652201275
8669.53650885106
8977.27649760667
9257.89508422352
8600.79204009190
8767.01988565905
8931.83204054202
9171.85747433618
8916.42898186419
8973.53278054919
8664.42391614007
8720.83742376362
9009.73088679077
9162.31749423409
8851.86922634642
9035.02462898916
9079.58577567802
8843.94034838467
8399.13738966198
8909.38178933018
8835.33664914174
8737.92447623304
9159.89802393316
9058.53421124930
8735.96839030490
9095.06978051991
8934.52650301579
8764.78560174541
8806.53740230851
9146.80298800906
8221.03913112012
8947.10840038523
9288.49979585765
8987.80633291789
9008.91883700252
8859.57185014052
8936.40247972042
9094.07826342312
9156.85526643971
9203.17515665303
9014.49799039342
9071.86098297298
9111.07769535998
8896.66453354474
8910.32414259817
9263.02468669793
8688.44898442297
8790.12333343349
8654.55037553915
8649.60223997897
9238.92353149597
8870.32950942207
9394.88601274086
9308.80846861516
9262.23943684914
9126.69526051862
8980.70624911361
8988.96106970950
9167.73154098169
8396.86609456672
9643.91106536715
8856.05612818606
9125.56943589966
8649.94926222064
8973.55638300936
9016.01510549845
9137.16158807189
8848.64954201982
9158.99003075262
9003.13774704906
8452.31654202725
8897.57555449686
8775.16860562459
8983.31136368183
8612.23047555634
9206.75192180166
8957.00085836817
8781.36739802704
9259.04340249647
8478.93395648582
8840.35520624827
9056.10376375765
8765.68070121263
9498.84774164737
8897.84482499405
8568.99809056170
9237.89455935470
8759.64721615429
8893.61231876704
9050.46387008255
8868.42152175109
9061.84707161685
8947.79248758174
8841.95011276579
8759.36486540778
8693.55635984090
8804.68257022441
9334.11583793220
8905.26156955957
9403.93027150978
8910.46985972540
8974.20539885263
9330.83826620144
8885.78756505858
8864.95859546402
8624.56930518316
8826.58722739176