task 1:
目标函数值：304.59
决策变量：
x
t1  （大小 3）	t1  （大小 3）	v1  （大小 2）	值
1	1	1	0
1	1	2	0
1	2	1	0
1	2	2	0
1	3	1	0
1	3	2	0
2	1	1	0
2	1	2	0
2	2	1	0
2	2	2	0
2	3	1	0
2	3	2	0
3	1	1	0
3	1	2	0
3	2	1	0
3	2	2	0
3	3	1	0
3	3	2	0

y
t1  （大小 3）	值
1	0
2	2.25500028333045
3	0

求解时间：0.12秒

task 2:
目标函数值：321.35
决策变量：
x
t1  （大小 3）	t1  （大小 3）	v1  （大小 2）	值
1	1	1	0
1	1	2	0
1	2	1	0
1	2	2	0
1	3	1	1
1	3	2	0
2	1	1	0
2	1	2	0
2	2	1	0
2	2	2	0
2	3	1	0
2	3	2	0
3	1	1	0
3	1	2	0
3	2	1	0
3	2	2	0
3	3	1	0
3	3	2	0

y
t1  （大小 3）	值
1	0
2	1.8
3	0.883883476483184

时间：0.11秒