最优解为:311.4024
最优解路径:

Best_route =

     0     0     0     0
     2     1     3     0

本次运算用时:0.794秒
算法在第1代时收敛

best
311.402426096041
311.402426096041
311.402426096041
311.402426096041
311.402426096041
311.402426096041
311.402426096041
311.402426096041
311.402426096041
311.402426096041
311.402426096041
311.402426096041
311.402426096041
311.402426096041
311.402426096041
311.402426096041
311.402426096041
311.402426096041
311.402426096041
311.402426096041
311.402426096041
311.402426096041
311.402426096041
311.402426096041
311.402426096041
311.402426096041
311.402426096041
311.402426096041
311.402426096041
311.402426096041
311.402426096041
311.402426096041
311.402426096041
311.402426096041
311.402426096041
311.402426096041
311.402426096041
311.402426096041
311.402426096041
311.402426096041
311.402426096041
311.402426096041
311.402426096041
311.402426096041
311.402426096041
311.402426096041
311.402426096041
311.402426096041
311.402426096041
311.402426096041
311.402426096041
311.402426096041
311.402426096041
311.402426096041
311.402426096041
311.402426096041
311.402426096041
311.402426096041
311.402426096041
311.402426096041
311.402426096041
311.402426096041
311.402426096041
311.402426096041
311.402426096041
311.402426096041
311.402426096041
311.402426096041
311.402426096041
311.402426096041
311.402426096041
311.402426096041
311.402426096041
311.402426096041
311.402426096041
311.402426096041
311.402426096041
311.402426096041
311.402426096041
311.402426096041
311.402426096041
311.402426096041
311.402426096041
311.402426096041
311.402426096041
311.402426096041
311.402426096041
311.402426096041
311.402426096041
311.402426096041
311.402426096041
311.402426096041
311.402426096041
311.402426096041
311.402426096041
311.402426096041
311.402426096041
311.402426096041
311.402426096041
311.402426096041

ave
328.008239047575
313.905200626127
312.746787209816
311.980166135419
313.286006187031
312.757884144135
312.946765179154
311.980166135419
312.556191001574
313.101858402328
312.556191001574
328.159817184765
312.356213032235
312.945050005931
343.426002272841
311.402426096041
311.402426096041
311.402426096041
326.642902229496
311.402426096041
326.266855332680
311.591307131061
311.791285100399
326.662162760578
341.507331466134
311.402426096041
326.455736367699
311.591307131061
311.402426096041
311.402426096041
311.402426096041
326.266855332680
311.402426096041
311.402426096041
311.402426096041
326.662162760578
326.662162760578
341.921899425114
311.591307131061
311.402426096041
326.642902229496
326.662162760578
311.402426096041
311.402426096041
311.402426096041
311.402426096041
311.402426096041
311.402426096041
311.402426096041
311.402426096041
311.402426096041
311.402426096041
311.402426096041
311.402426096041
311.402426096041
311.402426096041
311.402426096041
311.402426096041
311.402426096041
311.402426096041
311.402426096041
311.402426096041
311.402426096041
311.402426096041
311.402426096041
311.402426096041
311.402426096041
311.402426096041
311.402426096041
311.402426096041
311.402426096041
311.402426096041
311.402426096041
311.402426096041
311.402426096041
311.402426096041
311.402426096041
311.402426096041
311.402426096041
311.402426096041
311.402426096041
326.662162760578
326.266855332680
311.402426096041
311.402426096041
311.402426096041
311.402426096041
311.402426096041
311.402426096041
311.402426096041
311.402426096041
311.402426096041
311.402426096041
311.402426096041
311.402426096041
311.402426096041
311.402426096041
311.402426096041
311.402426096041
311.402426096041