最优解为:300.9499
最优解路径:

Best_route =

     2     1     3     0
     0     0     0     0

本次运算用时:0.783秒
算法在第1代时收敛


best
300.949862063670
300.949862063670
300.949862063670
300.949862063670
300.949862063670
300.949862063670
300.949862063670
300.949862063670
300.949862063670
300.949862063670
300.949862063670
300.949862063670
300.949862063670
300.949862063670
300.949862063670
300.949862063670
300.949862063670
300.949862063670
300.949862063670
300.949862063670
300.949862063670
300.949862063670
300.949862063670
300.949862063670
300.949862063670
300.949862063670
300.949862063670
300.949862063670
300.949862063670
300.949862063670
300.949862063670
300.949862063670
300.949862063670
300.949862063670
300.949862063670
300.949862063670
300.949862063670
300.949862063670
300.949862063670
300.949862063670
300.949862063670
300.949862063670
300.949862063670
300.949862063670
300.949862063670
300.949862063670
300.949862063670
300.949862063670
300.949862063670
300.949862063670
300.949862063670
300.949862063670
300.949862063670
300.949862063670
300.949862063670
300.949862063670
300.949862063670
300.949862063670
300.949862063670
300.949862063670
300.949862063670
300.949862063670
300.949862063670
300.949862063670
300.949862063670
300.949862063670
300.949862063670
300.949862063670
300.949862063670
300.949862063670
300.949862063670
300.949862063670
300.949862063670
300.949862063670
300.949862063670
300.949862063670
300.949862063670
300.949862063670
300.949862063670
300.949862063670
300.949862063670
300.949862063670
300.949862063670
300.949862063670
300.949862063670
300.949862063670
300.949862063670
300.949862063670
300.949862063670
300.949862063670
300.949862063670
300.949862063670
300.949862063670
300.949862063670
300.949862063670
300.949862063670
300.949862063670
300.949862063670
300.949862063670
300.949862063670

ave
306.600146422880
303.577990003441
302.666000540914
319.010588437340
301.731237201483
303.731378205060
301.388967964845
301.292131300309
302.854881575934
302.170343102657
302.044225093942
302.267179767193
301.292131300309
316.828073866019
302.643226664010
300.949862063670
317.609449003832
301.388967964845
316.765014861661
301.855344058922
301.388967964845
302.010447433763
316.388967964845
301.821566398744
300.949862063670
300.949862063670
316.046698728207
300.949862063670
300.949862063670
300.949862063670
315.949862063670
300.949862063670
300.949862063670
316.046698728207
300.949862063670
301.388967964845
316.046698728207
300.949862063670
300.949862063670
300.949862063670
300.949862063670
300.949862063670
315.949862063670
300.949862063670
300.949862063670
300.949862063670
300.949862063670
300.949862063670
300.949862063670
300.949862063670
300.949862063670
300.949862063670
300.949862063670
300.949862063670
300.949862063670
300.949862063670
300.949862063670
300.949862063670
300.949862063670
300.949862063670
300.949862063670
300.949862063670
300.949862063670
300.949862063670
300.949862063670
316.046698728207
300.949862063670
300.949862063670
300.949862063670
300.949862063670
300.949862063670
300.949862063670
300.949862063670
300.949862063670
300.949862063670
300.949862063670
300.949862063670
300.949862063670
300.949862063670
300.949862063670
300.949862063670
300.949862063670
300.949862063670
300.949862063670
300.949862063670
300.949862063670
300.949862063670
300.949862063670
300.949862063670
300.949862063670
300.949862063670
300.949862063670
300.949862063670
300.949862063670
300.949862063670
300.949862063670
300.949862063670
315.949862063670
300.949862063670
300.949862063670