最优解为:6763.6061
最优解路径:

Best_route =

  1 至 24 列

    67    68    35    36    43    44    37    38    23    24     3     4     0     0     0     0     0     0     0     0     0     0     0     0
    95    96     1     2    93    94    57    58    31    32     0     0     0     0     0     0     0     0     0     0     0     0     0     0
   105   106    71    72    69    70    33    34   117   118     0     0     0     0     0     0     0     0     0     0     0     0     0     0
    61    62    41    42    63    64     5     6    89    90     9     0     0     0     0     0     0     0     0     0     0     0     0     0
    55    56    81    82    25    26    45    46    53    54     0     0     0     0     0     0     0     0     0     0     0     0     0     0
   101   102    39    40    91    92    11    12    19    20    10     0     0     0     0     0     0     0     0     0     0     0     0     0
    83    84   113   114   115   116     7     8    13    14   107   108     0     0     0     0     0     0     0     0     0     0     0     0
     0     0     0     0     0     0     0     0     0     0     0     0     0     0     0     0     0     0     0     0     0     0     0     0
     0     0     0     0     0     0     0     0     0     0     0     0     0     0     0     0     0     0     0     0     0     0     0     0
    99   100    79    80    27    28   109   110    51    52    17    18     0     0     0     0     0     0     0     0     0     0     0     0
    29    30    85    86    65    66    77    78     0     0     0     0     0     0     0     0     0     0     0     0     0     0     0     0
     0     0     0     0     0     0     0     0     0     0     0     0     0     0     0     0     0     0     0     0     0     0     0     0
    21    22    75    76   119   120    49    50    73    74    97    98     0     0     0     0     0     0     0     0     0     0     0     0
    59    60    47    48    15    16   103   104   111   112    87    88     0     0     0     0     0     0     0     0     0     0     0     0
     0     0     0     0     0     0     0     0     0     0     0     0     0     0     0     0     0     0     0     0     0     0     0     0
     0     0     0     0     0     0     0     0     0     0     0     0     0     0     0     0     0     0     0     0     0     0     0     0
     0     0     0     0     0     0     0     0     0     0     0     0     0     0     0     0     0     0     0     0     0     0     0     0
     0     0     0     0     0     0     0     0     0     0     0     0     0     0     0     0     0     0     0     0     0     0     0     0

  25 至 48 列

     0     0     0     0     0     0     0     0     0     0     0     0     0     0     0     0     0     0     0     0     0     0     0     0
     0     0     0     0     0     0     0     0     0     0     0     0     0     0     0     0     0     0     0     0     0     0     0     0
     0     0     0     0     0     0     0     0     0     0     0     0     0     0     0     0     0     0     0     0     0     0     0     0
     0     0     0     0     0     0     0     0     0     0     0     0     0     0     0     0     0     0     0     0     0     0     0     0
     0     0     0     0     0     0     0     0     0     0     0     0     0     0     0     0     0     0     0     0     0     0     0     0
     0     0     0     0     0     0     0     0     0     0     0     0     0     0     0     0     0     0     0     0     0     0     0     0
     0     0     0     0     0     0     0     0     0     0     0     0     0     0     0     0     0     0     0     0     0     0     0     0
     0     0     0     0     0     0     0     0     0     0     0     0     0     0     0     0     0     0     0     0     0     0     0     0
     0     0     0     0     0     0     0     0     0     0     0     0     0     0     0     0     0     0     0     0     0     0     0     0
     0     0     0     0     0     0     0     0     0     0     0     0     0     0     0     0     0     0     0     0     0     0     0     0
     0     0     0     0     0     0     0     0     0     0     0     0     0     0     0     0     0     0     0     0     0     0     0     0
     0     0     0     0     0     0     0     0     0     0     0     0     0     0     0     0     0     0     0     0     0     0     0     0
     0     0     0     0     0     0     0     0     0     0     0     0     0     0     0     0     0     0     0     0     0     0     0     0
     0     0     0     0     0     0     0     0     0     0     0     0     0     0     0     0     0     0     0     0     0     0     0     0
     0     0     0     0     0     0     0     0     0     0     0     0     0     0     0     0     0     0     0     0     0     0     0     0
     0     0     0     0     0     0     0     0     0     0     0     0     0     0     0     0     0     0     0     0     0     0     0     0
     0     0     0     0     0     0     0     0     0     0     0     0     0     0     0     0     0     0     0     0     0     0     0     0
     0     0     0     0     0     0     0     0     0     0     0     0     0     0     0     0     0     0     0     0     0     0     0     0

  49 至 72 列

     0     0     0     0     0     0     0     0     0     0     0     0     0     0     0     0     0     0     0     0     0     0     0     0
     0     0     0     0     0     0     0     0     0     0     0     0     0     0     0     0     0     0     0     0     0     0     0     0
     0     0     0     0     0     0     0     0     0     0     0     0     0     0     0     0     0     0     0     0     0     0     0     0
     0     0     0     0     0     0     0     0     0     0     0     0     0     0     0     0     0     0     0     0     0     0     0     0
     0     0     0     0     0     0     0     0     0     0     0     0     0     0     0     0     0     0     0     0     0     0     0     0
     0     0     0     0     0     0     0     0     0     0     0     0     0     0     0     0     0     0     0     0     0     0     0     0
     0     0     0     0     0     0     0     0     0     0     0     0     0     0     0     0     0     0     0     0     0     0     0     0
     0     0     0     0     0     0     0     0     0     0     0     0     0     0     0     0     0     0     0     0     0     0     0     0
     0     0     0     0     0     0     0     0     0     0     0     0     0     0     0     0     0     0     0     0     0     0     0     0
     0     0     0     0     0     0     0     0     0     0     0     0     0     0     0     0     0     0     0     0     0     0     0     0
     0     0     0     0     0     0     0     0     0     0     0     0     0     0     0     0     0     0     0     0     0     0     0     0
     0     0     0     0     0     0     0     0     0     0     0     0     0     0     0     0     0     0     0     0     0     0     0     0
     0     0     0     0     0     0     0     0     0     0     0     0     0     0     0     0     0     0     0     0     0     0     0     0
     0     0     0     0     0     0     0     0     0     0     0     0     0     0     0     0     0     0     0     0     0     0     0     0
     0     0     0     0     0     0     0     0     0     0     0     0     0     0     0     0     0     0     0     0     0     0     0     0
     0     0     0     0     0     0     0     0     0     0     0     0     0     0     0     0     0     0     0     0     0     0     0     0
     0     0     0     0     0     0     0     0     0     0     0     0     0     0     0     0     0     0     0     0     0     0     0     0
     0     0     0     0     0     0     0     0     0     0     0     0     0     0     0     0     0     0     0     0     0     0     0     0

  73 至 96 列

     0     0     0     0     0     0     0     0     0     0     0     0     0     0     0     0     0     0     0     0     0     0     0     0
     0     0     0     0     0     0     0     0     0     0     0     0     0     0     0     0     0     0     0     0     0     0     0     0
     0     0     0     0     0     0     0     0     0     0     0     0     0     0     0     0     0     0     0     0     0     0     0     0
     0     0     0     0     0     0     0     0     0     0     0     0     0     0     0     0     0     0     0     0     0     0     0     0
     0     0     0     0     0     0     0     0     0     0     0     0     0     0     0     0     0     0     0     0     0     0     0     0
     0     0     0     0     0     0     0     0     0     0     0     0     0     0     0     0     0     0     0     0     0     0     0     0
     0     0     0     0     0     0     0     0     0     0     0     0     0     0     0     0     0     0     0     0     0     0     0     0
     0     0     0     0     0     0     0     0     0     0     0     0     0     0     0     0     0     0     0     0     0     0     0     0
     0     0     0     0     0     0     0     0     0     0     0     0     0     0     0     0     0     0     0     0     0     0     0     0
     0     0     0     0     0     0     0     0     0     0     0     0     0     0     0     0     0     0     0     0     0     0     0     0
     0     0     0     0     0     0     0     0     0     0     0     0     0     0     0     0     0     0     0     0     0     0     0     0
     0     0     0     0     0     0     0     0     0     0     0     0     0     0     0     0     0     0     0     0     0     0     0     0
     0     0     0     0     0     0     0     0     0     0     0     0     0     0     0     0     0     0     0     0     0     0     0     0
     0     0     0     0     0     0     0     0     0     0     0     0     0     0     0     0     0     0     0     0     0     0     0     0
     0     0     0     0     0     0     0     0     0     0     0     0     0     0     0     0     0     0     0     0     0     0     0     0
     0     0     0     0     0     0     0     0     0     0     0     0     0     0     0     0     0     0     0     0     0     0     0     0
     0     0     0     0     0     0     0     0     0     0     0     0     0     0     0     0     0     0     0     0     0     0     0     0
     0     0     0     0     0     0     0     0     0     0     0     0     0     0     0     0     0     0     0     0     0     0     0     0

  97 至 120 列

     0     0     0     0     0     0     0     0     0     0     0     0     0     0     0     0     0     0     0     0     0     0     0     0
     0     0     0     0     0     0     0     0     0     0     0     0     0     0     0     0     0     0     0     0     0     0     0     0
     0     0     0     0     0     0     0     0     0     0     0     0     0     0     0     0     0     0     0     0     0     0     0     0
     0     0     0     0     0     0     0     0     0     0     0     0     0     0     0     0     0     0     0     0     0     0     0     0
     0     0     0     0     0     0     0     0     0     0     0     0     0     0     0     0     0     0     0     0     0     0     0     0
     0     0     0     0     0     0     0     0     0     0     0     0     0     0     0     0     0     0     0     0     0     0     0     0
     0     0     0     0     0     0     0     0     0     0     0     0     0     0     0     0     0     0     0     0     0     0     0     0
     0     0     0     0     0     0     0     0     0     0     0     0     0     0     0     0     0     0     0     0     0     0     0     0
     0     0     0     0     0     0     0     0     0     0     0     0     0     0     0     0     0     0     0     0     0     0     0     0
     0     0     0     0     0     0     0     0     0     0     0     0     0     0     0     0     0     0     0     0     0     0     0     0
     0     0     0     0     0     0     0     0     0     0     0     0     0     0     0     0     0     0     0     0     0     0     0     0
     0     0     0     0     0     0     0     0     0     0     0     0     0     0     0     0     0     0     0     0     0     0     0     0
     0     0     0     0     0     0     0     0     0     0     0     0     0     0     0     0     0     0     0     0     0     0     0     0
     0     0     0     0     0     0     0     0     0     0     0     0     0     0     0     0     0     0     0     0     0     0     0     0
     0     0     0     0     0     0     0     0     0     0     0     0     0     0     0     0     0     0     0     0     0     0     0     0
     0     0     0     0     0     0     0     0     0     0     0     0     0     0     0     0     0     0     0     0     0     0     0     0
     0     0     0     0     0     0     0     0     0     0     0     0     0     0     0     0     0     0     0     0     0     0     0     0
     0     0     0     0     0     0     0     0     0     0     0     0     0     0     0     0     0     0     0     0     0     0     0     0

  121 列

     0
     0
     0
     0
     0
     0
     0
     0
     0
     0
     0
     0
     0
     0
     0
     0
     0
     0

本次运算用时:2222.92秒
算法在第343代时收敛

best
8789.78928735525
7538.52518217948
7538.52518217948
7538.52518217948
7316.02474703457
7316.02474703457
7316.02474703457
7316.02474703457
7316.02474703457
7316.02474703457
7316.02474703457
7316.02474703457
7316.02474703457
7316.02474703457
7316.02474703457
7316.02474703457
7316.02474703457
7316.02474703457
7294.05357821076
7294.05357821076
7294.05357821076
7294.05357821076
7294.05357821076
7294.05357821076
7294.05357821076
7083.08874309866
7083.08874309866
7083.08874309866
7083.08874309866
7083.08874309866
7083.08874309866
7083.08874309866
6883.17931182865
6883.17931182865
6883.17931182865
6883.17931182865
6883.17931182865
6883.17931182865
6883.17931182865
6883.17931182865
6883.17931182865
6883.17931182865
6883.17931182865
6883.17931182865
6883.17931182865
6883.17931182865
6883.17931182865
6883.17931182865
6883.17931182865
6883.17931182865
6883.17931182865
6883.17931182865
6883.17931182865
6883.17931182865
6883.17931182865
6883.17931182865
6883.17931182865
6883.17931182865
6883.17931182865
6883.17931182865
6883.17931182865
6883.17931182865
6883.17931182865
6883.17931182865
6883.17931182865
6861.29238524835
6861.29238524835
6861.29238524835
6861.29238524835
6861.29238524835
6861.29238524835
6861.29238524835
6861.29238524835
6861.29238524835
6861.29238524835
6861.29238524835
6861.29238524835
6861.29238524835
6805.17420854514
6805.17420854514
6805.17420854514
6805.17420854514
6805.17420854514
6805.17420854514
6805.17420854514
6805.17420854514
6805.17420854514
6805.17420854514
6805.17420854514
6782.15053563779
6782.15053563779
6782.15053563779
6782.15053563779
6782.15053563779
6782.15053563779
6782.15053563779
6782.15053563779
6782.15053563779
6782.15053563779
6782.15053563779
6782.15053563779
6782.15053563779
6782.15053563779
6782.15053563779
6782.15053563779
6782.15053563779
6782.15053563779
6782.15053563779
6782.15053563779
6782.15053563779
6782.15053563779
6782.15053563779
6782.15053563779
6782.15053563779
6782.15053563779
6782.15053563779
6782.15053563779
6782.15053563779
6782.15053563779
6782.15053563779
6782.15053563779
6782.15053563779
6782.15053563779
6782.15053563779
6782.15053563779
6782.15053563779
6782.15053563779
6782.15053563779
6782.15053563779
6782.15053563779
6782.15053563779
6782.15053563779
6782.15053563779
6782.15053563779
6782.15053563779
6782.15053563779
6782.15053563779
6782.15053563779
6782.15053563779
6782.15053563779
6782.15053563779
6782.15053563779
6782.15053563779
6782.15053563779
6782.15053563779
6782.15053563779
6782.15053563779
6782.15053563779
6782.15053563779
6782.15053563779
6782.15053563779
6782.15053563779
6782.15053563779
6782.15053563779
6782.15053563779
6782.15053563779
6782.15053563779
6782.15053563779
6782.15053563779
6782.15053563779
6782.15053563779
6782.15053563779
6782.15053563779
6782.15053563779
6782.15053563779
6782.15053563779
6782.15053563779
6782.15053563779
6782.15053563779
6782.15053563779
6782.15053563779
6782.15053563779
6782.15053563779
6782.15053563779
6782.15053563779
6782.15053563779
6782.15053563779
6782.15053563779
6782.15053563779
6782.15053563779
6782.15053563779
6782.15053563779
6782.15053563779
6782.15053563779
6782.15053563779
6782.15053563779
6782.15053563779
6782.15053563779
6782.15053563779
6782.15053563779
6782.15053563779
6782.15053563779
6782.15053563779
6782.15053563779
6782.15053563779
6782.15053563779
6782.15053563779
6782.15053563779
6782.15053563779
6782.15053563779
6782.15053563779
6782.15053563779
6782.15053563779
6782.15053563779
6782.15053563779
6782.15053563779
6782.15053563779
6782.15053563779
6782.15053563779
6782.15053563779
6782.15053563779
6782.15053563779
6782.15053563779
6782.15053563779
6782.15053563779
6782.15053563779
6782.15053563779
6782.15053563779
6782.15053563779
6782.15053563779
6782.15053563779
6782.15053563779
6782.15053563779
6782.15053563779
6782.15053563779
6782.15053563779
6782.15053563779
6782.15053563779
6782.15053563779
6782.15053563779
6782.15053563779
6768.37205166343
6768.37205166343
6768.37205166343
6768.37205166343
6768.37205166343
6768.37205166343
6768.37205166343
6768.37205166343
6768.37205166343
6768.37205166343
6768.37205166343
6768.37205166343
6768.37205166343
6768.37205166343
6768.37205166343
6768.37205166343
6768.37205166343
6768.37205166343
6768.37205166343
6768.37205166343
6768.37205166343
6768.37205166343
6768.37205166343
6768.37205166343
6768.37205166343
6768.37205166343
6768.37205166343
6768.37205166343
6768.37205166343
6768.37205166343
6768.37205166343
6768.37205166343
6768.37205166343
6768.37205166343
6768.37205166343
6768.37205166343
6768.37205166343
6768.37205166343
6768.37205166343
6768.37205166343
6768.37205166343
6768.37205166343
6768.37205166343
6768.37205166343
6768.37205166343
6768.37205166343
6768.37205166343
6768.37205166343
6768.37205166343
6768.37205166343
6768.37205166343
6768.37205166343
6768.37205166343
6768.37205166343
6768.37205166343
6768.37205166343
6768.37205166343
6768.37205166343
6768.37205166343
6768.37205166343
6768.37205166343
6768.37205166343
6768.37205166343
6768.37205166343
6768.37205166343
6768.37205166343
6768.37205166343
6768.37205166343
6768.37205166343
6768.37205166343
6768.37205166343
6768.37205166343
6768.37205166343
6768.37205166343
6768.37205166343
6768.37205166343
6768.37205166343
6768.37205166343
6768.37205166343
6768.37205166343
6768.37205166343
6768.37205166343
6768.37205166343
6768.37205166343
6768.37205166343
6768.37205166343
6768.37205166343
6768.37205166343
6768.37205166343
6768.37205166343
6768.37205166343
6768.37205166343
6768.37205166343
6768.37205166343
6768.37205166343
6768.37205166343
6768.37205166343
6768.37205166343
6768.37205166343
6768.37205166343
6768.37205166343
6768.37205166343
6768.37205166343
6768.37205166343
6768.37205166343
6768.37205166343
6768.37205166343
6768.37205166343
6768.37205166343
6768.37205166343
6768.37205166343
6763.60606920124
6763.60606920124
6763.60606920124
6763.60606920124
6763.60606920124
6763.60606920124
6763.60606920124
6763.60606920124
6763.60606920124
6763.60606920124
6763.60606920124
6763.60606920124
6763.60606920124
6763.60606920124
6763.60606920124
6763.60606920124
6763.60606920124
6763.60606920124
6763.60606920124
6763.60606920124
6763.60606920124
6763.60606920124
6763.60606920124
6763.60606920124
6763.60606920124
6763.60606920124
6763.60606920124
6763.60606920124
6763.60606920124
6763.60606920124
6763.60606920124
6763.60606920124
6763.60606920124
6763.60606920124
6763.60606920124
6763.60606920124
6763.60606920124
6763.60606920124
6763.60606920124
6763.60606920124
6763.60606920124
6763.60606920124
6763.60606920124
6763.60606920124
6763.60606920124
6763.60606920124
6763.60606920124
6763.60606920124
6763.60606920124
6763.60606920124
6763.60606920124
6763.60606920124
6763.60606920124
6763.60606920124
6763.60606920124
6763.60606920124
6763.60606920124
6763.60606920124
6763.60606920124
6763.60606920124
6763.60606920124
6763.60606920124
6763.60606920124
6763.60606920124
6763.60606920124
6763.60606920124
6763.60606920124
6763.60606920124
6763.60606920124
6763.60606920124
6763.60606920124
6763.60606920124
6763.60606920124
6763.60606920124
6763.60606920124
6763.60606920124
6763.60606920124
6763.60606920124
6763.60606920124
6763.60606920124
6763.60606920124
6763.60606920124
6763.60606920124
6763.60606920124
6763.60606920124
6763.60606920124
6763.60606920124
6763.60606920124
6763.60606920124
6763.60606920124
6763.60606920124
6763.60606920124
6763.60606920124
6763.60606920124
6763.60606920124
6763.60606920124
6763.60606920124
6763.60606920124
6763.60606920124
6763.60606920124
6763.60606920124
6763.60606920124
6763.60606920124
6763.60606920124
6763.60606920124
6763.60606920124
6763.60606920124
6763.60606920124
6763.60606920124
6763.60606920124
6763.60606920124
6763.60606920124
6763.60606920124
6763.60606920124
6763.60606920124
6763.60606920124
6763.60606920124
6763.60606920124
6763.60606920124
6763.60606920124
6763.60606920124
6763.60606920124
6763.60606920124
6763.60606920124
6763.60606920124
6763.60606920124
6763.60606920124
6763.60606920124
6763.60606920124
6763.60606920124
6763.60606920124
6763.60606920124
6763.60606920124
6763.60606920124
6763.60606920124
6763.60606920124
6763.60606920124
6763.60606920124
6763.60606920124
6763.60606920124
6763.60606920124
6763.60606920124
6763.60606920124
6763.60606920124
6763.60606920124
6763.60606920124
6763.60606920124
6763.60606920124
6763.60606920124
6763.60606920124
6763.60606920124
6763.60606920124
6763.60606920124
6763.60606920124
6763.60606920124
6763.60606920124
6763.60606920124
6763.60606920124

ave
10397.8752724976
9908.92734401870
9831.30211434888
10350.1746595917
9877.53161415436
10476.8833045566
10436.4893277177
9787.14409373294
9916.02809471709
10156.1778101267
10321.7937917016
10056.1581741290
9520.38079744264
10253.3056202294
9391.29391211884
9448.50828210061
9947.06268640607
9697.89672240189
9259.45977216123
8894.01998503086
8963.41850707568
9029.33367306345
9395.65253642881
8700.79230439010
8936.03032418864
8673.86278864377
8623.45984346555
8499.00918841450
8625.33782215966
8382.96431490699
8501.25308304795
8430.49914340493
8651.35681173690
8360.14545979706
8698.90853376069
8444.26656300773
8483.92489728149
8795.89085038060
8495.10065182175
8513.86287176815
8189.26232918721
8713.25220164470
8347.88617487846
8627.42820077485
8618.37765609070
8639.78022139021
8590.20576099058
8476.24501588987
8120.77351848945
8312.38024145494
8535.98899971549
8814.56166347490
8583.07731496712
8707.19753865751
9002.20095070033
8265.81594590385
8463.16926659705
8848.55917055969
8606.32516560128
8701.55031716848
8392.11574653248
8427.16821531253
8624.26837582470
8420.75972506544
8966.98398088686
8195.41630088242
7937.05576733891
8442.45408272599
8392.43497603402
8744.01410349405
8573.60747837296
8501.42047900155
8586.95096303174
8462.22656259236
8471.77194122172
8064.19925820326
8559.15388963764
8541.88439652464
8306.53254760071
8330.66661669817
8579.17685080153
8999.61395727758
8762.14126479726
8532.48442156766
8146.22406390866
8260.50725285666
8284.37887471972
8906.14783238681
8270.35058920231
8250.93372563865
8356.10317543225
8203.20180588857
8289.45606657188
8385.01581668458
8594.80384451350
8291.36306046745
8829.10612288576
8561.96801524375
8410.51123327930
8087.59660834408
8273.46009700941
8322.32232301958
8229.20172559009
8481.97080433574
8506.33982998776
8203.19980392306
8324.67711859148
7961.80164677454
8322.41522993715
8294.83489229969
8262.26649543729
8807.63452198040
8522.93466904393
8159.66402339549
8228.56519355519
8473.17249091812
8685.71771523988
8467.36871189294
7964.24553505792
8480.40371605054
8348.13983638108
8188.84363279401
9178.60180760372
8156.86282003968
8519.99667570364
8243.62442716740
8573.39602060508
8095.91338091978
8406.85231708930
8867.53639966616
7983.64734254648
8677.40024185031
8296.44479553583
8309.97944805084
8513.13834467440
8472.44906735956
8587.18323729106
8241.99661452017
7957.85420588208
8144.14028339470
8040.40426871866
8133.68127302157
8147.96745936540
8251.66272443868
8376.97974192768
8462.15067162033
8524.13935005630
8401.37011141440
8640.09058585055
7999.75684719422
8123.77294365659
8073.19387947725
8361.51024213387
8227.85776928701
8149.68685795425
8450.34297322072
8426.48270973344
8303.73376842855
8047.30229144214
8616.85649013078
8946.78122576787
8571.68207583459
8349.55716776304
8281.63628785527
8565.33986898218
8554.81085415230
8791.84449080641
8072.17228514247
8374.58392179033
8404.12956850946
8538.02097739854
8247.58123931968
8513.84059883204
8595.87411859647
8771.05769893649
8655.95278910009
8751.04553290737
8641.44737163308
8260.91109082894
8410.89518558315
8488.83054041206
8674.36571005218
8240.62971491885
8523.30845210305
8199.47463207104
8312.12815489483
7944.62714644011
8507.02593175278
8112.50687016450
8747.08272891591
8808.84132330374
8477.07393183303
8382.99742456980
8478.90416536972
8613.95060338918
8530.68394288340
8865.09985054484
8358.65276020138
8259.77985019179
8145.18681166299
8586.75369701112
8440.29127361505
8042.50743957560
8484.76467334184
8408.87616400116
8297.39190940346
8480.66679349813
8326.77737489235
8639.74969384155
8512.78468972273
8473.14830957885
8318.09170075043
8877.33076392166
8578.73353678812
8332.37498893535
8367.44412464856
8373.46989865693
8586.58396329444
8467.52773537247
8647.39963208468
8887.74995102453
8452.34135576368
8499.37889896951
8473.50328717600
8485.25759764613
8866.14305367076
8205.80662155576
8624.55526699886
8365.86914828951
8699.94510669455
8733.30066003953
8159.81490639925
8378.14609819046
8463.10834435847
8381.69409881938
8794.97371888231
8236.82371032282
8597.42788302175
8517.73769445283
8555.21366831327
8407.13603836108
9097.82830672471
8696.72523938816
8080.10738363359
8654.35288481780
8518.40683989866
8549.84312177790
8717.63299413554
8262.93657700975
8477.99529329503
8337.67073068065
8626.00632372475
8165.40697716558
8197.40141274917
8303.90513721009
8499.92219900349
8455.30540747904
8472.38953772278
8197.62306188808
8176.58723263861
8295.60016406149
8503.19099332487
8636.21005964723
7755.43290451610
8433.80328545703
8369.50955703552
8885.88375992351
8548.57666272915
8458.80963847455
8590.33183203842
8269.96462812103
8671.60451223200
8361.68607383832
8656.76787983383
8496.69665414710
8420.22583752823
8218.90649541207
8176.10652764761
8356.12714929415
8240.00036700983
8419.96242348728
8258.63834833380
8207.87548683915
8479.66020716436
8252.29270159969
8764.66068953877
8805.36303356673
8249.34766286760
8546.38304938394
8646.15610201607
8242.47024350703
8702.11621037001
8791.07478613446
8463.05739698872
8132.77609556534
8104.64444532368
8603.47078932157
8483.89107136246
8672.14442592110
8450.14491326224
8974.35627456217
8446.56448442793
8403.51705918134
8332.88995702708
8479.05164609391
8319.74252928030
8270.38391793543
8410.16927333182
8500.13921749306
8476.07527327761
8433.30627081125
8515.78172724796
8127.65808039492
8838.93971352499
8458.64896039929
8766.75915610943
8860.33435538005
8405.07026850390
8502.31815612605
8393.12913195954
8363.01501003138
8668.42461891683
8399.68840015719
8651.98447178846
8166.16474948483
8278.03049297743
8320.23966101102
8697.41622805469
8382.94803387936
8554.45695511840
8574.96904984606
8521.19483863948
8768.32498183863
8457.53817148686
8414.75210763336
8046.76012794347
8040.10839284969
8112.67060089324
8417.64426912051
8354.23654526484
8696.46377845312
8388.05031402781
8070.58124940058
8410.13495346051
8424.95500289581
8217.68719210967
8124.08091253594
8764.28442816713
8828.19358707867
8334.53609413967
8419.22586361082
7956.43882585127
8295.33317234980
8363.80067503748
8080.65631395314
8883.47079648721
8216.26589692852
8674.83732388979
8448.77503247479
8310.04724630783
8328.91536864407
8605.51608191134
8687.01697851285
8386.24491201405
8362.14778255931
8378.71714321687
8475.17380631236
8393.16335572283
8358.00721903224
8192.16325704160
8132.83205693192
8233.19937176962
8501.56844023002
8396.80336163903
8447.14356419311
8292.54902650991
8541.54627951894
8664.99222475765
8568.54431486395
8722.30139796167
8493.70650126417
8918.86269353167
8379.04449063463
8639.86735087931
8494.25168863693
8353.73561506199
8346.00688173021
8246.45956048250
8374.95547122334
8426.74269723431
8352.48863727609
8152.70099553311
8497.94597985551
8427.12427771801
8202.20650776846
8614.96905839018
8411.88153517890
8270.79255304631
8683.82731089853
8365.46128423141
8081.71653479742
8448.68897876289
8109.53760159484
8352.47191618348
8284.71024123928
8434.60878158357
8613.31791329692
8454.25777494106
8126.46254869102
8841.85937171804
8751.37866103194
8456.19114353059
8363.33199646296
8456.49027405026
8478.60200894338
8567.49930149786
8201.76751462038
8423.59953528033
8273.13373553254
8122.81796304626
8324.13389274822
8278.32712841716
8576.31487006255
8149.91930355328
8144.86558238221
8440.75968152767
8478.27762552648
8589.26773359837
8601.72910644140
9132.17256215988
8624.32039187219
8370.46635689994
8517.62012613577
8422.21326333171
8403.61842033313
8370.57602794054
8025.28611183304
8458.16846159184
8222.61444890534
8126.40025141033
8416.37736767908
8559.08875729405
8971.75633485153
8266.53437389965
7854.09607421639
8455.16142842523
8507.02465885371
8653.38510536034
8125.66301468156
7936.78249813232
8765.76835824711
8175.13128901581
8382.40735802210
8410.34794346644
8081.36607594860
8752.48635238158
8140.96775459482
8390.02439580595
7985.65573231935
8686.86699523414
8070.09540785545
8637.27079027180
8075.43240452176
8345.74462418721
8461.73778905521
8144.42911729942
8363.18892461230
8538.63593489865
7944.66381955691
7958.96799170559
8104.60118035317
8005.01662391209
8172.33416261048
8119.67155868785
8270.07160018238
8463.04931751072
8403.71711762647
8271.80719156840
8047.89410259668
8635.84868138602
8414.13257191894
8401.55533981238
8193.65898741595
8145.29484451863
8244.12261288071
8680.72360581074
8170.50741538629
8057.52779213075
8734.85286644465
8401.00087554887
8266.77244765384
8078.14353442887
8265.54898813070
8620.31135568300
8444.78845942644
8526.94742216670
8530.58336474846
8381.25653778178
8591.95933755770
8585.40522514411