最优解为:1537.0411
最优解路径:

Best_route =

  1 至 24 列

     0     0     0     0     0     0     0     0     0     0     0     0     0     0     0     0     0     0     0     0     0     0     0     0
    45    24    49    13    12    28     4    32    30     0     0     0     0     0     0     0     0     0     0     0     0     0     0     0
     0     0     0     0     0     0     0     0     0     0     0     0     0     0     0     0     0     0     0     0     0     0     0     0
    21    25    20    41    26    44     8    10    33    23     0     0     0     0     0     0     0     0     0     0     0     0     0     0
     0     0     0     0     0     0     0     0     0     0     0     0     0     0     0     0     0     0     0     0     0     0     0     0
     0     0     0     0     0     0     0     0     0     0     0     0     0     0     0     0     0     0     0     0     0     0     0     0
    14     1    29     6     9     5    40    19    18    47    42     0     0     0     0     0     0     0     0     0     0     0     0     0
     0     0     0     0     0     0     0     0     0     0     0     0     0     0     0     0     0     0     0     0     0     0     0     0
     0     0     0     0     0     0     0     0     0     0     0     0     0     0     0     0     0     0     0     0     0     0     0     0
     0     0     0     0     0     0     0     0     0     0     0     0     0     0     0     0     0     0     0     0     0     0     0     0
     0     0     0     0     0     0     0     0     0     0     0     0     0     0     0     0     0     0     0     0     0     0     0     0
    34    37    35    11    22     7    46    27    48    17    15     0     0     0     0     0     0     0     0     0     0     0     0     0
     0     0     0     0     0     0     0     0     0     0     0     0     0     0     0     0     0     0     0     0     0     0     0     0
     0     0     0     0     0     0     0     0     0     0     0     0     0     0     0     0     0     0     0     0     0     0     0     0
    39    50     2    16    36    43    31    38     3     0     0     0     0     0     0     0     0     0     0     0     0     0     0     0

  25 至 48 列

     0     0     0     0     0     0     0     0     0     0     0     0     0     0     0     0     0     0     0     0     0     0     0     0
     0     0     0     0     0     0     0     0     0     0     0     0     0     0     0     0     0     0     0     0     0     0     0     0
     0     0     0     0     0     0     0     0     0     0     0     0     0     0     0     0     0     0     0     0     0     0     0     0
     0     0     0     0     0     0     0     0     0     0     0     0     0     0     0     0     0     0     0     0     0     0     0     0
     0     0     0     0     0     0     0     0     0     0     0     0     0     0     0     0     0     0     0     0     0     0     0     0
     0     0     0     0     0     0     0     0     0     0     0     0     0     0     0     0     0     0     0     0     0     0     0     0
     0     0     0     0     0     0     0     0     0     0     0     0     0     0     0     0     0     0     0     0     0     0     0     0
     0     0     0     0     0     0     0     0     0     0     0     0     0     0     0     0     0     0     0     0     0     0     0     0
     0     0     0     0     0     0     0     0     0     0     0     0     0     0     0     0     0     0     0     0     0     0     0     0
     0     0     0     0     0     0     0     0     0     0     0     0     0     0     0     0     0     0     0     0     0     0     0     0
     0     0     0     0     0     0     0     0     0     0     0     0     0     0     0     0     0     0     0     0     0     0     0     0
     0     0     0     0     0     0     0     0     0     0     0     0     0     0     0     0     0     0     0     0     0     0     0     0
     0     0     0     0     0     0     0     0     0     0     0     0     0     0     0     0     0     0     0     0     0     0     0     0
     0     0     0     0     0     0     0     0     0     0     0     0     0     0     0     0     0     0     0     0     0     0     0     0
     0     0     0     0     0     0     0     0     0     0     0     0     0     0     0     0     0     0     0     0     0     0     0     0

  49 至 51 列

     0     0     0
     0     0     0
     0     0     0
     0     0     0
     0     0     0
     0     0     0
     0     0     0
     0     0     0
     0     0     0
     0     0     0
     0     0     0
     0     0     0
     0     0     0
     0     0     0
     0     0     0

本次运算用时:479.275秒
算法在第422代时收敛

best
1880.76166527219
1865.51551365566
1566.08420202641
1563.78441201019
1556.93926634089
1556.93926634089
1556.93926634089
1556.93926634089
1556.93926634089
1554.39133164528
1554.39133164528
1548.69762872097
1548.69762872097
1548.69762872097
1547.63490776862
1542.01283921963
1542.01283921963
1542.01283921963
1542.01283921963
1542.01283921963
1542.01283921963
1542.01283921963
1542.01283921963
1542.01283921963
1542.01283921963
1542.01283921963
1542.01283921963
1542.01283921963
1542.01283921963
1542.01283921963
1542.01283921963
1542.01283921963
1542.01283921963
1542.01283921963
1542.01283921963
1542.01283921963
1542.01283921963
1542.01283921963
1542.01283921963
1542.01283921963
1542.01283921963
1542.01283921963
1542.01283921963
1542.01283921963
1542.01283921963
1542.01283921963
1542.01283921963
1542.01283921963
1542.01283921963
1542.01283921963
1542.01283921963
1541.62655810641
1541.62655810641
1541.62655810641
1541.62655810641
1541.62655810641
1541.62655810641
1541.56177689241
1541.56177689241
1541.56177689241
1541.56177689241
1541.56177689241
1540.81091302578
1540.81091302578
1540.81091302578
1540.81091302578
1540.81091302578
1540.81091302578
1540.81091302578
1540.81091302578
1540.81091302578
1540.81091302578
1540.81091302578
1540.81091302578
1540.81091302578
1540.81091302578
1540.81091302578
1540.81091302578
1540.81091302578
1540.81091302578
1540.81091302578
1540.81091302578
1540.81091302578
1540.81091302578
1540.81091302578
1540.38658295473
1540.38658295473
1540.38658295473
1540.38658295473
1540.38658295473
1540.38658295473
1540.38658295473
1540.38658295473
1540.38658295473
1540.38658295473
1540.38658295473
1540.38658295473
1540.38658295473
1540.38658295473
1540.38658295473
1540.38658295473
1540.38658295473
1540.38658295473
1540.38658295473
1540.38658295473
1540.38658295473
1540.38658295473
1540.38658295473
1540.38658295473
1540.38658295473
1540.38658295473
1540.38658295473
1540.38658295473
1540.38658295473
1540.38658295473
1540.38658295473
1540.38658295473
1540.38658295473
1540.38658295473
1540.38658295473
1540.38658295473
1540.38658295473
1540.38658295473
1540.38658295473
1540.38658295473
1540.38658295473
1540.38658295473
1540.38658295473
1540.38658295473
1540.38658295473
1540.38658295473
1540.38658295473
1540.38658295473
1540.38658295473
1540.38658295473
1540.38658295473
1540.38658295473
1540.38658295473
1539.59635165150
1539.59635165150
1539.59635165150
1539.59635165150
1539.59635165150
1539.59635165150
1539.59635165150
1539.59635165150
1539.59635165150
1539.50607036809
1539.50607036809
1539.50607036809
1539.50607036809
1539.50607036809
1539.50607036809
1539.50607036809
1539.50607036809
1539.50607036809
1539.50607036809
1539.50607036809
1539.50607036809
1539.50607036809
1539.50607036809
1539.50607036809
1539.50607036809
1539.50607036809
1539.50607036809
1539.50607036809
1539.43239942464
1539.43239942464
1539.43239942464
1539.43239942464
1539.43239942464
1539.43239942464
1539.43239942464
1539.43239942464
1539.43239942464
1539.43239942464
1539.43239942464
1539.43239942464
1539.43239942464
1539.43239942464
1539.43239942464
1539.43239942464
1539.43239942464
1539.43239942464
1539.43239942464
1539.43239942464
1539.43239942464
1539.43239942464
1539.43239942464
1539.43239942464
1539.43239942464
1539.43239942464
1539.43239942464
1539.43239942464
1539.43239942464
1539.43239942464
1539.43239942464
1539.43239942464
1539.43239942464
1539.43239942464
1539.43239942464
1539.43239942464
1539.43239942464
1539.43239942464
1539.43239942464
1539.43239942464
1539.43239942464
1538.93573258923
1538.93573258923
1538.93573258923
1538.93573258923
1538.93573258923
1538.93573258923
1538.93573258923
1538.93573258923
1538.93573258923
1538.93573258923
1538.93573258923
1538.93573258923
1538.93573258923
1538.93573258923
1538.93573258923
1538.93573258923
1538.93573258923
1538.93573258923
1538.93573258923
1538.93573258923
1538.93573258923
1538.93573258923
1538.93573258923
1538.93573258923
1538.93573258923
1538.93573258923
1538.93573258923
1538.93573258923
1538.93573258923
1538.93573258923
1538.93573258923
1538.93573258923
1538.93573258923
1538.93573258923
1538.93573258923
1538.93573258923
1538.93573258923
1538.93573258923
1538.93573258923
1538.93573258923
1538.93573258923
1538.93573258923
1538.93573258923
1538.93573258923
1538.93573258923
1538.93573258923
1538.93573258923
1538.93573258923
1538.93573258923
1538.93573258923
1538.93573258923
1538.93573258923
1538.93573258923
1538.93573258923
1538.93573258923
1538.93573258923
1538.93573258923
1538.93573258923
1538.93573258923
1538.93573258923
1538.93573258923
1538.93573258923
1538.93573258923
1538.93573258923
1538.93573258923
1538.93573258923
1538.93573258923
1538.93573258923
1538.93573258923
1538.93573258923
1538.93573258923
1538.93573258923
1538.93573258923
1538.93573258923
1538.93573258923
1538.86311387264
1538.86311387264
1538.86311387264
1538.86311387264
1538.86311387264
1538.86311387264
1538.86311387264
1538.86311387264
1538.86311387264
1538.86311387264
1538.86311387264
1538.86311387264
1538.86311387264
1538.86311387264
1538.86311387264
1538.86311387264
1538.86311387264
1538.86311387264
1538.86311387264
1538.86311387264
1538.86311387264
1538.86311387264
1538.86311387264
1538.86311387264
1538.86311387264
1538.86311387264
1538.86311387264
1538.86311387264
1538.86311387264
1538.86311387264
1538.86311387264
1538.86311387264
1538.86311387264
1538.86311387264
1538.86311387264
1538.86311387264
1538.86311387264
1538.86311387264
1538.86311387264
1538.86311387264
1538.86311387264
1538.86311387264
1538.86311387264
1538.86311387264
1538.86311387264
1538.86311387264
1538.86311387264
1538.86311387264
1538.86311387264
1538.86311387264
1538.86311387264
1538.86311387264
1538.86311387264
1538.86311387264
1538.86311387264
1538.86311387264
1538.86311387264
1538.86311387264
1538.86311387264
1538.86311387264
1538.86311387264
1538.86311387264
1538.86311387264
1538.86311387264
1538.86311387264
1538.86311387264
1538.86311387264
1538.86311387264
1538.86311387264
1538.86311387264
1538.86311387264
1538.86311387264
1538.86311387264
1538.86311387264
1538.86311387264
1538.86311387264
1538.86311387264
1538.86311387264
1538.86311387264
1538.86311387264
1538.86311387264
1538.86311387264
1538.86311387264
1538.86311387264
1538.86311387264
1538.86311387264
1538.86311387264
1538.86311387264
1538.86311387264
1538.86311387264
1538.86311387264
1538.86311387264
1538.86311387264
1538.86311387264
1538.86311387264
1538.86311387264
1538.63332226143
1538.63332226143
1538.63332226143
1538.63332226143
1538.63332226143
1538.12706583374
1537.77711387264
1537.77711387264
1537.77711387264
1537.77711387264
1537.77711387264
1537.77711387264
1537.77711387264
1537.77711387264
1537.77711387264
1537.77711387264
1537.77711387264
1537.77711387264
1537.77711387264
1537.77711387264
1537.77711387264
1537.77711387264
1537.77711387264
1537.77711387264
1537.77711387264
1537.77711387264
1537.77711387264
1537.77711387264
1537.77711387264
1537.77711387264
1537.77711387264
1537.77711387264
1537.77711387264
1537.77711387264
1537.77711387264
1537.77711387264
1537.77711387264
1537.77711387264
1537.77711387264
1537.77711387264
1537.77711387264
1537.77711387264
1537.77711387264
1537.04106583374
1537.04106583374
1537.04106583374
1537.04106583374
1537.04106583374
1537.04106583374
1537.04106583374
1537.04106583374
1537.04106583374
1537.04106583374
1537.04106583374
1537.04106583374
1537.04106583374
1537.04106583374
1537.04106583374
1537.04106583374
1537.04106583374
1537.04106583374
1537.04106583374
1537.04106583374
1537.04106583374
1537.04106583374
1537.04106583374
1537.04106583374
1537.04106583374
1537.04106583374
1537.04106583374
1537.04106583374
1537.04106583374
1537.04106583374
1537.04106583374
1537.04106583374
1537.04106583374
1537.04106583374
1537.04106583374
1537.04106583374
1537.04106583374
1537.04106583374
1537.04106583374
1537.04106583374
1537.04106583374
1537.04106583374
1537.04106583374
1537.04106583374
1537.04106583374
1537.04106583374
1537.04106583374
1537.04106583374
1537.04106583374
1537.04106583374
1537.04106583374
1537.04106583374
1537.04106583374
1537.04106583374
1537.04106583374
1537.04106583374
1537.04106583374
1537.04106583374
1537.04106583374
1537.04106583374
1537.04106583374
1537.04106583374
1537.04106583374
1537.04106583374
1537.04106583374
1537.04106583374
1537.04106583374
1537.04106583374
1537.04106583374
1537.04106583374
1537.04106583374
1537.04106583374
1537.04106583374
1537.04106583374
1537.04106583374
1537.04106583374
1537.04106583374
1537.04106583374
1537.04106583374

ave
2021.59265289631
1939.88713205085
1922.72359634031
1982.17213759240
1885.81755765597
1946.08185476823
1903.40866577521
1864.26344784069
1836.64114829587
1895.84512668552
1850.14466530861
1894.82447995660
1816.82518033392
1796.46886548500
1824.99983989208
1808.50536061855
1854.45907830944
1837.95352061782
1772.30203798374
1819.23783973045
1835.26947599527
1743.45983075400
1741.31870816514
1773.61419851823
1799.32113768911
1802.08841779064
1768.04072284407
1847.03822474369
1842.52339937076
1812.13221631598
1690.82854160564
1764.64488165834
1765.98766853793
1732.54864180004
1751.38239375192
1799.85387407778
1779.08591530282
1763.34226109308
1837.74194253429
1821.87923647352
1805.72774427517
1791.85427159415
1760.85195180237
1776.98452226460
1745.90404171947
1819.49767332973
1761.09044243728
1791.83731339157
1773.35115873132
1758.89944170271
1834.41671651861
1775.05798607131
1896.34796567713
1789.44203925595
1774.18999185736
1804.78264390214
1698.40375998314
1682.96247955509
1804.00334881257
1727.46533016939
1833.64241352043
1788.01194509886
1832.39751620304
1877.87213614848
1861.59849495308
1910.19337824029
1848.79950238526
1863.65470459164
1864.54565033607
1832.13964591843
1789.04243509817
1744.85928873267
1712.69218679456
1756.75710182864
1789.37473616744
1742.48644455523
1849.30461177573
1831.70613024418
1787.71346465888
1771.07334909144
1757.79331840143
1669.05632353532
1728.96612243696
1801.69547947178
1742.29503072198
1756.81147474111
1743.00849393892
1725.26477055729
1757.98815334484
1713.71400886261
1711.88750411872
1681.87653612146
1713.27560848695
1697.02159218453
1712.67172730112
1757.66217867060
1622.89941212311
1712.21850941373
1710.74274066906
1708.80821231558
1756.62895221406
1636.43403639657
1682.68766006897
1651.12171369356
1696.07746948901
1637.35390660877
1606.90121908330
1590.33424163271
1634.47506245018
1697.48522111110
1651.46433566730
1591.45910599555
1637.24164583305
1635.96125831897
1637.94152495846
1621.58265431997
1605.75589571792
1590.88347824236
1545.74777655739
1561.21874977461
1636.32670900616
1591.26703318016
1590.07613778300
1606.56850036272
1576.74208015982
1574.97315130215
1666.89662646821
1607.54897179862
1604.37516513206
1619.93541589330
1577.21461071237
1578.57037080714
1605.74813327794
1574.96250525281
1590.51476376430
1589.82017394016
1620.40667654648
1543.10221175435
1603.53194393626
1589.59202614482
1620.92616761001
1591.32707139294
1590.33316620877
1604.64997679594
1576.31552695954
1589.70555620217
1603.57956294972
1620.26892912713
1573.78674363814
1621.98302881443
1574.10423777889
1573.09534507944
1544.89580659606
1588.98949687579
1635.76157350846
1601.49132615983
1600.96180551020
1572.17179937241
1618.88201949925
1557.51747661762
1559.63560415079
1557.73443586196
1589.34330661085
1588.81094132929
1574.84957138033
1557.35359007941
1588.28679540132
1574.71709545946
1555.92396700119
1607.61015323972
1558.76262170824
1572.73287195027
1557.63333540294
1572.17103335435
1573.65935973034
1571.55799654919
1556.40851759807
1555.68809114508
1571.12573524192
1588.30570102883
1570.36276314021
1558.22339150620
1588.43672557923
1555.78021628696
1603.62316063357
1587.75287867371
1572.25628410000
1586.58963164099
1556.27220638625
1585.93413585264
1618.53085280399
1570.88076279263
1574.13489323298
1542.72456816529
1544.62895735232
1619.83811664948
1571.83050022478
1604.09047969609
1604.39439128932
1616.38576146000
1573.80920593542
1605.65178583031
1541.92540577326
1604.55371546346
1589.42585674958
1556.93786104089
1572.43700014253
1558.48990760878
1587.43134643476
1602.64197803468
1586.70564858251
1603.72737910245
1587.75780067312
1572.95880234507
1602.66963819424
1588.74960885927
1632.56747338413
1617.87679773896
1636.20913482980
1618.30475858070
1575.17390901572
1559.94598119698
1680.87528541945
1571.12025476347
1574.13523243040
1634.97799156393
1634.56788541528
1572.88929086105
1574.23540889070
1573.72340957762
1650.15482241486
1574.55265185597
1619.75222345667
1573.56620307277
1619.17394074257
1571.73047641557
1559.23915965980
1587.56378479204
1587.51353960977
1589.66553768499
1603.97505623818
1559.31206736206
1588.23502014683
1572.74215240888
1573.18051478316
1573.26025029372
1619.19616342254
1573.36358527826
1572.67023983020
1573.50498426020
1605.37961586040
1647.95701655106
1649.38072934804
1576.39940007967
1542.48906447656
1604.62768298526
1633.38274139344
1621.19330577611
1590.63529738718
1575.02565000459
1556.19215542683
1588.87396525280
1572.83465687062
1603.91770769169
1556.97063566986
1572.02422820164
1588.87362029662
1620.58462380072
1586.77259378716
1572.49445200270
1556.35419799213
1586.50173905641
1588.06658392787
1634.67014657629
1575.53509511442
1541.98677890287
1618.79879777641
1617.22387531051
1571.95730068962
1591.21131669201
1572.01424756847
1587.14299879995
1648.61318380216
1649.50178185239
1603.35512448393
1556.02878764517
1604.29524945225
1587.54642367334
1602.67037544481
1590.78411966760
1543.73395703647
1694.36549583312
1589.23885890108
1588.62224032501
1617.94500177250
1606.70421392576
1588.98049357241
1618.85914599728
1619.92036686668
1542.27593473795
1617.58934028674
1572.25755389518
1573.04003495189
1603.18227419464
1575.37497322436
1588.61800288905
1603.90140219388
1586.50831284773
1602.29105948340
1587.60303023947
1617.05444149797
1586.27136792586
1556.06739493805
1574.38094539775
1648.71791377282
1588.11989211480
1585.59018018308
1574.42377454186
1559.21651267690
1571.98665425357
1586.65594907364
1587.29551938454
1587.81455125455
1619.09469250035
1664.24152847184
1604.45616536588
1646.38058292314
1601.45313629374
1557.24163399869
1691.86097801534
1645.66670120306
1541.04911283698
1601.99910859938
1602.37795835575
1572.57906849936
1631.74333622240
1620.51420684482
1588.03556488034
1542.93382994275
1646.23044665568
1633.63454741067
1602.24229135514
1571.53546689416
1572.67083631345
1601.30946962888
1558.95510066922
1601.45269291648
1572.97486349763
1587.90618040190
1571.88523792839
1573.48845534852
1617.44109034587
1572.35479642993
1602.30887561823
1555.93192617544
1557.20533294020
1570.68556201130
1556.55412756943
1602.65525576094
1602.39838884363
1587.48090910498
1570.94986479015
1558.19696392923
1585.47510995051
1587.30747308318
1604.75359432441
1604.86549574720
1571.65164462460
1556.72085797679
1572.21511194244
1586.86279728215
1617.84483992449
1571.85586964897
1541.41728396126
1540.74111422183
1587.37947781362
1559.01962572223
1601.03695491737
1571.80297179067
1677.01104389138
1735.53358931308
1751.11297318118
1708.98508173006
1707.11947704804
1665.19616714903
1694.15294845579
1766.81718605405
1726.68027026728
1691.27168071941
1677.07936378014
1692.79417031605
1679.85536462641
1723.66768604522
1706.24009750140
1722.61462680414
1664.26751609769
1676.86183702052
1663.15926511132
1630.81499527228
1646.54351273814
1570.43072182638
1632.68499966877
1585.76401060749
1631.94419267733
1602.31230927229
1589.48122182927
1584.96974971103
1601.74244294987
1601.13381230293
1601.96201732545
1633.95008319744
1616.06241110076
1589.93113724204
1585.93724271912
1540.59542700179
1554.34679428022
1540.71772485136
1573.30617058816
1616.15902138249
1600.44467244798
1586.84495323287
1555.80583426124
1588.95332697636
1616.31414956275
1619.58078699701
1587.92635265994
1540.32259239891
1570.79566529219
1585.50866607766
1601.72699992686
1602.66308958845
1602.57147894172
1587.06091116717
1542.50163852106
1557.12083505655
1570.04611561334
1573.25343067587
1572.60607256893
1554.60183966508
1555.24168036494
1554.69514094639
1557.45425471782
1572.39111897854
1571.67097112450
1585.82075192217
1616.94473046089
1586.32743646298
1586.07187620572
1572.93300426558
1558.49719817058
1601.17699004621
1602.18260156215
1571.18133910523
1570.42684529517
1541.90894705486
1569.01523408521
1556.39211816305
1602.35069754097
1589.41377247786
1617.33976986504
1555.85616086977
1603.76728073148
1589.25401261296
1587.02305045090
1557.88929583974
1542.65539631863
1572.54195390168
1571.21308809385
1604.08096028451
1587.04211544751
1572.01151476095
1588.08148706661
1569.79755502681
1555.27681864505
1586.64666885148
1585.32759826670
1599.91168988225
1570.39276135415
1539.32107221018
1557.94338166083
1585.66588408869
1568.70778041605
1587.01556068684
1588.51565441633
1571.09614378038
1585.85478949982
1602.19933255693
1587.89344061160
1570.03419312055
1555.99159985068
1634.36072160275
1555.89667856893
1587.69968679832
1588.16427390717
1555.55330418282
1570.66242965543
1553.93349178207
1568.93100061600
1570.49433765960
1601.45854943186