最优解为:1047.8074
最优解路径:

Best_route =

  1 至 24 列

     0     0     0     0     0     0     0     0     0     0     0     0     0     0     0     0     0     0     0     0     0     0     0     0
     0     0     0     0     0     0     0     0     0     0     0     0     0     0     0     0     0     0     0     0     0     0     0     0
    65    61    23    31    21    63    32     2    25    50     1    58    27    80    77    68     4    44    14    64    33    13    62    71
     0     0     0     0     0     0     0     0     0     0     0     0     0     0     0     0     0     0     0     0     0     0     0     0
     0     0     0     0     0     0     0     0     0     0     0     0     0     0     0     0     0     0     0     0     0     0     0     0
     0     0     0     0     0     0     0     0     0     0     0     0     0     0     0     0     0     0     0     0     0     0     0     0
     0     0     0     0     0     0     0     0     0     0     0     0     0     0     0     0     0     0     0     0     0     0     0     0
     0     0     0     0     0     0     0     0     0     0     0     0     0     0     0     0     0     0     0     0     0     0     0     0
     0     0     0     0     0     0     0     0     0     0     0     0     0     0     0     0     0     0     0     0     0     0     0     0
     0     0     0     0     0     0     0     0     0     0     0     0     0     0     0     0     0     0     0     0     0     0     0     0
     0     0     0     0     0     0     0     0     0     0     0     0     0     0     0     0     0     0     0     0     0     0     0     0
     0     0     0     0     0     0     0     0     0     0     0     0     0     0     0     0     0     0     0     0     0     0     0     0
     0     0     0     0     0     0     0     0     0     0     0     0     0     0     0     0     0     0     0     0     0     0     0     0
     0     0     0     0     0     0     0     0     0     0     0     0     0     0     0     0     0     0     0     0     0     0     0     0
    74    43    16    66    45     6    79    29    59     3    26    24    34     5    47    28    42    48    73    78    37    12    19    69
     8    76    18    41    57    22    56     9    20    52    55    54    53    49    17    36    75    15     0     0     0     0     0     0
     0     0     0     0     0     0     0     0     0     0     0     0     0     0     0     0     0     0     0     0     0     0     0     0
     0     0     0     0     0     0     0     0     0     0     0     0     0     0     0     0     0     0     0     0     0     0     0     0
     0     0     0     0     0     0     0     0     0     0     0     0     0     0     0     0     0     0     0     0     0     0     0     0
     0     0     0     0     0     0     0     0     0     0     0     0     0     0     0     0     0     0     0     0     0     0     0     0

  25 至 48 列

     0     0     0     0     0     0     0     0     0     0     0     0     0     0     0     0     0     0     0     0     0     0     0     0
     0     0     0     0     0     0     0     0     0     0     0     0     0     0     0     0     0     0     0     0     0     0     0     0
    10    38    51     7    39    40    30    70     0     0     0     0     0     0     0     0     0     0     0     0     0     0     0     0
     0     0     0     0     0     0     0     0     0     0     0     0     0     0     0     0     0     0     0     0     0     0     0     0
     0     0     0     0     0     0     0     0     0     0     0     0     0     0     0     0     0     0     0     0     0     0     0     0
     0     0     0     0     0     0     0     0     0     0     0     0     0     0     0     0     0     0     0     0     0     0     0     0
     0     0     0     0     0     0     0     0     0     0     0     0     0     0     0     0     0     0     0     0     0     0     0     0
     0     0     0     0     0     0     0     0     0     0     0     0     0     0     0     0     0     0     0     0     0     0     0     0
     0     0     0     0     0     0     0     0     0     0     0     0     0     0     0     0     0     0     0     0     0     0     0     0
     0     0     0     0     0     0     0     0     0     0     0     0     0     0     0     0     0     0     0     0     0     0     0     0
     0     0     0     0     0     0     0     0     0     0     0     0     0     0     0     0     0     0     0     0     0     0     0     0
     0     0     0     0     0     0     0     0     0     0     0     0     0     0     0     0     0     0     0     0     0     0     0     0
     0     0     0     0     0     0     0     0     0     0     0     0     0     0     0     0     0     0     0     0     0     0     0     0
     0     0     0     0     0     0     0     0     0     0     0     0     0     0     0     0     0     0     0     0     0     0     0     0
    46    67    35    72    60    11     0     0     0     0     0     0     0     0     0     0     0     0     0     0     0     0     0     0
     0     0     0     0     0     0     0     0     0     0     0     0     0     0     0     0     0     0     0     0     0     0     0     0
     0     0     0     0     0     0     0     0     0     0     0     0     0     0     0     0     0     0     0     0     0     0     0     0
     0     0     0     0     0     0     0     0     0     0     0     0     0     0     0     0     0     0     0     0     0     0     0     0
     0     0     0     0     0     0     0     0     0     0     0     0     0     0     0     0     0     0     0     0     0     0     0     0
     0     0     0     0     0     0     0     0     0     0     0     0     0     0     0     0     0     0     0     0     0     0     0     0

  49 至 72 列

     0     0     0     0     0     0     0     0     0     0     0     0     0     0     0     0     0     0     0     0     0     0     0     0
     0     0     0     0     0     0     0     0     0     0     0     0     0     0     0     0     0     0     0     0     0     0     0     0
     0     0     0     0     0     0     0     0     0     0     0     0     0     0     0     0     0     0     0     0     0     0     0     0
     0     0     0     0     0     0     0     0     0     0     0     0     0     0     0     0     0     0     0     0     0     0     0     0
     0     0     0     0     0     0     0     0     0     0     0     0     0     0     0     0     0     0     0     0     0     0     0     0
     0     0     0     0     0     0     0     0     0     0     0     0     0     0     0     0     0     0     0     0     0     0     0     0
     0     0     0     0     0     0     0     0     0     0     0     0     0     0     0     0     0     0     0     0     0     0     0     0
     0     0     0     0     0     0     0     0     0     0     0     0     0     0     0     0     0     0     0     0     0     0     0     0
     0     0     0     0     0     0     0     0     0     0     0     0     0     0     0     0     0     0     0     0     0     0     0     0
     0     0     0     0     0     0     0     0     0     0     0     0     0     0     0     0     0     0     0     0     0     0     0     0
     0     0     0     0     0     0     0     0     0     0     0     0     0     0     0     0     0     0     0     0     0     0     0     0
     0     0     0     0     0     0     0     0     0     0     0     0     0     0     0     0     0     0     0     0     0     0     0     0
     0     0     0     0     0     0     0     0     0     0     0     0     0     0     0     0     0     0     0     0     0     0     0     0
     0     0     0     0     0     0     0     0     0     0     0     0     0     0     0     0     0     0     0     0     0     0     0     0
     0     0     0     0     0     0     0     0     0     0     0     0     0     0     0     0     0     0     0     0     0     0     0     0
     0     0     0     0     0     0     0     0     0     0     0     0     0     0     0     0     0     0     0     0     0     0     0     0
     0     0     0     0     0     0     0     0     0     0     0     0     0     0     0     0     0     0     0     0     0     0     0     0
     0     0     0     0     0     0     0     0     0     0     0     0     0     0     0     0     0     0     0     0     0     0     0     0
     0     0     0     0     0     0     0     0     0     0     0     0     0     0     0     0     0     0     0     0     0     0     0     0
     0     0     0     0     0     0     0     0     0     0     0     0     0     0     0     0     0     0     0     0     0     0     0     0

  73 至 81 列

     0     0     0     0     0     0     0     0     0
     0     0     0     0     0     0     0     0     0
     0     0     0     0     0     0     0     0     0
     0     0     0     0     0     0     0     0     0
     0     0     0     0     0     0     0     0     0
     0     0     0     0     0     0     0     0     0
     0     0     0     0     0     0     0     0     0
     0     0     0     0     0     0     0     0     0
     0     0     0     0     0     0     0     0     0
     0     0     0     0     0     0     0     0     0
     0     0     0     0     0     0     0     0     0
     0     0     0     0     0     0     0     0     0
     0     0     0     0     0     0     0     0     0
     0     0     0     0     0     0     0     0     0
     0     0     0     0     0     0     0     0     0
     0     0     0     0     0     0     0     0     0
     0     0     0     0     0     0     0     0     0
     0     0     0     0     0     0     0     0     0
     0     0     0     0     0     0     0     0     0
     0     0     0     0     0     0     0     0     0

本次运算用时:1803.085秒
算法在第496代时收敛

best
1775.86799515160
1488.46693642059
1459.98655995054
1459.98655995054
1459.98655995054
1459.98655995054
1459.98655995054
1459.98655995054
1459.98655995054
1459.98655995054
1459.98655995054
1459.98655995054
1459.98655995054
1459.98655995054
1459.98655995054
1459.98655995054
1459.98655995054
1459.98655995054
1459.98655995054
1459.98655995054
1459.98655995054
1407.65575326286
1407.65575326286
1407.65575326286
1407.65575326286
1407.65575326286
1407.65575326286
1407.65575326286
1407.65575326286
1407.65575326286
1407.65575326286
1407.65575326286
1407.65575326286
1407.65575326286
1407.65575326286
1407.65575326286
1407.65575326286
1407.65575326286
1407.65575326286
1401.62004709612
1401.62004709612
1401.62004709612
1401.62004709612
1401.62004709612
1401.62004709612
1401.62004709612
1401.62004709612
1401.62004709612
1401.62004709612
1401.62004709612
1401.62004709612
1401.62004709612
1401.62004709612
1401.62004709612
1401.62004709612
1401.62004709612
1401.62004709612
1401.62004709612
1401.62004709612
1401.62004709612
1401.62004709612
1401.62004709612
1401.62004709612
1401.62004709612
1401.62004709612
1401.62004709612
1401.62004709612
1384.47217330588
1384.47217330588
1384.47217330588
1384.47217330588
1384.47217330588
1384.47217330588
1384.47217330588
1384.47217330588
1384.47217330588
1384.47217330588
1373.31429705560
1373.31429705560
1373.31429705560
1373.31429705560
1373.31429705560
1373.31429705560
1373.31429705560
1373.31429705560
1373.31429705560
1373.31429705560
1373.31429705560
1373.31429705560
1373.31429705560
1373.31429705560
1373.31429705560
1373.31429705560
1373.31429705560
1373.31429705560
1373.31429705560
1373.31429705560
1373.31429705560
1373.31429705560
1373.31429705560
1373.31429705560
1373.31429705560
1373.31429705560
1373.31429705560
1373.31429705560
1373.31429705560
1373.31429705560
1373.31429705560
1373.31429705560
1373.31429705560
1373.31429705560
1373.31429705560
1372.93764106128
1362.84543210356
1362.84543210356
1362.84543210356
1359.56900618858
1359.56900618858
1359.56900618858
1359.56900618858
1359.56900618858
1359.56900618858
1359.56900618858
1359.56900618858
1359.56900618858
1359.56900618858
1359.56900618858
1359.56900618858
1359.56900618858
1359.56900618858
1359.56900618858
1359.56900618858
1359.56900618858
1359.56900618858
1359.56900618858
1359.56900618858
1359.56900618858
1359.56900618858
1359.56900618858
1359.56900618858
1359.56900618858
1359.56900618858
1359.56900618858
1359.56900618858
1359.56900618858
1359.56900618858
1359.56900618858
1359.56900618858
1359.56900618858
1359.56900618858
1355.57911273856
1061.79982229088
1061.79982229088
1061.79982229088
1061.79982229088
1061.79982229088
1061.79982229088
1061.79982229088
1061.79982229088
1061.79982229088
1061.79982229088
1061.79982229088
1061.79982229088
1061.79982229088
1061.79982229088
1061.79982229088
1061.79982229088
1052.42673790036
1052.42673790036
1052.42673790036
1052.42673790036
1052.42673790036
1052.42673790036
1052.42673790036
1052.42673790036
1052.42673790036
1052.42673790036
1052.42673790036
1052.42673790036
1052.42673790036
1052.42673790036
1052.42673790036
1052.42673790036
1052.42673790036
1052.42673790036
1052.42673790036
1052.42673790036
1052.42673790036
1052.42673790036
1052.42673790036
1052.42673790036
1052.42673790036
1052.42673790036
1052.42673790036
1052.42673790036
1052.42673790036
1052.42673790036
1052.42673790036
1052.42673790036
1052.42673790036
1052.42673790036
1052.42673790036
1052.42673790036
1052.42673790036
1052.42673790036
1052.42673790036
1052.42673790036
1052.42673790036
1052.42673790036
1052.42673790036
1052.42673790036
1052.42673790036
1052.42673790036
1052.42673790036
1052.42673790036
1052.42673790036
1052.42673790036
1052.42673790036
1052.42673790036
1052.42673790036
1052.42673790036
1052.42673790036
1052.42673790036
1052.42673790036
1052.42673790036
1052.42673790036
1052.42673790036
1052.42673790036
1052.42673790036
1052.42673790036
1052.42673790036
1052.42673790036
1052.42673790036
1052.42673790036
1052.42673790036
1052.42673790036
1052.42673790036
1052.42673790036
1052.42673790036
1052.42673790036
1052.42673790036
1052.42673790036
1052.42673790036
1052.42673790036
1052.42673790036
1052.42673790036
1052.42673790036
1052.42673790036
1052.42673790036
1052.42673790036
1052.42673790036
1052.42673790036
1052.42673790036
1052.42673790036
1052.42673790036
1052.42673790036
1052.42673790036
1052.42673790036
1052.42673790036
1052.42673790036
1052.42673790036
1052.42673790036
1052.42673790036
1052.42673790036
1052.42673790036
1052.42673790036
1052.42673790036
1052.42673790036
1052.42673790036
1052.42673790036
1052.42673790036
1052.42673790036
1052.42673790036
1052.42673790036
1052.42673790036
1052.42673790036
1050.87410760926
1050.87410760926
1050.87410760926
1050.87410760926
1050.87410760926
1050.87410760926
1050.87410760926
1050.87410760926
1050.87410760926
1050.87410760926
1050.87410760926
1050.87410760926
1050.87410760926
1050.87410760926
1050.87410760926
1050.87410760926
1050.75101617027
1050.75101617027
1050.75101617027
1050.75101617027
1050.75101617027
1050.75101617027
1050.75101617027
1050.75101617027
1050.75101617027
1050.75101617027
1050.61549526849
1050.61549526849
1050.61549526849
1050.61549526849
1050.61549526849
1050.61549526849
1050.61549526849
1050.61549526849
1050.61549526849
1050.61549526849
1050.61549526849
1050.61549526849
1050.61549526849
1050.61549526849
1050.61549526849
1050.61549526849
1050.61549526849
1050.61549526849
1050.61549526849
1050.61549526849
1050.61549526849
1050.61549526849
1050.61549526849
1050.61549526849
1050.61549526849
1050.61549526849
1050.61549526849
1050.61549526849
1050.61549526849
1050.61549526849
1050.61549526849
1050.61549526849
1050.61549526849
1050.61549526849
1050.61549526849
1050.61549526849
1050.61549526849
1050.61549526849
1050.61549526849
1050.61549526849
1050.61549526849
1050.61549526849
1050.61549526849
1050.61549526849
1050.61549526849
1050.61549526849
1050.61549526849
1049.26964142255
1049.26964142255
1049.26964142255
1049.26964142255
1049.26964142255
1049.26964142255
1049.26964142255
1049.26964142255
1049.26964142255
1049.26964142255
1049.26964142255
1049.26964142255
1049.26964142255
1049.26964142255
1049.26964142255
1049.26964142255
1049.26964142255
1049.26964142255
1049.26964142255
1049.26964142255
1049.26964142255
1049.26964142255
1049.26964142255
1049.26964142255
1049.26964142255
1049.26964142255
1049.26964142255
1049.26964142255
1049.26964142255
1049.26964142255
1049.26964142255
1049.26964142255
1049.26964142255
1049.26964142255
1049.26964142255
1049.26964142255
1049.26964142255
1049.26964142255
1049.26964142255
1049.26964142255
1049.26964142255
1049.26964142255
1049.26964142255
1049.26964142255
1049.26964142255
1049.26964142255
1049.26964142255
1049.26964142255
1049.26964142255
1049.26964142255
1049.26964142255
1049.26964142255
1049.26964142255
1049.26964142255
1049.26964142255
1049.26964142255
1049.26964142255
1049.26964142255
1049.26964142255
1049.26964142255
1049.26964142255
1049.26964142255
1049.26964142255
1049.26964142255
1049.26964142255
1049.26964142255
1049.26964142255
1049.26964142255
1049.26964142255
1049.26964142255
1049.26964142255
1049.26964142255
1049.26964142255
1049.26964142255
1049.26964142255
1049.26964142255
1049.26964142255
1049.26964142255
1049.26964142255
1049.26964142255
1049.26964142255
1049.26964142255
1048.92442360347
1048.92442360347
1048.92442360347
1048.92442360347
1048.92442360347
1048.92442360347
1048.92442360347
1048.92442360347
1048.92442360347
1048.92442360347
1048.92442360347
1048.92442360347
1048.92442360347
1048.92442360347
1048.92442360347
1048.92442360347
1048.92442360347
1048.92442360347
1048.92442360347
1048.92442360347
1048.92442360347
1048.92442360347
1048.92442360347
1048.92442360347
1048.92442360347
1048.92442360347
1048.92442360347
1048.92442360347
1048.92442360347
1048.92442360347
1048.92442360347
1048.92442360347
1048.92442360347
1048.92442360347
1048.92442360347
1048.92442360347
1048.92442360347
1048.92442360347
1048.92442360347
1048.92442360347
1048.92442360347
1048.92442360347
1048.92442360347
1048.92442360347
1048.92442360347
1048.92442360347
1048.92442360347
1048.92442360347
1048.92442360347
1048.92442360347
1048.92442360347
1048.92442360347
1048.92442360347
1048.92442360347
1048.92442360347
1048.92442360347
1048.92442360347
1048.92442360347
1048.92442360347
1048.92442360347
1047.95828646320
1047.95828646320
1047.95828646320
1047.95828646320
1047.80741041519
1047.80741041519
1047.80741041519
1047.80741041519
1047.80741041519

ave
2193.24483965543
2048.17556963614
2084.24184296720
2206.80400077935
2261.64366833779
2040.46281422679
2171.43240344534
2101.18096194404
2143.24027770329
2264.46001619394
2330.33950598358
2141.84220624154
2171.48878456345
2359.42435975307
2211.29590244452
2299.11004823140
2408.67556566578
2562.60504405926
2265.00719260377
2468.70338134355
2386.90167252707
2337.89701631253
2439.72306579282
2342.60985671896
2334.71943029256
2487.33705670498
2543.54578427230
2469.11073034063
2472.51168132201
2244.06404039142
2588.22472061899
2580.59400228557
2415.83544823779
2695.17289087214
2435.23941129229
2619.57122831100
2562.52503014207
2665.36254750390
2393.88751267120
2410.06506915756
2548.37376324901
2560.95725779228
2486.92855408036
2531.85678800944
2645.93249087607
2589.55146893498
2647.44245185946
2590.88370054044
2602.30094086702
2520.70677744349
2726.31148146864
2641.48839065404
2650.68035095561
2782.01181434569
2580.74819085033
2613.14995845257
2608.07766218292
2471.02827003603
2544.14478343419
2624.79198267741
2674.21691302979
2534.86179766704
2725.67566190161
2685.86614797302
2527.73825837231
2526.86183505008
2606.00625824981
2388.85180306771
2213.56702074213
2376.29822237543
2452.39794089091
2361.06461513085
2471.06713522004
2366.14238077894
2529.02190618028
2350.28757784536
2385.15114968125
2285.70495702350
2335.36452010832
2383.16317113027
2379.30609776585
2510.78515162028
2407.20442361925
2261.28052994316
2436.37202092221
2302.22891524650
2588.63338579289
2279.69181192192
2403.58095887245
2388.62278194111
2223.34043756014
2493.55443727709
2372.59651933811
2455.00913411695
2364.42356864430
2267.89187579891
2139.31914732776
2423.31108467612
2328.07899296603
2303.88373985623
2106.45404977703
2110.05252344766
2167.95988011163
1948.47609709830
2089.65411215901
2060.21030775741
2388.30869148533
2102.71254087454
2195.14316972680
2248.19531177481
2158.77464611923
2060.88974225091
2078.16424417128
2249.39297669232
2171.06375069833
2025.40691546782
2116.39879175989
2114.58369557908
2100.44924781676
2146.39370530050
2194.19148900865
2114.58942660631
2161.64087759130
2026.45420977921
1990.73316942424
2175.13495818216
1962.97763574021
1979.60775608030
2057.16057655528
1983.50768080862
1984.09170120617
2107.58350829104
2090.47137046055
1946.29084385917
2000.92420829193
1966.52367733251
2130.87933729214
2237.81123327371
1986.57811354315
2150.64448977265
2120.27206362330
2120.00908242070
2207.76158897098
2162.43618302255
1977.34655003626
2310.09254739939
2204.51073890127
2240.35516012442
2202.44264250341
2056.09511988807
2054.98717746286
1960.21727086071
2099.10923138298
2147.74501312212
1890.44467818455
1865.97440924931
2183.03561379114
2087.73239407744
2018.67408804294
2027.02471726287
2070.22131560733
1872.70382244825
1980.48459334675
1904.85021679147
1874.28410519249
1876.76679245981
1919.37959973749
1832.16430149948
1799.78872220946
1888.56447276825
2058.86509306500
1906.13132139788
1906.61147585141
1936.37070270360
1782.16401393235
1839.92519243304
1889.08838694427
2004.78542711076
1879.13455610330
1886.01979680197
1900.49375060263
1931.19530333979
1800.01851024044
1821.72960737748
1795.05403298809
1798.94950661883
1787.03771567445
1752.35081649712
1659.56609541710
1631.48314047534
1642.69120600344
1808.69544077702
1795.56992290214
1670.30484001426
1773.82251096189
1695.51854423549
1756.01088642536
1679.21911343811
1736.51175931301
1827.58472542122
1722.22554116922
1680.89846194338
1756.80959069407
1666.52990743988
1677.47224071241
1812.55929863510
1734.29392320656
1748.83129245244
1825.66807852997
1674.52425840433
1734.96278090528
1690.15016642045
1781.88616355599
1761.40335199437
1720.65646353143
1676.08835884328
1660.34345210192
1704.94515449097
1594.03404342401
1617.15919093425
1669.62509799556
1676.73252257348
1511.97878824756
1434.24034568463
1595.88300849250
1461.46582487821
1430.62670600826
1574.57327248501
1492.91436655228
1498.04998151333
1407.35833528625
1516.53355331179
1517.02352127768
1470.11577667116
1497.35905242293
1541.02477048044
1568.66354733572
1553.70704647659
1451.27048653490
1609.44110394267
1419.74494585500
1576.74396735124
1341.85453779867
1446.49709464295
1447.60163710132
1464.49441466897
1478.37680994647
1456.82636575634
1436.76343943235
1344.62016675592
1430.80294434268
1460.01545451210
1398.38850480815
1416.36549363083
1368.29764290044
1414.52372346668
1398.13183616444
1416.89690596104
1343.41057591924
1402.60699670832
1462.06395580057
1399.12469117327
1350.62823328358
1328.48722534750
1334.73310420143
1431.55117787799
1369.14561698802
1426.23389912280
1309.84486739186
1370.96353775355
1401.56430637951
1339.26789035833
1405.61777399100
1374.01278782317
1326.03155475740
1328.73333967945
1387.54605180650
1313.26930318719
1401.87970355432
1277.34107232419
1335.22656619241
1382.62524122940
1309.88782153426
1332.91707559933
1309.94658319676
1311.92428796062
1340.49860355064
1275.88607813022
1172.81339620632
1248.78623922013
1273.89341239978
1325.55906168145
1220.12584223391
1217.39069131019
1244.12443632189
1299.25678996228
1278.66369366827
1284.22595808109
1212.39572812824
1172.04414000046
1172.39428636345
1229.08785542018
1172.28600748841
1169.01358624968
1232.93341654293
1228.99243984295
1212.64724599749
1227.06174348589
1204.00681064896
1152.33116978799
1249.17910573123
1167.31082891677
1185.53090836056
1169.83454910679
1199.01977132475
1277.40945902595
1233.80120732857
1229.26592885471
1185.10354211566
1228.22396890964
1136.81119432862
1215.77043840827
1138.42666645220
1167.14305059979
1218.32292966524
1171.31170152392
1204.22164746088
1166.46506049415
1146.79136972746
1215.27030577149
1166.62263312161
1123.06284937164
1131.56761895618
1166.44083757818
1182.16618060704
1118.22842912882
1088.15759242385
1118.82733354580
1226.98254389048
1223.13691794840
1196.64885166249
1212.15247433042
1103.42052110600
1154.18594895023
1148.97801667189
1211.83502868392
1135.67242480702
1163.43415522339
1177.39533300884
1147.15189356192
1183.62099636677
1153.72346264854
1170.11805861257
1182.59057275455
1135.98794724069
1195.72720266157
1195.33477570822
1238.75837366443
1135.62078044040
1219.97333745897
1211.98132893727
1149.64028511163
1208.25049542267
1166.13077599169
1151.39078920678
1135.17051995902
1228.12144168266
1251.30409320374
1262.77856904419
1128.79940258803
1117.30617805767
1182.88165512193
1165.57650617403
1180.88767869859
1150.37387562556
1232.03392846798
1090.86404720673
1183.51938608252
1183.96285909549
1195.10327672434
1260.81269372535
1113.45068879728
1211.28257481255
1173.45990292073
1225.47879146353
1147.45911981386
1196.90903065071
1274.06596860683
1203.47513964805
1116.13647069335
1217.10869014436
1147.06529832096
1114.46040165249
1202.42524105223
1254.89349900584
1214.20128264773
1117.90401419733
1201.16123633785
1135.84221816521
1288.27245492368
1131.25477393457
1179.98063502618
1132.65289361135
1136.62900986461
1247.64939979971
1167.53995538591
1179.76781295010
1148.84571037470
1153.91022249847
1105.41794269793
1166.05366219131
1168.00393613133
1165.95229079734
1194.44838663014
1151.16516392506
1166.68316175075
1162.62658000236
1161.73396453685
1145.71964078123
1212.14541451252
1194.06434116233
1212.43833966660
1184.92294869042
1172.21300756151
1135.70051294339
1132.68198541147
1201.84158688639
1210.15642054904
1207.87459140363
1234.33132564754
1243.37064148317
1135.69320874884
1086.15151819337
1187.32843034045
1152.23915577942
1226.27880840079
1223.94876442343
1167.42375737189
1150.99710295279
1193.98125951199
1214.32204910569
1105.17914330877
1183.01560086442
1144.71319180765
1142.66740708896
1160.16602438279
1178.18555043526
1097.62139372655
1134.05144940440
1151.09698712601
1208.12998393138
1116.94172683479
1192.51434179302
1182.40632152041
1161.77791757865
1162.60095609532
1164.06134523536
1099.86765324080
1243.27387071269
1149.10290611522
1184.38448181447
1207.83869404361
1134.51056053369
1143.80548426923
1164.94064715475
1104.27766989380
1150.17668374515
1162.87694705380
1137.78409122878
1167.87297068384
1160.38250334006
1146.76265786818
1150.02696786728
1167.04353434608
1198.52998776658
1274.21625352184
1228.37461950565
1130.63887635194
1216.78387704830
1222.96329995081
1229.44121854293
1205.99461326334
1130.08224112645
1137.17205127508
1191.66875332997
1195.48815653290
1149.39036741087
1178.56764716858
1168.45324377708
1132.02702024242
1181.50450902629
1145.95243225034
1118.64773060785
1088.95961644867
1151.45675648877
1177.53071765725
1181.25718392907
1128.64087855869
1116.93080470637
1174.21883941704