最优解为:9481.5277
最优解路径:

Best_route =

  1 至 24 列

    73    74   143   144    35    36    27    28   157   158     0     0     0     0     0     0     0     0     0     0     0     0     0     0
    77    78    47    48   123   124   139   140    31    32    43    44     0     0     0     0     0     0     0     0     0     0     0     0
     0     0     0     0     0     0     0     0     0     0     0     0     0     0     0     0     0     0     0     0     0     0     0     0
    41    42    25    26    99   100    55    56   125   126    75    76     0     0     0     0     0     0     0     0     0     0     0     0
     0     0     0     0     0     0     0     0     0     0     0     0     0     0     0     0     0     0     0     0     0     0     0     0
   109   110    79    80     9    10   141   142    61    62    70     0     0     0     0     0     0     0     0     0     0     0     0     0
   117   118    83    84   153   154   149   150    67    68     0     0     0     0     0     0     0     0     0     0     0     0     0     0
   145   146   103   104   115   116   137   138     0     0     0     0     0     0     0     0     0     0     0     0     0     0     0     0
    49    50   127   128    13    14    11    12    87    88    29    30     0     0     0     0     0     0     0     0     0     0     0     0
   121   122   159   160    45    46   107   108   155   156    93    94     0     0     0     0     0     0     0     0     0     0     0     0
     5     6    51    52    17    18    81    82     0     0     0     0     0     0     0     0     0     0     0     0     0     0     0     0
     0     0     0     0     0     0     0     0     0     0     0     0     0     0     0     0     0     0     0     0     0     0     0     0
     0     0     0     0     0     0     0     0     0     0     0     0     0     0     0     0     0     0     0     0     0     0     0     0
    89    90   147   148   131   132    85    86    33    34     0     0     0     0     0     0     0     0     0     0     0     0     0     0
   151   152   135   136     3     4    65    66    63    64     0     0     0     0     0     0     0     0     0     0     0     0     0     0
   113   114    39    40   133   134    19    20     0     0     0     0     0     0     0     0     0     0     0     0     0     0     0     0
     0     0     0     0     0     0     0     0     0     0     0     0     0     0     0     0     0     0     0     0     0     0     0     0
    71    72     7     8    21    22    69     0     0     0     0     0     0     0     0     0     0     0     0     0     0     0     0     0
    97    98    23    24    15    16    57    58   101   102     0     0     0     0     0     0     0     0     0     0     0     0     0     0
    95    96   105   106   111   112     1     2     0     0     0     0     0     0     0     0     0     0     0     0     0     0     0     0
   119   120    91    92    53    54    59    60   129   130    37    38     0     0     0     0     0     0     0     0     0     0     0     0
     0     0     0     0     0     0     0     0     0     0     0     0     0     0     0     0     0     0     0     0     0     0     0     0
     0     0     0     0     0     0     0     0     0     0     0     0     0     0     0     0     0     0     0     0     0     0     0     0
     0     0     0     0     0     0     0     0     0     0     0     0     0     0     0     0     0     0     0     0     0     0     0     0
     0     0     0     0     0     0     0     0     0     0     0     0     0     0     0     0     0     0     0     0     0     0     0     0

  25 至 48 列

     0     0     0     0     0     0     0     0     0     0     0     0     0     0     0     0     0     0     0     0     0     0     0     0
     0     0     0     0     0     0     0     0     0     0     0     0     0     0     0     0     0     0     0     0     0     0     0     0
     0     0     0     0     0     0     0     0     0     0     0     0     0     0     0     0     0     0     0     0     0     0     0     0
     0     0     0     0     0     0     0     0     0     0     0     0     0     0     0     0     0     0     0     0     0     0     0     0
     0     0     0     0     0     0     0     0     0     0     0     0     0     0     0     0     0     0     0     0     0     0     0     0
     0     0     0     0     0     0     0     0     0     0     0     0     0     0     0     0     0     0     0     0     0     0     0     0
     0     0     0     0     0     0     0     0     0     0     0     0     0     0     0     0     0     0     0     0     0     0     0     0
     0     0     0     0     0     0     0     0     0     0     0     0     0     0     0     0     0     0     0     0     0     0     0     0
     0     0     0     0     0     0     0     0     0     0     0     0     0     0     0     0     0     0     0     0     0     0     0     0
     0     0     0     0     0     0     0     0     0     0     0     0     0     0     0     0     0     0     0     0     0     0     0     0
     0     0     0     0     0     0     0     0     0     0     0     0     0     0     0     0     0     0     0     0     0     0     0     0
     0     0     0     0     0     0     0     0     0     0     0     0     0     0     0     0     0     0     0     0     0     0     0     0
     0     0     0     0     0     0     0     0     0     0     0     0     0     0     0     0     0     0     0     0     0     0     0     0
     0     0     0     0     0     0     0     0     0     0     0     0     0     0     0     0     0     0     0     0     0     0     0     0
     0     0     0     0     0     0     0     0     0     0     0     0     0     0     0     0     0     0     0     0     0     0     0     0
     0     0     0     0     0     0     0     0     0     0     0     0     0     0     0     0     0     0     0     0     0     0     0     0
     0     0     0     0     0     0     0     0     0     0     0     0     0     0     0     0     0     0     0     0     0     0     0     0
     0     0     0     0     0     0     0     0     0     0     0     0     0     0     0     0     0     0     0     0     0     0     0     0
     0     0     0     0     0     0     0     0     0     0     0     0     0     0     0     0     0     0     0     0     0     0     0     0
     0     0     0     0     0     0     0     0     0     0     0     0     0     0     0     0     0     0     0     0     0     0     0     0
     0     0     0     0     0     0     0     0     0     0     0     0     0     0     0     0     0     0     0     0     0     0     0     0
     0     0     0     0     0     0     0     0     0     0     0     0     0     0     0     0     0     0     0     0     0     0     0     0
     0     0     0     0     0     0     0     0     0     0     0     0     0     0     0     0     0     0     0     0     0     0     0     0
     0     0     0     0     0     0     0     0     0     0     0     0     0     0     0     0     0     0     0     0     0     0     0     0
     0     0     0     0     0     0     0     0     0     0     0     0     0     0     0     0     0     0     0     0     0     0     0     0

  49 至 72 列

     0     0     0     0     0     0     0     0     0     0     0     0     0     0     0     0     0     0     0     0     0     0     0     0
     0     0     0     0     0     0     0     0     0     0     0     0     0     0     0     0     0     0     0     0     0     0     0     0
     0     0     0     0     0     0     0     0     0     0     0     0     0     0     0     0     0     0     0     0     0     0     0     0
     0     0     0     0     0     0     0     0     0     0     0     0     0     0     0     0     0     0     0     0     0     0     0     0
     0     0     0     0     0     0     0     0     0     0     0     0     0     0     0     0     0     0     0     0     0     0     0     0
     0     0     0     0     0     0     0     0     0     0     0     0     0     0     0     0     0     0     0     0     0     0     0     0
     0     0     0     0     0     0     0     0     0     0     0     0     0     0     0     0     0     0     0     0     0     0     0     0
     0     0     0     0     0     0     0     0     0     0     0     0     0     0     0     0     0     0     0     0     0     0     0     0
     0     0     0     0     0     0     0     0     0     0     0     0     0     0     0     0     0     0     0     0     0     0     0     0
     0     0     0     0     0     0     0     0     0     0     0     0     0     0     0     0     0     0     0     0     0     0     0     0
     0     0     0     0     0     0     0     0     0     0     0     0     0     0     0     0     0     0     0     0     0     0     0     0
     0     0     0     0     0     0     0     0     0     0     0     0     0     0     0     0     0     0     0     0     0     0     0     0
     0     0     0     0     0     0     0     0     0     0     0     0     0     0     0     0     0     0     0     0     0     0     0     0
     0     0     0     0     0     0     0     0     0     0     0     0     0     0     0     0     0     0     0     0     0     0     0     0
     0     0     0     0     0     0     0     0     0     0     0     0     0     0     0     0     0     0     0     0     0     0     0     0
     0     0     0     0     0     0     0     0     0     0     0     0     0     0     0     0     0     0     0     0     0     0     0     0
     0     0     0     0     0     0     0     0     0     0     0     0     0     0     0     0     0     0     0     0     0     0     0     0
     0     0     0     0     0     0     0     0     0     0     0     0     0     0     0     0     0     0     0     0     0     0     0     0
     0     0     0     0     0     0     0     0     0     0     0     0     0     0     0     0     0     0     0     0     0     0     0     0
     0     0     0     0     0     0     0     0     0     0     0     0     0     0     0     0     0     0     0     0     0     0     0     0
     0     0     0     0     0     0     0     0     0     0     0     0     0     0     0     0     0     0     0     0     0     0     0     0
     0     0     0     0     0     0     0     0     0     0     0     0     0     0     0     0     0     0     0     0     0     0     0     0
     0     0     0     0     0     0     0     0     0     0     0     0     0     0     0     0     0     0     0     0     0     0     0     0
     0     0     0     0     0     0     0     0     0     0     0     0     0     0     0     0     0     0     0     0     0     0     0     0
     0     0     0     0     0     0     0     0     0     0     0     0     0     0     0     0     0     0     0     0     0     0     0     0

  73 至 96 列

     0     0     0     0     0     0     0     0     0     0     0     0     0     0     0     0     0     0     0     0     0     0     0     0
     0     0     0     0     0     0     0     0     0     0     0     0     0     0     0     0     0     0     0     0     0     0     0     0
     0     0     0     0     0     0     0     0     0     0     0     0     0     0     0     0     0     0     0     0     0     0     0     0
     0     0     0     0     0     0     0     0     0     0     0     0     0     0     0     0     0     0     0     0     0     0     0     0
     0     0     0     0     0     0     0     0     0     0     0     0     0     0     0     0     0     0     0     0     0     0     0     0
     0     0     0     0     0     0     0     0     0     0     0     0     0     0     0     0     0     0     0     0     0     0     0     0
     0     0     0     0     0     0     0     0     0     0     0     0     0     0     0     0     0     0     0     0     0     0     0     0
     0     0     0     0     0     0     0     0     0     0     0     0     0     0     0     0     0     0     0     0     0     0     0     0
     0     0     0     0     0     0     0     0     0     0     0     0     0     0     0     0     0     0     0     0     0     0     0     0
     0     0     0     0     0     0     0     0     0     0     0     0     0     0     0     0     0     0     0     0     0     0     0     0
     0     0     0     0     0     0     0     0     0     0     0     0     0     0     0     0     0     0     0     0     0     0     0     0
     0     0     0     0     0     0     0     0     0     0     0     0     0     0     0     0     0     0     0     0     0     0     0     0
     0     0     0     0     0     0     0     0     0     0     0     0     0     0     0     0     0     0     0     0     0     0     0     0
     0     0     0     0     0     0     0     0     0     0     0     0     0     0     0     0     0     0     0     0     0     0     0     0
     0     0     0     0     0     0     0     0     0     0     0     0     0     0     0     0     0     0     0     0     0     0     0     0
     0     0     0     0     0     0     0     0     0     0     0     0     0     0     0     0     0     0     0     0     0     0     0     0
     0     0     0     0     0     0     0     0     0     0     0     0     0     0     0     0     0     0     0     0     0     0     0     0
     0     0     0     0     0     0     0     0     0     0     0     0     0     0     0     0     0     0     0     0     0     0     0     0
     0     0     0     0     0     0     0     0     0     0     0     0     0     0     0     0     0     0     0     0     0     0     0     0
     0     0     0     0     0     0     0     0     0     0     0     0     0     0     0     0     0     0     0     0     0     0     0     0
     0     0     0     0     0     0     0     0     0     0     0     0     0     0     0     0     0     0     0     0     0     0     0     0
     0     0     0     0     0     0     0     0     0     0     0     0     0     0     0     0     0     0     0     0     0     0     0     0
     0     0     0     0     0     0     0     0     0     0     0     0     0     0     0     0     0     0     0     0     0     0     0     0
     0     0     0     0     0     0     0     0     0     0     0     0     0     0     0     0     0     0     0     0     0     0     0     0
     0     0     0     0     0     0     0     0     0     0     0     0     0     0     0     0     0     0     0     0     0     0     0     0

  97 至 120 列

     0     0     0     0     0     0     0     0     0     0     0     0     0     0     0     0     0     0     0     0     0     0     0     0
     0     0     0     0     0     0     0     0     0     0     0     0     0     0     0     0     0     0     0     0     0     0     0     0
     0     0     0     0     0     0     0     0     0     0     0     0     0     0     0     0     0     0     0     0     0     0     0     0
     0     0     0     0     0     0     0     0     0     0     0     0     0     0     0     0     0     0     0     0     0     0     0     0
     0     0     0     0     0     0     0     0     0     0     0     0     0     0     0     0     0     0     0     0     0     0     0     0
     0     0     0     0     0     0     0     0     0     0     0     0     0     0     0     0     0     0     0     0     0     0     0     0
     0     0     0     0     0     0     0     0     0     0     0     0     0     0     0     0     0     0     0     0     0     0     0     0
     0     0     0     0     0     0     0     0     0     0     0     0     0     0     0     0     0     0     0     0     0     0     0     0
     0     0     0     0     0     0     0     0     0     0     0     0     0     0     0     0     0     0     0     0     0     0     0     0
     0     0     0     0     0     0     0     0     0     0     0     0     0     0     0     0     0     0     0     0     0     0     0     0
     0     0     0     0     0     0     0     0     0     0     0     0     0     0     0     0     0     0     0     0     0     0     0     0
     0     0     0     0     0     0     0     0     0     0     0     0     0     0     0     0     0     0     0     0     0     0     0     0
     0     0     0     0     0     0     0     0     0     0     0     0     0     0     0     0     0     0     0     0     0     0     0     0
     0     0     0     0     0     0     0     0     0     0     0     0     0     0     0     0     0     0     0     0     0     0     0     0
     0     0     0     0     0     0     0     0     0     0     0     0     0     0     0     0     0     0     0     0     0     0     0     0
     0     0     0     0     0     0     0     0     0     0     0     0     0     0     0     0     0     0     0     0     0     0     0     0
     0     0     0     0     0     0     0     0     0     0     0     0     0     0     0     0     0     0     0     0     0     0     0     0
     0     0     0     0     0     0     0     0     0     0     0     0     0     0     0     0     0     0     0     0     0     0     0     0
     0     0     0     0     0     0     0     0     0     0     0     0     0     0     0     0     0     0     0     0     0     0     0     0
     0     0     0     0     0     0     0     0     0     0     0     0     0     0     0     0     0     0     0     0     0     0     0     0
     0     0     0     0     0     0     0     0     0     0     0     0     0     0     0     0     0     0     0     0     0     0     0     0
     0     0     0     0     0     0     0     0     0     0     0     0     0     0     0     0     0     0     0     0     0     0     0     0
     0     0     0     0     0     0     0     0     0     0     0     0     0     0     0     0     0     0     0     0     0     0     0     0
     0     0     0     0     0     0     0     0     0     0     0     0     0     0     0     0     0     0     0     0     0     0     0     0
     0     0     0     0     0     0     0     0     0     0     0     0     0     0     0     0     0     0     0     0     0     0     0     0

  121 至 144 列

     0     0     0     0     0     0     0     0     0     0     0     0     0     0     0     0     0     0     0     0     0     0     0     0
     0     0     0     0     0     0     0     0     0     0     0     0     0     0     0     0     0     0     0     0     0     0     0     0
     0     0     0     0     0     0     0     0     0     0     0     0     0     0     0     0     0     0     0     0     0     0     0     0
     0     0     0     0     0     0     0     0     0     0     0     0     0     0     0     0     0     0     0     0     0     0     0     0
     0     0     0     0     0     0     0     0     0     0     0     0     0     0     0     0     0     0     0     0     0     0     0     0
     0     0     0     0     0     0     0     0     0     0     0     0     0     0     0     0     0     0     0     0     0     0     0     0
     0     0     0     0     0     0     0     0     0     0     0     0     0     0     0     0     0     0     0     0     0     0     0     0
     0     0     0     0     0     0     0     0     0     0     0     0     0     0     0     0     0     0     0     0     0     0     0     0
     0     0     0     0     0     0     0     0     0     0     0     0     0     0     0     0     0     0     0     0     0     0     0     0
     0     0     0     0     0     0     0     0     0     0     0     0     0     0     0     0     0     0     0     0     0     0     0     0
     0     0     0     0     0     0     0     0     0     0     0     0     0     0     0     0     0     0     0     0     0     0     0     0
     0     0     0     0     0     0     0     0     0     0     0     0     0     0     0     0     0     0     0     0     0     0     0     0
     0     0     0     0     0     0     0     0     0     0     0     0     0     0     0     0     0     0     0     0     0     0     0     0
     0     0     0     0     0     0     0     0     0     0     0     0     0     0     0     0     0     0     0     0     0     0     0     0
     0     0     0     0     0     0     0     0     0     0     0     0     0     0     0     0     0     0     0     0     0     0     0     0
     0     0     0     0     0     0     0     0     0     0     0     0     0     0     0     0     0     0     0     0     0     0     0     0
     0     0     0     0     0     0     0     0     0     0     0     0     0     0     0     0     0     0     0     0     0     0     0     0
     0     0     0     0     0     0     0     0     0     0     0     0     0     0     0     0     0     0     0     0     0     0     0     0
     0     0     0     0     0     0     0     0     0     0     0     0     0     0     0     0     0     0     0     0     0     0     0     0
     0     0     0     0     0     0     0     0     0     0     0     0     0     0     0     0     0     0     0     0     0     0     0     0
     0     0     0     0     0     0     0     0     0     0     0     0     0     0     0     0     0     0     0     0     0     0     0     0
     0     0     0     0     0     0     0     0     0     0     0     0     0     0     0     0     0     0     0     0     0     0     0     0
     0     0     0     0     0     0     0     0     0     0     0     0     0     0     0     0     0     0     0     0     0     0     0     0
     0     0     0     0     0     0     0     0     0     0     0     0     0     0     0     0     0     0     0     0     0     0     0     0
     0     0     0     0     0     0     0     0     0     0     0     0     0     0     0     0     0     0     0     0     0     0     0     0

  145 至 161 列

     0     0     0     0     0     0     0     0     0     0     0     0     0     0     0     0     0
     0     0     0     0     0     0     0     0     0     0     0     0     0     0     0     0     0
     0     0     0     0     0     0     0     0     0     0     0     0     0     0     0     0     0
     0     0     0     0     0     0     0     0     0     0     0     0     0     0     0     0     0
     0     0     0     0     0     0     0     0     0     0     0     0     0     0     0     0     0
     0     0     0     0     0     0     0     0     0     0     0     0     0     0     0     0     0
     0     0     0     0     0     0     0     0     0     0     0     0     0     0     0     0     0
     0     0     0     0     0     0     0     0     0     0     0     0     0     0     0     0     0
     0     0     0     0     0     0     0     0     0     0     0     0     0     0     0     0     0
     0     0     0     0     0     0     0     0     0     0     0     0     0     0     0     0     0
     0     0     0     0     0     0     0     0     0     0     0     0     0     0     0     0     0
     0     0     0     0     0     0     0     0     0     0     0     0     0     0     0     0     0
     0     0     0     0     0     0     0     0     0     0     0     0     0     0     0     0     0
     0     0     0     0     0     0     0     0     0     0     0     0     0     0     0     0     0
     0     0     0     0     0     0     0     0     0     0     0     0     0     0     0     0     0
     0     0     0     0     0     0     0     0     0     0     0     0     0     0     0     0     0
     0     0     0     0     0     0     0     0     0     0     0     0     0     0     0     0     0
     0     0     0     0     0     0     0     0     0     0     0     0     0     0     0     0     0
     0     0     0     0     0     0     0     0     0     0     0     0     0     0     0     0     0
     0     0     0     0     0     0     0     0     0     0     0     0     0     0     0     0     0
     0     0     0     0     0     0     0     0     0     0     0     0     0     0     0     0     0
     0     0     0     0     0     0     0     0     0     0     0     0     0     0     0     0     0
     0     0     0     0     0     0     0     0     0     0     0     0     0     0     0     0     0
     0     0     0     0     0     0     0     0     0     0     0     0     0     0     0     0     0
     0     0     0     0     0     0     0     0     0     0     0     0     0     0     0     0     0

本次运算用时:5390.401秒
算法在第297代时收敛

best
11319.1359335457
11319.1359335457
11319.1359335457
11319.1359335457
11319.1359335457
11319.1359335457
11319.1359335457
11319.1359335457
11319.1359335457
11319.1359335457
11319.1359335457
11097.5254986357
11097.5254986357
11097.5254986357
10539.0339591228
10539.0339591228
10539.0339591228
10539.0339591228
10539.0339591228
10539.0339591228
10539.0339591228
10539.0339591228
10539.0339591228
10300.9253157931
10300.9253157931
10300.9253157931
10300.9253157931
10300.9253157931
10300.9253157931
10156.9959017661
9836.88833873727
9836.88833873727
9836.88833873727
9836.88833873727
9836.88833873727
9836.88833873727
9836.88833873727
9836.88833873727
9611.03955566070
9611.03955566070
9611.03955566070
9611.03955566070
9611.03955566070
9611.03955566070
9611.03955566070
9611.03955566070
9611.03955566070
9611.03955566070
9611.03955566070
9611.03955566070
9611.03955566070
9611.03955566070
9611.03955566070
9611.03955566070
9611.03955566070
9611.03955566070
9611.03955566070
9611.03955566070
9611.03955566070
9611.03955566070
9611.03955566070
9611.03955566070
9611.03955566070
9611.03955566070
9611.03955566070
9611.03955566070
9611.03955566070
9611.03955566070
9611.03955566070
9611.03955566070
9611.03955566070
9611.03955566070
9611.03955566070
9611.03955566070
9611.03955566070
9611.03955566070
9611.03955566070
9611.03955566070
9611.03955566070
9611.03955566070
9611.03955566070
9611.03955566070
9611.03955566070
9611.03955566070
9611.03955566070
9611.03955566070
9611.03955566070
9611.03955566070
9611.03955566070
9611.03955566070
9611.03955566070
9611.03955566070
9611.03955566070
9611.03955566070
9611.03955566070
9611.03955566070
9611.03955566070
9611.03955566070
9611.03955566070
9611.03955566070
9611.03955566070
9611.03955566070
9611.03955566070
9611.03955566070
9611.03955566070
9611.03955566070
9611.03955566070
9611.03955566070
9611.03955566070
9611.03955566070
9611.03955566070
9611.03955566070
9611.03955566070
9611.03955566070
9611.03955566070
9611.03955566070
9594.36934594278
9594.36934594278
9594.36934594278
9594.36934594278
9594.36934594278
9594.36934594278
9594.36934594278
9594.36934594278
9594.36934594278
9594.36934594278
9594.36934594278
9594.36934594278
9594.36934594278
9594.36934594278
9594.36934594278
9594.36934594278
9594.36934594278
9594.36934594278
9594.36934594278
9594.36934594278
9594.36934594278
9594.36934594278
9594.36934594278
9594.36934594278
9594.36934594278
9594.36934594278
9594.36934594278
9594.36934594278
9594.36934594278
9594.36934594278
9594.36934594278
9594.36934594278
9594.36934594278
9594.36934594278
9594.36934594278
9594.36934594278
9594.36934594278
9594.36934594278
9594.36934594278
9594.36934594278
9594.36934594278
9594.36934594278
9594.36934594278
9594.36934594278
9594.36934594278
9594.36934594278
9594.36934594278
9594.36934594278
9594.36934594278
9594.36934594278
9594.36934594278
9594.36934594278
9594.36934594278
9594.36934594278
9594.36934594278
9594.36934594278
9594.36934594278
9594.36934594278
9594.36934594278
9594.36934594278
9594.36934594278
9594.36934594278
9594.36934594278
9594.36934594278
9594.36934594278
9594.36934594278
9594.36934594278
9594.36934594278
9594.36934594278
9594.36934594278
9594.36934594278
9594.36934594278
9594.36934594278
9594.36934594278
9594.36934594278
9594.36934594278
9594.36934594278
9594.36934594278
9594.36934594278
9594.36934594278
9594.36934594278
9594.36934594278
9594.36934594278
9594.36934594278
9594.36934594278
9594.36934594278
9594.36934594278
9594.36934594278
9594.36934594278
9594.36934594278
9594.36934594278
9594.36934594278
9594.36934594278
9594.36934594278
9594.36934594278
9594.36934594278
9594.36934594278
9594.36934594278
9594.36934594278
9594.36934594278
9594.36934594278
9594.36934594278
9594.36934594278
9594.36934594278
9594.36934594278
9594.36934594278
9594.36934594278
9594.36934594278
9594.36934594278
9594.36934594278
9594.36934594278
9594.36934594278
9594.36934594278
9594.36934594278
9594.36934594278
9594.36934594278
9594.36934594278
9594.36934594278
9594.36934594278
9594.36934594278
9594.36934594278
9594.36934594278
9594.36934594278
9594.36934594278
9594.36934594278
9594.36934594278
9594.36934594278
9594.36934594278
9594.36934594278
9594.36934594278
9594.36934594278
9594.36934594278
9594.36934594278
9594.36934594278
9594.36934594278
9594.36934594278
9594.36934594278
9594.36934594278
9594.36934594278
9594.36934594278
9594.36934594278
9594.36934594278
9594.36934594278
9594.36934594278
9594.36934594278
9594.36934594278
9594.36934594278
9594.36934594278
9594.36934594278
9594.36934594278
9594.36934594278
9594.36934594278
9594.36934594278
9594.36934594278
9594.36934594278
9594.36934594278
9594.36934594278
9594.36934594278
9594.36934594278
9594.36934594278
9594.36934594278
9594.36934594278
9594.36934594278
9594.36934594278
9594.36934594278
9594.36934594278
9594.36934594278
9594.36934594278
9594.36934594278
9594.36934594278
9594.36934594278
9594.36934594278
9594.36934594278
9594.36934594278
9594.36934594278
9594.36934594278
9594.36934594278
9594.36934594278
9594.36934594278
9594.36934594278
9481.52771011485
9481.52771011485
9481.52771011485
9481.52771011485
9481.52771011485
9481.52771011485
9481.52771011485
9481.52771011485
9481.52771011485
9481.52771011485
9481.52771011485
9481.52771011485
9481.52771011485
9481.52771011485
9481.52771011485
9481.52771011485
9481.52771011485
9481.52771011485
9481.52771011485
9481.52771011485
9481.52771011485
9481.52771011485
9481.52771011485
9481.52771011485
9481.52771011485
9481.52771011485
9481.52771011485
9481.52771011485
9481.52771011485
9481.52771011485
9481.52771011485
9481.52771011485
9481.52771011485
9481.52771011485
9481.52771011485
9481.52771011485
9481.52771011485
9481.52771011485
9481.52771011485
9481.52771011485
9481.52771011485
9481.52771011485
9481.52771011485
9481.52771011485
9481.52771011485
9481.52771011485
9481.52771011485
9481.52771011485
9481.52771011485
9481.52771011485
9481.52771011485
9481.52771011485
9481.52771011485
9481.52771011485
9481.52771011485
9481.52771011485
9481.52771011485
9481.52771011485
9481.52771011485
9481.52771011485
9481.52771011485
9481.52771011485
9481.52771011485
9481.52771011485
9481.52771011485
9481.52771011485
9481.52771011485
9481.52771011485
9481.52771011485
9481.52771011485
9481.52771011485
9481.52771011485
9481.52771011485
9481.52771011485
9481.52771011485
9481.52771011485
9481.52771011485
9481.52771011485
9481.52771011485
9481.52771011485
9481.52771011485
9481.52771011485
9481.52771011485
9481.52771011485
9481.52771011485
9481.52771011485
9481.52771011485
9481.52771011485
9481.52771011485
9481.52771011485
9481.52771011485
9481.52771011485
9481.52771011485
9481.52771011485
9481.52771011485
9481.52771011485
9481.52771011485
9481.52771011485
9481.52771011485
9481.52771011485
9481.52771011485
9481.52771011485
9481.52771011485
9481.52771011485
9481.52771011485
9481.52771011485
9481.52771011485
9481.52771011485
9481.52771011485
9481.52771011485
9481.52771011485
9481.52771011485
9481.52771011485
9481.52771011485
9481.52771011485
9481.52771011485
9481.52771011485
9481.52771011485
9481.52771011485
9481.52771011485
9481.52771011485
9481.52771011485
9481.52771011485
9481.52771011485
9481.52771011485
9481.52771011485
9481.52771011485
9481.52771011485
9481.52771011485
9481.52771011485
9481.52771011485
9481.52771011485
9481.52771011485
9481.52771011485
9481.52771011485
9481.52771011485
9481.52771011485
9481.52771011485
9481.52771011485
9481.52771011485
9481.52771011485
9481.52771011485
9481.52771011485
9481.52771011485
9481.52771011485
9481.52771011485
9481.52771011485
9481.52771011485
9481.52771011485
9481.52771011485
9481.52771011485
9481.52771011485
9481.52771011485
9481.52771011485
9481.52771011485
9481.52771011485
9481.52771011485
9481.52771011485
9481.52771011485
9481.52771011485
9481.52771011485
9481.52771011485
9481.52771011485
9481.52771011485
9481.52771011485
9481.52771011485
9481.52771011485
9481.52771011485
9481.52771011485
9481.52771011485
9481.52771011485
9481.52771011485
9481.52771011485
9481.52771011485
9481.52771011485
9481.52771011485
9481.52771011485
9481.52771011485
9481.52771011485
9481.52771011485
9481.52771011485
9481.52771011485
9481.52771011485
9481.52771011485
9481.52771011485
9481.52771011485
9481.52771011485
9481.52771011485
9481.52771011485
9481.52771011485
9481.52771011485
9481.52771011485
9481.52771011485
9481.52771011485
9481.52771011485
9481.52771011485
9481.52771011485
9481.52771011485
9481.52771011485
9481.52771011485
9481.52771011485
9481.52771011485
9481.52771011485
9481.52771011485

ave
14090.6090503434
14184.5008870992
14172.7769563425
14009.0029398183
14014.4757374551
13950.8706849028
13898.6924619959
14142.7856404779
13568.4630513804
14579.3133569041
14196.6052047430
14173.2867379295
13358.1999242204
13093.4339926386
13692.3347904398
14007.2684965010
14023.8237411364
13178.4477881274
13478.2439186348
13051.5458091177
13196.8934577068
12806.6335811017
12738.1057401275
12315.6518658979
12384.2963119425
12367.0743930361
12399.3553217158
12313.7508310435
11845.9006572514
11803.8777446277
12206.6930083508
12234.8089212437
11652.7016243208
12248.1249333256
11828.2026975669
11894.9781019849
11578.0977501892
11808.5096870704
12090.8356427702
12350.2679314097
11574.5228979970
11629.0487694888
11428.2629663226
11498.3498001663
11574.9468240414
11674.1125276592
11406.3461458136
12242.6743275528
11803.0666964426
11745.2951908919
11450.7073335260
11677.4858831535
11885.8168311897
11672.6533539676
11284.3335285801
11482.3221394647
11587.1338318559
11837.6152584855
11581.1432067086
11582.4581162990
11638.6845262070
11700.2102042806
11815.4713911333
11906.7884049521
11693.8295791288
11944.0451293262
11585.2171383878
11710.4579383254
11779.1229780803
11752.7811631017
12003.1594255195
11686.8837041390
11825.3692895971
11866.3574952847
11744.9850808065
11781.4740779896
11266.6916108178
12005.9627921264
11771.7120456846
11645.0485401315
12256.1021787852
11818.7777825836
11607.9783881764
11653.6121184480
12155.4491582443
11537.1703343284
11783.3174455181
11692.0692902778
11672.9671819749
12209.1741895720
11506.3777463300
11807.4723593477
11582.9409452004
11261.5268931680
11535.9024923702
11319.5070829949
11327.4534634594
11511.1379488235
11671.3735318610
11537.2599630859
11246.6962125299
11565.2785746263
12019.3517857480
11421.4444884544
12075.2063585680
11226.2688936396
11186.8664578826
11560.5986246502
11409.3217182745
11551.0452110237
11329.9808960614
11735.2550684201
11303.6364879723
11407.7776499624
11682.8342085928
11724.6803732706
11646.8756141475
11515.0401339606
11398.9330822176
11116.6852298201
11086.1663766856
11645.5312188682
11700.9063201957
12097.0798461081
11514.6627159626
11305.0731812120
11369.1568283873
11693.0402685029
11598.4753477365
11199.3048628452
11764.6440948047
11684.5671136067
11735.2301960965
11615.4457464433
11409.6744708765
11749.5866909017
11942.3539676843
11420.3223776572
11416.4855577939
11562.6291600921
11157.4244183373
11807.5723508039
11643.8612813677
11738.1425773254
11273.4955365259
11558.9905325824
11654.6402721094
11206.7128888066
11438.4558482008
11736.7262881194
11613.2455745827
11548.4196353983
12037.0348570224
11606.5031369320
11588.0540656758
11699.8483702194
11996.2522781638
11527.7605065996
12170.6939793552
11409.1493251848
11810.9425675637
11640.2294626705
11793.8910038054
11839.4944534813
11233.9653819972
11674.0262274681
11519.0966840977
11460.4854975459
11319.3622575317
11742.3899138333
12070.0351074894
11499.9552558614
11129.5365525654
11853.3292999923
11864.9197035354
11403.3585913631
11448.6780434990
11732.2937049461
11704.2523965757
12308.0003859993
11736.5521870345
12160.1472260236
11898.8547240218
11364.6544328388
11371.2841393904
11258.2219795740
11690.1984312252
11798.8182700014
12365.7106758402
12149.0011763703
11917.4361808468
11252.2440773096
11812.0403981101
11656.0953061191
11703.6082539509
11594.3478416000
11906.7120217253
11573.8199717484
12068.5816502830
11908.2320593980
11945.7474169690
11589.7230486662
11557.6758090951
11245.0640004720
12065.0422432470
11272.5486822487
11704.0121202464
11652.3463907321
12084.6014031348
11611.5579306205
11861.1812949702
11423.3505670547
11692.7237913494
11773.1252685647
11624.6103908024
11688.2228156188
11501.3091379442
12174.8384322524
11764.8170856664
11735.7669801307
11934.6917328903
11712.4249637720
12293.5189817226
11940.1780015597
12552.2665815449
11700.8541138495
11938.5572726924
12067.1339979543
11752.2466316371
12095.0862216341
11932.1715837906
11647.2038404412
11484.5386279049
11729.1744519068
11914.4254708088
11731.8517913984
11987.1139178971
11676.3164239618
11828.8363861011
12011.2353860556
11804.4627050443
11548.4552977977
11548.5795337007
11323.5930266256
11850.2863619783
11640.6191805455
11606.8282126168
11705.2040669818
11917.3524881375
11522.8615707811
11773.9383135433
11566.5197265870
11496.8688456855
11762.5531571095
11448.6536150143
12248.8604358954
11363.4289830564
11702.4150189598
11699.0351545157
11501.3337408470
11473.9973009915
12149.6184064870
11923.7228879310
11627.2093027823
11859.0172431175
11511.3162178003
11983.5540549026
11593.4482857882
11043.8327205789
11725.9123643531
11667.6653220193
11635.3910389454
11809.9734923347
11682.6554890081
11128.1405652864
11712.0601359547
11352.7603699922
12075.2192786059
11662.2568901003
12161.7411439525
11213.8941795408
11736.6080518342
11607.4344530320
11807.4065927088
11210.5903609015
11592.0221946466
11733.6457678729
11161.0206659660
11526.8017243211
11268.2736463492
11524.5205504609
11828.6732942482
11735.4233750200
11716.9898793794
11920.8508359114
11883.3960757098
11671.1468548577
11637.7528026218
11520.7625007195
11716.8627038294
11646.2390167942
11381.5320673751
11057.2655657609
11804.4137935105
11613.6576992039
11373.1715881744
11349.1654924377
11683.0899272339
11263.4952643109
11604.8328421529
11743.8541906882
11756.1618555260
12213.8482421325
11568.8849882062
11583.1720757969
11633.9023739266
12215.9669741093
11329.0385934512
11649.9937221217
11543.6296261136
11910.1946123822
11790.1212903439
11644.7085682419
11518.1468937210
11433.1956456497
11489.1254678758
11926.5277353954
11726.4107836725
11334.4347808502
11568.0144810238
11721.5999266890
11589.7901128933
11698.9549184644
11899.2926875696
11965.9702539798
11325.7217014411
11604.5703595094
11557.0434978645
11488.2907462092
11018.2168579793
11546.0216384455
11737.4649020575
11521.1455976201
11749.0049879049
11779.1860621859
11442.3674465353
11859.0738911062
11714.0299655441
11404.2804511274
12097.5162159536
12544.2626850326
11894.6040446773
11663.3264085907
11237.4905751315
11602.2175463782
11880.7040690526
11100.6732404170
11327.8592344672
10919.1945720099
11509.8183209394
12310.7220872166
11434.0342965545
11401.2487151588
11796.5634420525
11770.1664859518
12127.3286863423
11622.7243618542
11543.8137508025
12014.3229378283
11789.8921186851
11864.9635523711
11442.9471238952
11699.7632577120
12002.8387898246
11571.1351424618
11751.2564610383
11656.7341341938
11500.0231237758
11765.1890198210
12051.4673345596
11886.1407897564
12083.7270201274
11576.0566262430
11789.9541255935
11457.1512856329
11307.7375201065
11572.1081169185
11340.6804924011
11351.2162670361
11894.4664672181
11566.8560329054
11651.5300463189
11449.4280132804
11743.1585558245
11384.6251433761
11548.6171629099
11545.5096125297
11568.4970281129
11617.4557875796
11965.4204486488
11607.0456174424
11477.5219498519
11588.4791081887
11393.6692996969
11719.9398661638
11585.5408759967
11421.9216929302
11693.0257158254
11608.9264580991
11752.0650636880
11779.6826460041
11918.8839693655
11768.2471583750
11835.5305993046
11899.2897034285
11497.8572120941
11580.2527160587
11388.3805774450
12095.1454370063
11492.8650085249
11833.7886295689
11443.2235663708
11384.2801205882
11404.0548610961
11775.0535082636
11399.7055769552
11566.6516379353
11897.4402318369
11656.4047650272
11799.6956250857
11766.5484401849
11276.8998755157
11474.7306402491
11502.7537443044
11459.3003098841
12313.5652775755
11641.1993491186
11455.4772819807
11656.0069906623
11775.3228271525
11933.5955938839
11634.5369575326
11507.9115222128
11929.3895599097
11797.8087137892
12161.9939526988
11745.7270788628
12004.6464357113
11768.6794088494
11624.7318312177
11770.7360785642
12035.3945145420
11691.9050377401
11826.1589112437
11479.2732835262
12208.1439540496
11995.0870312400
11921.3217562670
11176.2232010298
11953.0510115989
12244.7457137031
11588.5447728957
11914.0934052378
12081.4555546504
11737.4286257890
11433.7718742944
11620.0110417771
11931.0313780684
11880.3127580682
11444.6511999176
11293.8558632213
12330.8199173241
11785.8961112193
11707.9355802925
12268.6316189801
12079.2452644219
12328.7240930505
11478.5637984659
11807.2163520781
12434.8144778978
11585.4523558845
11363.0413522613
11844.3094616467
11658.0811024464
11456.7020757295
11803.9041768099
11408.2463950556
11890.3273533039
11549.7139284068
12022.3591222229
12198.7724918907
11720.3273281255
12045.0109040253
11583.8460798777
11781.9430923955
11881.8094794901
11996.6678810956
11607.9711274870
11630.3828072068
12117.3914971086

