最优解为:4498.6107
最优解路径:

Best_route =

  1 至 24 列

    71    72    41    42    43    44    61    47    48     9    10    62     0     0     0     0     0     0     0     0     0     0     0     0
     0     0     0     0     0     0     0     0     0     0     0     0     0     0     0     0     0     0     0     0     0     0     0     0
    45    46    63    55    56    67    68    34     0     0     0     0     0     0     0     0     0     0     0     0     0     0     0     0
    51    52    27     7    57     5    39    40     6     0     0     0     0     0     0     0     0     0     0     0     0     0     0     0
    29    21    33    19    20    69    70    37    38     0     0     0     0     0     0     0     0     0     0     0     0     0     0     0
     0     0     0     0     0     0     0     0     0     0     0     0     0     0     0     0     0     0     0     0     0     0     0     0
    13    14    25    26    79    80    22     0     0     0     0     0     0     0     0     0     0     0     0     0     0     0     0     0
     0     0     0     0     0     0     0     0     0     0     0     0     0     0     0     0     0     0     0     0     0     0     0     0
     0     0     0     0     0     0     0     0     0     0     0     0     0     0     0     0     0     0     0     0     0     0     0     0
    65    66    11     3     4    53    54    15    16     0     0     0     0     0     0     0     0     0     0     0     0     0     0     0
    77    78    12    75    76    58    35    36     0     0     0     0     0     0     0     0     0     0     0     0     0     0     0     0
     0     0     0     0     0     0     0     0     0     0     0     0     0     0     0     0     0     0     0     0     0     0     0     0
     1    49    50    64    17    18     8    60     0     0     0     0     0     0     0     0     0     0     0     0     0     0     0     0
     0     0     0     0     0     0     0     0     0     0     0     0     0     0     0     0     0     0     0     0     0     0     0     0
    30    23    24    59    31     2    32    73    74    28     0     0     0     0     0     0     0     0     0     0     0     0     0     0

  25 至 48 列

     0     0     0     0     0     0     0     0     0     0     0     0     0     0     0     0     0     0     0     0     0     0     0     0
     0     0     0     0     0     0     0     0     0     0     0     0     0     0     0     0     0     0     0     0     0     0     0     0
     0     0     0     0     0     0     0     0     0     0     0     0     0     0     0     0     0     0     0     0     0     0     0     0
     0     0     0     0     0     0     0     0     0     0     0     0     0     0     0     0     0     0     0     0     0     0     0     0
     0     0     0     0     0     0     0     0     0     0     0     0     0     0     0     0     0     0     0     0     0     0     0     0
     0     0     0     0     0     0     0     0     0     0     0     0     0     0     0     0     0     0     0     0     0     0     0     0
     0     0     0     0     0     0     0     0     0     0     0     0     0     0     0     0     0     0     0     0     0     0     0     0
     0     0     0     0     0     0     0     0     0     0     0     0     0     0     0     0     0     0     0     0     0     0     0     0
     0     0     0     0     0     0     0     0     0     0     0     0     0     0     0     0     0     0     0     0     0     0     0     0
     0     0     0     0     0     0     0     0     0     0     0     0     0     0     0     0     0     0     0     0     0     0     0     0
     0     0     0     0     0     0     0     0     0     0     0     0     0     0     0     0     0     0     0     0     0     0     0     0
     0     0     0     0     0     0     0     0     0     0     0     0     0     0     0     0     0     0     0     0     0     0     0     0
     0     0     0     0     0     0     0     0     0     0     0     0     0     0     0     0     0     0     0     0     0     0     0     0
     0     0     0     0     0     0     0     0     0     0     0     0     0     0     0     0     0     0     0     0     0     0     0     0
     0     0     0     0     0     0     0     0     0     0     0     0     0     0     0     0     0     0     0     0     0     0     0     0

  49 至 72 列

     0     0     0     0     0     0     0     0     0     0     0     0     0     0     0     0     0     0     0     0     0     0     0     0
     0     0     0     0     0     0     0     0     0     0     0     0     0     0     0     0     0     0     0     0     0     0     0     0
     0     0     0     0     0     0     0     0     0     0     0     0     0     0     0     0     0     0     0     0     0     0     0     0
     0     0     0     0     0     0     0     0     0     0     0     0     0     0     0     0     0     0     0     0     0     0     0     0
     0     0     0     0     0     0     0     0     0     0     0     0     0     0     0     0     0     0     0     0     0     0     0     0
     0     0     0     0     0     0     0     0     0     0     0     0     0     0     0     0     0     0     0     0     0     0     0     0
     0     0     0     0     0     0     0     0     0     0     0     0     0     0     0     0     0     0     0     0     0     0     0     0
     0     0     0     0     0     0     0     0     0     0     0     0     0     0     0     0     0     0     0     0     0     0     0     0
     0     0     0     0     0     0     0     0     0     0     0     0     0     0     0     0     0     0     0     0     0     0     0     0
     0     0     0     0     0     0     0     0     0     0     0     0     0     0     0     0     0     0     0     0     0     0     0     0
     0     0     0     0     0     0     0     0     0     0     0     0     0     0     0     0     0     0     0     0     0     0     0     0
     0     0     0     0     0     0     0     0     0     0     0     0     0     0     0     0     0     0     0     0     0     0     0     0
     0     0     0     0     0     0     0     0     0     0     0     0     0     0     0     0     0     0     0     0     0     0     0     0
     0     0     0     0     0     0     0     0     0     0     0     0     0     0     0     0     0     0     0     0     0     0     0     0
     0     0     0     0     0     0     0     0     0     0     0     0     0     0     0     0     0     0     0     0     0     0     0     0

  73 至 81 列

     0     0     0     0     0     0     0     0     0
     0     0     0     0     0     0     0     0     0
     0     0     0     0     0     0     0     0     0
     0     0     0     0     0     0     0     0     0
     0     0     0     0     0     0     0     0     0
     0     0     0     0     0     0     0     0     0
     0     0     0     0     0     0     0     0     0
     0     0     0     0     0     0     0     0     0
     0     0     0     0     0     0     0     0     0
     0     0     0     0     0     0     0     0     0
     0     0     0     0     0     0     0     0     0
     0     0     0     0     0     0     0     0     0
     0     0     0     0     0     0     0     0     0
     0     0     0     0     0     0     0     0     0
     0     0     0     0     0     0     0     0     0

本次运算用时:1025.727秒
算法在第392代时收敛

best
6132.27898076647
6132.27898076647
6132.27898076647
6132.27898076647
6132.27898076647
6132.27898076647
6132.27898076647
6132.27898076647
6132.27898076647
6132.27898076647
6132.27898076647
6132.27898076647
6132.27898076647
6132.27898076647
6132.27898076647
6132.27898076647
6132.27898076647
6132.27898076647
6132.27898076647
6132.27898076647
6132.27898076647
5949.14984715421
5949.14984715421
5949.14984715421
5949.14984715421
5949.14984715421
5808.67006495565
5808.67006495565
5808.67006495565
5808.67006495565
5808.67006495565
5383.41634200310
5383.41634200310
5383.41634200310
5383.41634200310
5220.21426742832
5220.21426742832
5220.21426742832
5220.21426742832
5220.21426742832
5220.21426742832
5220.21426742832
5220.21426742832
5220.21426742832
5220.21426742832
5220.21426742832
5220.21426742832
5220.21426742832
5220.21426742832
5220.21426742832
5220.21426742832
5220.21426742832
5220.21426742832
5220.21426742832
5220.21426742832
5220.21426742832
5220.21426742832
5220.21426742832
5220.21426742832
5220.21426742832
5220.21426742832
5220.21426742832
5220.21426742832
5220.21426742832
5220.21426742832
5220.21426742832
5220.21426742832
5220.21426742832
5220.21426742832
5220.21426742832
5220.21426742832
5220.21426742832
5220.21426742832
5220.21426742832
5220.21426742832
5220.21426742832
5220.21426742832
5220.21426742832
5220.21426742832
5220.21426742832
5220.21426742832
5220.21426742832
5220.21426742832
5220.21426742832
5220.21426742832
5220.21426742832
5220.21426742832
5220.21426742832
5220.21426742832
5220.21426742832
5220.21426742832
5220.21426742832
5220.21426742832
5220.21426742832
5220.21426742832
5220.21426742832
5220.21426742832
5220.21426742832
5220.21426742832
5220.21426742832
5220.21426742832
5158.04461646367
5158.04461646367
5158.04461646367
5158.04461646367
5145.00421556460
5145.00421556460
5145.00421556460
5145.00421556460
5145.00421556460
5145.00421556460
5145.00421556460
5145.00421556460
5145.00421556460
4954.04759678105
4954.04759678105
4954.04759678105
4954.04759678105
4954.04759678105
4954.04759678105
4954.04759678105
4954.04759678105
4954.04759678105
4954.04759678105
4954.04759678105
4954.04759678105
4954.04759678105
4954.04759678105
4954.04759678105
4954.04759678105
4954.04759678105
4954.04759678105
4954.04759678105
4954.04759678105
4954.04759678105
4954.04759678105
4954.04759678105
4954.04759678105
4954.04759678105
4954.04759678105
4954.04759678105
4954.04759678105
4954.04759678105
4954.04759678105
4954.04759678105
4954.04759678105
4954.04759678105
4954.04759678105
4954.04759678105
4954.04759678105
4954.04759678105
4954.04759678105
4954.04759678105
4954.04759678105
4954.04759678105
4954.04759678105
4954.04759678105
4954.04759678105
4954.04759678105
4885.29498311338
4885.29498311338
4885.29498311338
4885.29498311338
4885.29498311338
4879.19356948499
4879.19356948499
4879.19356948499
4879.19356948499
4879.19356948499
4879.19356948499
4617.13470072075
4617.13470072075
4617.13470072075
4617.13470072075
4617.13470072075
4617.13470072075
4617.13470072075
4617.13470072075
4617.13470072075
4617.13470072075
4617.13470072075
4617.13470072075
4617.13470072075
4617.13470072075
4617.13470072075
4617.13470072075
4617.13470072075
4617.13470072075
4617.13470072075
4617.13470072075
4617.13470072075
4617.13470072075
4617.13470072075
4617.13470072075
4617.13470072075
4617.13470072075
4617.13470072075
4617.13470072075
4617.13470072075
4617.13470072075
4617.13470072075
4617.13470072075
4617.13470072075
4617.13470072075
4617.13470072075
4617.13470072075
4617.13470072075
4617.13470072075
4617.13470072075
4617.13470072075
4617.13470072075
4608.53751411585
4608.53751411585
4608.53751411585
4608.53751411585
4608.53751411585
4608.53751411585
4608.53751411585
4608.53751411585
4608.53751411585
4608.53751411585
4608.53751411585
4608.53751411585
4608.53751411585
4608.53751411585
4608.53751411585
4608.53751411585
4564.78386259112
4564.78386259112
4564.78386259112
4564.78386259112
4564.78386259112
4564.78386259112
4564.78386259112
4559.00492463570
4559.00492463570
4559.00492463570
4558.31537340076
4558.31537340076
4558.31537340076
4558.31537340076
4558.31537340076
4558.31537340076
4558.31537340076
4558.31537340076
4558.31537340076
4525.14796306767
4525.14796306767
4525.14796306767
4525.14796306767
4525.14796306767
4525.14796306767
4525.14796306767
4525.14796306767
4525.14796306767
4525.14796306767
4525.14796306767
4525.14796306767
4525.14796306767
4525.14796306767
4525.14796306767
4525.14796306767
4525.14796306767
4525.14796306767
4525.14796306767
4525.14796306767
4525.14796306767
4525.14796306767
4525.14796306767
4525.14796306767
4525.14796306767
4525.14796306767
4525.14796306767
4525.14796306767
4525.14796306767
4525.14796306767
4525.14796306767
4525.14796306767
4525.14796306767
4525.14796306767
4525.14796306767
4525.14796306767
4525.14796306767
4525.14796306767
4525.14796306767
4525.14796306767
4525.14796306767
4525.14796306767
4525.14796306767
4525.14796306767
4525.14796306767
4525.14796306767
4525.14796306767
4525.14796306767
4525.14796306767
4525.14796306767
4525.14796306767
4525.14796306767
4525.14796306767
4525.14796306767
4525.14796306767
4525.14796306767
4525.14796306767
4525.14796306767
4525.14796306767
4525.14796306767
4525.14796306767
4525.14796306767
4525.14796306767
4525.14796306767
4525.14796306767
4525.14796306767
4525.14796306767
4525.14796306767
4525.14796306767
4525.14796306767
4525.14796306767
4525.14796306767
4516.49274627470
4505.37505753873
4505.37505753873
4505.37505753873
4505.37505753873
4505.37505753873
4505.37505753873
4505.37505753873
4505.37505753873
4505.37505753873
4505.37505753873
4505.37505753873
4505.37505753873
4505.37505753873
4505.37505753873
4505.37505753873
4502.42009074693
4502.42009074693
4502.42009074693
4502.42009074693
4502.42009074693
4502.42009074693
4502.42009074693
4502.42009074693
4502.42009074693
4502.42009074693
4502.42009074693
4502.42009074693
4502.42009074693
4502.42009074693
4502.42009074693
4502.42009074693
4502.42009074693
4502.42009074693
4502.42009074693
4502.42009074693
4502.42009074693
4502.42009074693
4502.42009074693
4502.42009074693
4502.42009074693
4502.42009074693
4502.42009074693
4502.42009074693
4502.42009074693
4502.42009074693
4502.42009074693
4502.42009074693
4502.42009074693
4502.42009074693
4502.42009074693
4502.42009074693
4502.42009074693
4502.42009074693
4502.42009074693
4502.42009074693
4502.42009074693
4502.42009074693
4502.42009074693
4502.42009074693
4502.42009074693
4502.42009074693
4502.42009074693
4502.42009074693
4502.42009074693
4502.42009074693
4502.42009074693
4502.42009074693
4502.42009074693
4502.42009074693
4502.42009074693
4502.42009074693
4502.42009074693
4498.61067295565
4498.61067295565
4498.61067295565
4498.61067295565
4498.61067295565
4498.61067295565
4498.61067295565
4498.61067295565
4498.61067295565
4498.61067295565
4498.61067295565
4498.61067295565
4498.61067295565
4498.61067295565
4498.61067295565
4498.61067295565
4498.61067295565
4498.61067295565
4498.61067295565
4498.61067295565
4498.61067295565
4498.61067295565
4498.61067295565
4498.61067295565
4498.61067295565
4498.61067295565
4498.61067295565
4498.61067295565
4498.61067295565
4498.61067295565
4498.61067295565
4498.61067295565
4498.61067295565
4498.61067295565
4498.61067295565
4498.61067295565
4498.61067295565
4498.61067295565
4498.61067295565
4498.61067295565
4498.61067295565
4498.61067295565
4498.61067295565
4498.61067295565
4498.61067295565
4498.61067295565
4498.61067295565
4498.61067295565
4498.61067295565
4498.61067295565
4498.61067295565
4498.61067295565
4498.61067295565
4498.61067295565
4498.61067295565
4498.61067295565
4498.61067295565
4498.61067295565
4498.61067295565
4498.61067295565
4498.61067295565
4498.61067295565
4498.61067295565
4498.61067295565
4498.61067295565
4498.61067295565
4498.61067295565
4498.61067295565
4498.61067295565
4498.61067295565
4498.61067295565
4498.61067295565
4498.61067295565
4498.61067295565
4498.61067295565
4498.61067295565
4498.61067295565
4498.61067295565
4498.61067295565
4498.61067295565
4498.61067295565
4498.61067295565
4498.61067295565
4498.61067295565
4498.61067295565
4498.61067295565
4498.61067295565
4498.61067295565
4498.61067295565
4498.61067295565
4498.61067295565
4498.61067295565
4498.61067295565
4498.61067295565
4498.61067295565
4498.61067295565
4498.61067295565
4498.61067295565
4498.61067295565
4498.61067295565
4498.61067295565
4498.61067295565
4498.61067295565
4498.61067295565
4498.61067295565
4498.61067295565
4498.61067295565
4498.61067295565
4498.61067295565

ave
9152.11725732933
9651.67682534634
9190.87961388002
10014.2965110841
8985.46822621528
9497.77226253131
9495.12902399527
9696.47924150981
9805.25731183221
9263.59540240691
10015.7180371509
9935.91396653648
8858.22749125653
9686.62120020783
9128.40058202400
9279.08702591781
9215.52794738441
9028.33299579656
9543.28127653289
9385.88812899382
9155.86560597790
8874.95302872838
9500.48610777747
8933.16420101304
8773.66956383856
8486.44511640502
8692.71022982168
8485.04987419557
8556.35946053486
8598.62069882365
8490.43786911971
8347.76693900511
8667.09646045546
8170.82979621674
8332.88216620801
7692.83975501874
8227.36561703371
8110.63766733891
8420.59535525063
7998.73416061087
8258.43959285877
8125.71983447696
8325.30927589402
8172.40759087557
7808.46473622964
8304.68052553479
8099.89331594195
8164.61113179483
7894.10272583241
8036.33128635338
8212.32957672345
7941.99442205845
7667.55965198941
7608.38242845643
7308.22536048460
7250.68989071578
7159.37781640429
8021.97292973399
7574.43802105271
7219.58466464847
7369.58003049162
7375.63746594787
7976.77186489104
7554.56197037471
7353.50349223196
7280.02121873127
7486.06280005382
7406.11653546409
7481.47018945879
7940.08170128999
7318.83493694929
7372.99855854347
7649.74714070590
7180.95892247770
7072.56657125609
6936.16596942557
7049.42150766827
7334.97454933983
6901.29711757836
7281.06236787455
7343.85772232228
7101.11394431939
6828.57953287166
6875.85081082350
7338.56492717046
7314.22943782112
6912.72328356018
7059.90183607119
6789.93482155787
7210.87338458797
7006.72419036005
6775.57319101831
7206.86572244660
7070.11826427485
6976.32340612847
6727.33450623519
6957.36107267330
6657.52635668985
7112.30994952870
7139.03844135307
7156.89437589298
7043.43651328031
6844.45398122969
6851.43895715976
6799.79577014775
6836.63597463121
6765.60085500655
7057.02828816856
7012.50806160563
6697.67625985591
6768.53286816608
6840.42232526490
6851.03572411011
7443.53359377353
6925.76308925785
6856.90114516367
6485.41637212303
7080.49374039479
6580.96066871892
6275.65155881964
6571.51950847458
6509.24582915295
6836.74906126097
6293.62780754470
6752.03000676831
6225.48792603807
6972.94477654198
6830.65443911981
6872.62595538331
6251.91857726815
6780.08211376039
6383.65218558634
6798.77929452464
6719.33293495370
6639.52832835503
6701.42245176174
6557.23311482945
6673.23190905087
6220.59774452556
6402.21419901014
6548.17923779005
6548.44152468181
6409.42574493297
6253.16927778444
6637.62310360714
6537.18880470344
6550.67173096671
6255.35678012170
6413.19313331214
6364.51625088379
6458.19156223164
6437.81638325604
6335.86797503828
6028.75388244430
6166.83857558452
5790.19826698029
6228.68804488418
5975.89693173250
5897.05963705063
6105.65772373916
6126.43277707067
6053.63338956201
5893.99579356412
6156.25122916285
5864.97626554690
5761.10472406571
6117.83046165269
6041.78375851587
5905.58207416810
6146.75348432805
5460.52100447875
6157.51614006783
6185.65567245300
6041.79668726009
5854.00227956337
5958.97539161860
6206.36498414836
5892.58555386805
5986.05810555486
5822.71527728574
5764.99108723715
5785.80472689068
5834.22680510039
5969.40851086773
6166.75436463353
5792.48569796653
6310.76459077691
6118.27566209880
6106.22957786369
6393.78674467187
6123.42708066173
5855.02945641795
6023.72047700529
6234.10655440521
6099.09539152426
5867.87062318824
6097.87182319165
6233.47569512334
6008.80886268582
6332.55647393443
6239.98274325890
5704.72408629509
6156.60003444173
6316.35102421740
6141.31448395783
5914.65746431080
5948.95569188449
6090.02211284687
6527.70202520990
5719.22678746952
5898.23906077274
6171.60608840651
6825.75741879011
6231.99612682498
6067.46955382278
5757.04055426876
5822.57366789520
5926.53445335129
6028.57403961011
6188.99899509425
5927.71631562873
5959.79029309796
6227.20269685034
5706.71864636210
6263.49773113433
6011.89870327055
6300.91450895597
6272.84078178028
6086.16493333401
6226.06310994926
6219.61272033945
6482.80969656640
6173.54441585531
6325.46992924771
6093.49159506172
6454.47901996147
5846.30935139878
5747.46075276672
6104.63664158744
6062.94870165100
6032.17413397071
5985.62937309227
5859.49615216002
5925.84963494803
5716.91413077420
5647.67754187599
6418.95131983313
5957.93848204515
6029.99718547371
5700.61222929071
5710.54779263522
5832.56345734789
6181.35354473054
5990.61239131731
5777.05815891533
5597.15964710052
6038.32219612562
6297.13726208655
6083.90800452275
6089.33565231697
5923.39169193077
6071.96842260743
5921.05671299725
6249.40010120065
5821.21841208845
5840.39657999960
5581.98582777024
5916.16588246554
5757.17493440776
5867.08351990684
5805.75858036011
5868.14651636358
6145.09991925883
5662.56758182220
5894.87241384964
5979.65359185767
6205.89146141443
5756.28175301347
5751.01309082004
5731.08084104836
5692.84747964828
6277.58064357063
5863.09218158226
5682.56465246652
5641.39277375366
5584.32409190501
5711.77118120372
5982.89643392492
5496.55205344312
5570.03513227238
5575.03028095365
5610.37682581689
5726.83781494654
5952.22617119715
5713.78923118568
5869.59459818231
5871.77171574681
5848.04218153136
6213.63214169628
5655.04649160134
5666.28345315625
6028.51982661210
5862.11554858843
5690.92401086735
5893.09481124659
5841.93880999381
6420.82454739143
5993.94554679314
5623.82820096711
5807.32914371401
5751.12997399790
5495.48958987475
5722.75816284458
5808.22269688597
5862.91310728928
5550.08190170166
5308.41884289745
5782.76294311866
5891.89055734051
5569.58174448873
5736.62918132802
5499.50292121833
5972.61572294746
5771.82680830716
5413.62548480903
5707.46749614060
5459.56639501917
5701.19943128677
6297.98213217689
5565.05961659583
5613.53026703229
5692.74991815508
6150.04910523707
5519.20267040161
5733.44169988342
5939.18980715600
5573.21386203473
5568.70887179858
5780.40013621366
5524.58395277913
5899.52569632181
6020.59535346135
5764.18635821633
6066.26092632308
5510.70445818764
5807.49762022685
5485.52245140988
5982.71012211420
5391.21683257802
5312.33240562067
6140.75729902500
5819.61238869744
6022.06098384664
5585.24947955504
5756.79462735626
5880.23247232253
5882.63283983913
5815.84766167265
5677.43559384002
6103.59973873941
5668.04420815490
5843.65090900117
5876.58227904237
5735.07236967994
6026.45672537255
5737.74549035292
5860.59200139933
6027.85738549959
5890.17291250251
5851.01394444766
5848.15045367006
6203.62247129833
5954.82819364255
5906.13636236133
5843.32316911929
6200.48875444368
5782.64274470536
5731.33792275099
5911.73571218680
6001.02583677307
5921.39103031485
5818.40490167979
5958.49320939411
5648.97185006363
5737.90394152116
5658.67893963556
5883.25182344319
5737.10840541929
5546.88137110346
5642.30907498642
5854.38769822540
5518.59791293641
6142.92990718055
6008.91735320079
5919.72514426913
5849.08672234864
5687.71558308362
6082.80502731706
5804.82151302494
5707.87450636269
5548.50354268239
6123.68115470393
5476.77722251585
5519.60165497981
5679.78741954679
5719.00670320967
5787.31838461886
5472.76074331852
5744.30269402205
5535.14260941402
5596.98261170654
5457.84139801182
5521.33609648448
5750.60332712208
5788.72775688336
5680.11490221618
5664.76767830468
5739.67730855431
5442.56645581801
5580.33011333222
5705.59846759229
5602.23839605709
6110.59173026479
5551.44357218149
5801.09484545697
5879.98575527974
5897.12007706019
5889.25231859254
5708.81935195977
5656.87808506301
5735.87558703623
5824.88142619840
5677.63954823524
5823.83279260052
5420.62969201329
5743.09076759672
5498.22587884238
5392.46278402676
5671.55842237721
5559.89537787149
5472.76801209192
5266.54605635731
5314.87414234132
5437.85051308888
5862.07059637108
5631.23832059643
5638.27460023442
5491.10116605104
5437.49485787060
5451.25081562341
5498.24241969833
5625.27087679370
5395.56162523910
5900.47806194189
5712.39256700479
5480.21149056293
5537.01784623435
5709.02787354772
5948.66926373565
5602.78828756301
5558.09926588465
5717.27728124778
5565.01712239976
5814.25627178341
5906.61353151805
5605.21043007624
5795.62790435015
5590.92812353869
5491.22502391524
6241.36780165928
5702.67446504575
5759.52324713757
6135.95024614037
5726.96074854230
6099.09285537746
5694.14230798305
5807.96093028711
5618.80557701287
5559.47479321583
5847.49340521547
6196.91191581955
6276.74849217545
5888.94536686055
6248.56137553689
5875.82374240833
5927.54597107066
6092.77166485607
5905.40937502972
5816.54226733387
5628.16369435116
6023.09780342661
5602.72788195275
5789.04619484167
6362.47498430627
5771.30947359810
5896.63826910185
5611.08672177690
5940.35519419515
5903.33187997276
5671.19639330047