最优解为:331.9183
最优解路径:

Best_route =

     7     6     8     3     2     5     1     4     0
     0     0     0     0     0     0     0     0     0

本次运算用时:4.032秒
算法在第2代时收敛

best
332.838085007516
331.918329887430
331.918329887430
331.918329887430
331.918329887430
331.918329887430
331.918329887430
331.918329887430
331.918329887430
331.918329887430
331.918329887430
331.918329887430
331.918329887430
331.918329887430
331.918329887430
331.918329887430
331.918329887430
331.918329887430
331.918329887430
331.918329887430
331.918329887430
331.918329887430
331.918329887430
331.918329887430
331.918329887430
331.918329887430
331.918329887430
331.918329887430
331.918329887430
331.918329887430
331.918329887430
331.918329887430
331.918329887430
331.918329887430
331.918329887430
331.918329887430
331.918329887430
331.918329887430
331.918329887430
331.918329887430
331.918329887430
331.918329887430
331.918329887430
331.918329887430
331.918329887430
331.918329887430
331.918329887430
331.918329887430
331.918329887430
331.918329887430
331.918329887430
331.918329887430
331.918329887430
331.918329887430
331.918329887430
331.918329887430
331.918329887430
331.918329887430
331.918329887430
331.918329887430
331.918329887430
331.918329887430
331.918329887430
331.918329887430
331.918329887430
331.918329887430
331.918329887430
331.918329887430
331.918329887430
331.918329887430
331.918329887430
331.918329887430
331.918329887430
331.918329887430
331.918329887430
331.918329887430
331.918329887430
331.918329887430
331.918329887430
331.918329887430
331.918329887430
331.918329887430
331.918329887430
331.918329887430
331.918329887430
331.918329887430
331.918329887430
331.918329887430
331.918329887430
331.918329887430
331.918329887430
331.918329887430
331.918329887430
331.918329887430
331.918329887430
331.918329887430
331.918329887430
331.918329887430
331.918329887430
331.918329887430
331.918329887430
331.918329887430
331.918329887430
331.918329887430
331.918329887430
331.918329887430
331.918329887430
331.918329887430
331.918329887430
331.918329887430
331.918329887430
331.918329887430
331.918329887430
331.918329887430
331.918329887430
331.918329887430
331.918329887430
331.918329887430
331.918329887430
331.918329887430
331.918329887430
331.918329887430
331.918329887430
331.918329887430
331.918329887430
331.918329887430
331.918329887430
331.918329887430
331.918329887430
331.918329887430
331.918329887430
331.918329887430
331.918329887430
331.918329887430
331.918329887430
331.918329887430
331.918329887430
331.918329887430
331.918329887430
331.918329887430
331.918329887430
331.918329887430
331.918329887430
331.918329887430
331.918329887430
331.918329887430
331.918329887430
331.918329887430
331.918329887430
331.918329887430
331.918329887430
331.918329887430
331.918329887430
331.918329887430
331.918329887430
331.918329887430
331.918329887430
331.918329887430
331.918329887430
331.918329887430
331.918329887430
331.918329887430
331.918329887430
331.918329887430
331.918329887430
331.918329887430
331.918329887430
331.918329887430
331.918329887430
331.918329887430
331.918329887430
331.918329887430
331.918329887430
331.918329887430
331.918329887430
331.918329887430
331.918329887430
331.918329887430
331.918329887430
331.918329887430
331.918329887430
331.918329887430
331.918329887430
331.918329887430
331.918329887430
331.918329887430
331.918329887430
331.918329887430
331.918329887430
331.918329887430
331.918329887430
331.918329887430
331.918329887430
331.918329887430
331.918329887430
331.918329887430
331.918329887430
331.918329887430
331.918329887430
331.918329887430

ave
539.984492010774
442.634173040249
503.644870390324
466.209221950354
442.462179897577
417.234336106478
453.802570544011
478.391093150202
466.186997394925
404.985103988324
405.723920386945
356.896132991133
368.450528490807
380.784896477215
453.381115987020
416.700911901178
441.382075168177
380.922851224628
344.320437034621
356.417683913458
356.243315947217
429.372083499400
356.324418604183
380.718760311168
380.499107841758
380.138534406913
368.198843442142
331.918329887430
332.192287379731
343.874889887430
332.085622823137
331.918329887430
356.338982545277
343.961769887430
356.036866664786
331.918329887430
344.051105290998
343.922955636108
343.918329887430
356.380568130243
343.874889887430
343.874889887430
331.918329887430
343.894424179848
356.225147678828
331.918329887430
343.905811775219
344.080306664786
331.918329887430
331.918329887430
332.135812275260
343.874889887430
344.100781631052
343.918329887430
331.918329887430
331.918329887430
331.918329887430
331.918329887430
344.051105290998
331.918329887430
331.918329887430
331.918329887430
331.918329887430
331.918329887430
331.918329887430
331.918329887430
331.918329887430
331.918329887430
343.894424179848
343.894424179848
331.918329887430
331.966395636108
331.918329887430
343.918329887430
331.918329887430
331.918329887430
331.918329887430
331.918329887430
331.918329887430
331.918329887430
344.080306664786
331.918329887430
331.918329887430
343.905811775219
344.051105290998
331.918329887430
331.918329887430
331.918329887430
331.918329887430
343.874889887430
331.918329887430
331.918329887430
331.918329887430
331.918329887430
344.100781631052
331.918329887430
331.918329887430
344.100781631052
331.918329887430
331.918329887430
331.918329887430
343.874889887430
331.918329887430
331.918329887430
331.918329887430
331.918329887430
331.918329887430
331.918329887430
331.918329887430
331.918329887430
344.080306664786
343.874889887430
331.918329887430
331.918329887430
331.918329887430
355.918329887430
331.918329887430
331.918329887430
331.918329887430
331.918329887430
332.042182823137
331.918329887430
331.918329887430
343.918329887430
331.918329887430
331.918329887430
343.894424179848
331.918329887430
331.918329887430
331.918329887430
331.918329887430
344.216225210967
331.918329887430
331.918329887430
343.894424179848
331.918329887430
331.918329887430
343.894424179848
356.038587178787
331.918329887430
331.918329887430
331.918329887430
331.918329887430
331.918329887430
331.918329887430
331.918329887430
331.918329887430
331.918329887430
331.918329887430
331.918329887430
331.966395636108
331.918329887430
331.918329887430
331.918329887430
331.918329887430
344.092372275260
344.080306664786
344.206525742413
331.918329887430
331.918329887430
331.918329887430
356.080306664786
331.918329887430
331.918329887430
331.918329887430
343.874889887430
331.918329887430
343.894424179848
343.874889887430
331.918329887430
331.918329887430
331.918329887430
331.918329887430
331.918329887430
331.918329887430
331.918329887430
331.918329887430
344.051105290998
331.918329887430
331.918329887430
331.918329887430
331.918329887430
331.918329887430
331.918329887430
331.918329887430
331.918329887430
331.918329887430
331.918329887430
331.918329887430
331.918329887430
344.080306664786
331.918329887430
331.918329887430
331.918329887430
331.918329887430
331.918329887430
331.918329887430
331.918329887430
344.206525742413
331.918329887430