实验环境：
VeiNum = 9
Q_ant = 400
AntNum = 20 
iter_max = 500
抽取的客户节点编号为

Cus_select =

  1 至 25 列

    32    21    12     8    84    94    36    69    99    28    64    34     5    87    17    44    40     9    86    66     7    52    49    39    80

  26 至 30 列

    65    75    37    30    18

各任务对应的的客户节点编号为

Task_Cus =

  1 至 25 列

    32    21    12     8    84    94    36    69    99    28    64    34     5    87    17    44    40     9    86    66     7    52    49    39    80

  26 至 30 列

    65    75    37    30    18

cus
40	50
40	50
40	50
87	30
40	5
8	45
15	80
57	29
57	48
65	85
31	52
26	35
92	30
45	30
85	35
20	85
12	24
0	45
55	82
60	85
10	35
21	24
41	37
15	75
25	30
42	12
60	80
47	47
35	40
5	5
65	82
88	30
44	5

task

linktime
0	1.77695927891221	1.27695927891221	0	1.12500000000000	1.30970673703508	0.809706737035082	0	0.976281209488332	1.17546280430531	0.675462804305315	0.927931069215592	0.427931069215592	0	1.07529065838033	0	0.230488611432322	0	0.512957113217080	0	1.39283882771841	1.01538820320221	0.515388203202208	0	1.18585412256314	1.50778221853732	1.00778221853732	1.45524865872714	0.955248658727140	1.50778221853732	1.00778221853732	0	0.883529852353615	0	1.00778221853732	0	0.838525491562421	0	0.805062109405231	0.825960120260133	0.325960120260133	1.38388347648318	0.883883476483184	0	0.625000000000000	0	0.951314879522022	0	0.901387818865997	0.690394327646598	0.190394327646598	0.779508497187474	0.279508497187474	1.92521928137392	1.42521928137392	0	1.01519702521235	1.80000000000000	1.30000000000000	1.62943569980765	1.12943569980765
1.27695927891221	3.22058522449109	0	1.44362594557888	1.33088316542062	2.75333268261396	2.01028604929746	1.44362594557888	2.19146070008111	2.61908874988420	0.750416550990182	2.37155701479447	0.874642784226795	1.44362594557888	1.48092032196199	1.44362594557888	1.50416089564913	1.44362594557888	1.53011437480994	1.44362594557888	0.125000000000000	2.45901414878109	1.05000000000000	1.44362594557888	0.134629120178363	2.95140816411620	2.16708329327693	2.89887460430602	1.88099043059767	2.95140816411620	2.20709084543432	1.44362594557888	1.52643375224737	1.44362594557888	1.53174736820404	1.44362594557888	1.92905417238604	1.44362594557888	1.65680415257809	2.26958606583901	1.16323901241318	2.82750942206206	2.12264575471274	1.44362594557888	1.55000000000000	1.44362594557888	1.21166208160526	1.44362594557888	1.42060726451754	2.13402027322548	1.08656569060504	2.22313444276635	1.32382022948737	3.36884522695280	2.14315771701478	1.44362594557888	1.41155942134931	3.24362594557888	0.0250000000000000	3.07306164538653	1.24348301154459
0	1.77695927891221	1.44362594557888	0	1.29166666666667	1.30970673703508	0.976373403701749	0	1.14294787615500	1.17546280430531	0.842129470971981	0.927931069215592	0.594597735882259	0	1.24195732504700	0	0.397155278098989	0	0.679623779883746	0	1.55950549438508	1.01538820320221	0.682054869868874	0	1.35252078922981	1.50778221853732	1.17444888520399	1.45524865872714	1.12191532539381	1.50778221853732	1.17444888520399	0	1.05019651902028	0	1.17444888520399	0	1.00519215822909	0	0.971728776071898	0.825960120260133	0.492626786926799	1.38388347648318	1.05055014314985	0	0.791666666666667	0	1.11798154618869	0	1.06805448553266	0.690394327646598	0.357060994313264	0.779508497187474	0.446175163854140	1.92521928137392	1.59188594804059	0	1.18186369187901	1.80000000000000	1.46666666666667	1.62943569980765	1.29610236647432
1.12500000000000	3.06862594557888	1.33088316542062	1.29166666666667	0	2.60137340370175	1.28062484748657	1.29166666666667	79.0569415042095	2.46712947097198	0.735272058492637	2.21959773588226	1.15596280216969	1.29166666666667	83.8152730712011	1.29166666666667	47.8539444560216	1.29166666666667	33.1058907144937	1.29166666666667	57.6974869470066	2.30705486986887	0.637377439199098	1.29166666666667	54.0832691319598	2.79944888520399	2.06155281280883	2.74691532539381	0.845946215784432	2.79944888520399	1.41421356237310	1.29166666666667	78.4474346298208	1.29166666666667	82.4621125123532	1.29166666666667	42.4264068711929	1.29166666666667	26.8700576850888	2.11762678692680	0.800390529679106	2.67555014314985	1.85825859341481	1.29166666666667	29.1547594742265	1.29166666666667	7.28010988928052	1.29166666666667	77.6208734813001	1.98206099431326	1.06448344280219	2.07117516385414	0.883883476483184	3.21688594804059	0.875000000000000	1.29166666666667	80.9567785920364	3.09166666666667	1.35300591277348	2.92110236647432	0.100000000000000
1.62500000000000	1.33088316542062	3.06862594557888	1.62500000000000	2.91666666666667	1.28062484748657	2.60137340370175	1.62500000000000	2.76794787615500	0.735272058492637	2.46712947097198	1.15596280216969	2.21959773588226	1.62500000000000	2.86695732504700	1.62500000000000	2.02215527809899	1.62500000000000	2.30462377988375	1.62500000000000	3.18450549438508	0.637377439199098	2.30705486986887	1.62500000000000	2.97752078922981	2.06155281280883	2.79944888520399	0.845946215784432	2.74691532539381	1.41421356237310	2.79944888520399	1.62500000000000	2.67519651902028	1.62500000000000	2.79944888520399	1.62500000000000	2.63019215822909	1.62500000000000	2.59672877607190	0.800390529679106	2.11762678692680	1.85825859341481	2.67555014314985	1.62500000000000	2.41666666666667	1.62500000000000	2.74298154618869	1.62500000000000	2.69305448553266	1.06448344280219	1.98206099431326	0.883883476483184	2.07117516385414	0.875000000000000	3.21688594804059	1.62500000000000	2.80686369187901	1.35300591277348	3.09166666666667	0.100000000000000	2.92110236647432
0.809706737035082	2.75333268261396	2.01028604929746	0.976373403701749	1.28062484748657	2.28608014073683	0	0.976373403701749	0.892328414878738	2.15183620800706	1.28865239688599	1.90430447291734	1.22729377086336	0.976373403701749	1.74086903585537	0.976373403701749	0.601040764008565	0.976373403701749	0.514781507049350	0.976373403701749	2.13321939799918	1.99176160690396	0.998123238883857	0.976373403701749	1.94116588678042	2.48415562223907	1.04403065089106	2.43162206242889	0.534438958160799	2.48415562223907	0.200000000000000	0.976373403701749	1.49540964287382	0.976373403701749	1.64012194668567	0.976373403701749	0.254950975679639	0.976373403701749	0.617454451761423	1.80233352396188	0.848896342317482	2.36025688018493	0.770146090037468	0.976373403701749	0.566789202437732	0.976373403701749	1.18453577404821	0.976373403701749	1.56704339442148	1.66676773134835	0.976281209488332	1.75588190088922	0.686476510887299	2.90159268507567	1.00280855600658	0.976373403701749	1.69889670080320	2.77637340370175	2.03485257451246	2.60580910350940	1.34536240470737
0	1.77695927891221	1.44362594557888	0	1.29166666666667	1.30970673703508	0.976373403701749	0	1.14294787615500	1.17546280430531	0.842129470971981	0.927931069215592	0.594597735882259	0	1.24195732504700	0	0.397155278098989	0	0.679623779883746	0	1.55950549438508	1.01538820320221	0.682054869868874	0	1.35252078922981	1.50778221853732	1.17444888520399	1.45524865872714	1.12191532539381	1.50778221853732	1.17444888520399	0	1.05019651902028	0	1.17444888520399	0	1.00519215822909	0	0.971728776071898	0.825960120260133	0.492626786926799	1.38388347648318	1.05055014314985	0	0.791666666666667	0	1.11798154618869	0	1.06805448553266	0.690394327646598	0.357060994313264	0.779508497187474	0.446175163854140	1.92521928137392	1.59188594804059	0	1.18186369187901	1.80000000000000	1.46666666666667	1.62943569980765	1.29610236647432
0.976281209488332	2.91990715506721	2.19146070008111	1.14294787615500	79.0569415042095	2.45265461319008	0.892328414878738	1.14294787615500	0	2.31841068046031	1.65170366591589	2.07087894537059	1.32003787824441	1.14294787615500	50.2493781056045	1.14294787615500	32.2490309931942	1.14294787615500	46.3249392876019	1.14294787615500	91.8095855561934	2.15833607935721	1.45773797371133	1.14294787615500	83.2165848854662	2.65073009469232	0.176776695296637	2.59819653488214	1.40200748928100	2.65073009469232	0.951971638232989	1.14294787615500	40.0499687890016	1.14294787615500	45.2769256906871	1.14294787615500	45.2769256906871	1.14294787615500	56.3205113613149	1.96890799641513	1.25623445264011	2.52683135263818	0.125000000000000	1.14294787615500	50.9901951359279	1.14294787615500	73.1641988953614	1.14294787615500	45	1.83334220380160	1.14918449345612	1.92245637334247	1.11803398874990	3.06816715752892	1.89159324380269	1.14294787615500	50.0399840127872	2.94294787615500	2.21204091282237	2.77238357596265	2.01028604929746
1.47628120948833	2.19146070008111	2.91990715506721	1.47628120948833	2.76794787615500	0.892328414878738	2.45265461319008	1.47628120948833	2.61922908564333	1.65170366591589	2.31841068046031	1.32003787824441	2.07087894537059	1.47628120948833	2.71823853453533	1.47628120948833	1.87343648758732	1.47628120948833	2.15590498937208	1.47628120948833	3.03578670387341	1.45773797371133	2.15833607935721	1.47628120948833	2.82880199871814	0.176776695296637	2.65073009469232	1.40200748928100	2.59819653488214	0.951971638232989	2.65073009469232	1.47628120948833	2.52647772850861	1.47628120948833	2.65073009469232	1.47628120948833	2.48147336771742	1.47628120948833	2.44800998556023	1.25623445264011	1.96890799641513	0.125000000000000	2.52683135263818	1.47628120948833	2.26794787615500	1.47628120948833	2.59426275567702	1.47628120948833	2.54433569502100	1.14918449345612	1.83334220380160	1.11803398874990	1.92245637334247	1.89159324380269	3.06816715752892	1.47628120948833	2.65814490136735	2.21204091282237	2.94294787615500	2.01028604929746	2.77238357596265
0.675462804305315	2.61908874988420	0.750416550990182	0.842129470971981	0.735272058492637	2.15183620800706	1.28865239688599	0.842129470971981	1.65170366591589	2.01759227527730	0	1.77006054018757	0.475000000000000	0.842129470971981	1.41421356237310	0.842129470971981	0.867827747885489	0.842129470971981	0.789382670192347	0.842129470971981	0.875357070000580	1.85751767417419	0.301039864469807	0.842129470971981	0.715891053163818	2.34991168950930	1.67798241945498	2.29737812969912	1.13192314226718	2.34991168950930	1.48007601156157	0.842129470971981	1.32594306061761	0.842129470971981	1.40200748928100	0.842129470971981	1.18453577404821	0.842129470971981	0.908639092269312	1.66808959123211	0.447213595499958	2.22601294745517	1.55724115023974	0.842129470971981	0.800390529679106	0.842129470971981	0.566789202437732	0.842129470971981	1.27720397744448	1.53252379861858	0.514781507049350	1.62163796815946	0.614918693812442	2.76734875234590	1.43178210632764	0.842129470971981	1.34000932832574	2.64212947097198	0.775403120963541	2.47156517077963	0.682367203197809
0	1.77695927891221	1.44362594557888	0	1.29166666666667	1.30970673703508	0.976373403701749	0	1.14294787615500	1.17546280430531	0.842129470971981	0.927931069215592	0.594597735882259	0	1.24195732504700	0	0.397155278098989	0	0.679623779883746	0	1.55950549438508	1.01538820320221	0.682054869868874	0	1.35252078922981	1.50778221853732	1.17444888520399	1.45524865872714	1.12191532539381	1.50778221853732	1.17444888520399	0	1.05019651902028	0	1.17444888520399	0	1.00519215822909	0	0.971728776071898	0.825960120260133	0.492626786926799	1.38388347648318	1.05055014314985	0	0.791666666666667	0	1.11798154618869	0	1.06805448553266	0.690394327646598	0.357060994313264	0.779508497187474	0.446175163854140	1.92521928137392	1.59188594804059	0	1.18186369187901	1.80000000000000	1.46666666666667	1.62943569980765	1.29610236647432
0.427931069215592	2.37155701479447	0.874642784226795	0.594597735882259	1.15596280216969	1.90430447291734	1.22729377086336	0.594597735882259	1.32003787824441	1.77006054018757	0.475000000000000	1.52252880509785	0	0.594597735882259	0.946374661537385	0.594597735882259	0.657647321898295	0.594597735882259	0.840386815698581	0.594597735882259	0.983933432707722	1.60998593908447	0.540832691319598	0.594597735882259	0.771767452021657	2.10237995441958	1.30814754519511	2.04984639460940	1.27500000000000	2.10237995441958	1.42697231928303	0.594597735882259	0.851469318296320	0.594597735882259	0.928035559663529	0.594597735882259	1.21911853402366	0.594597735882259	1.08166538263920	1.42055785614239	0.485412195973690	1.97848121236544	1.24824877328199	0.594597735882259	0.917877987534291	0.594597735882259	0.975000000000000	0.594597735882259	0.803507933999410	1.28499206352886	0.251246890528022	1.37410623306973	0.585234995535981	2.51981701725618	1.68689804078373	0.594597735882259	0.873212459828649	2.39459773588226	0.896172416446746	2.22403343568991	1.12305387226081
0	1.77695927891221	1.44362594557888	0	1.29166666666667	1.30970673703508	0.976373403701749	0	1.14294787615500	1.17546280430531	0.842129470971981	0.927931069215592	0.594597735882259	0	1.24195732504700	0	0.397155278098989	0	0.679623779883746	0	1.55950549438508	1.01538820320221	0.682054869868874	0	1.35252078922981	1.50778221853732	1.17444888520399	1.45524865872714	1.12191532539381	1.50778221853732	1.17444888520399	0	1.05019651902028	0	1.17444888520399	0	1.00519215822909	0	0.971728776071898	0.825960120260133	0.492626786926799	1.38388347648318	1.05055014314985	0	0.791666666666667	0	1.11798154618869	0	1.06805448553266	0.690394327646598	0.357060994313264	0.779508497187474	0.446175163854140	1.92521928137392	1.59188594804059	0	1.18186369187901	1.80000000000000	1.46666666666667	1.62943569980765	1.29610236647432
1.07529065838033	3.01891660395921	1.48092032196199	1.24195732504700	83.8152730712011	2.55166406208208	1.74086903585537	1.24195732504700	50.2493781056045	2.41742012935231	1.41421356237310	2.16988839426259	0.946374661537385	1.24195732504700	0	1.24195732504700	47.3814309619285	1.24195732504700	63.4113554499508	1.24195732504700	61.2698947281616	2.25734552824920	1.46308748883995	1.24195732504700	53.8516480713450	2.74973954358431	1.12500000000000	2.69720598377414	2.02021038508369	2.74973954358431	1.90804219030922	1.24195732504700	10.4403065089106	1.24195732504700	5	1.24195732504700	74.3303437365925	1.24195732504700	75.2130307858951	2.06791744530713	1.34164078649987	2.62584080153018	1.27475487839820	1.24195732504700	68.0073525436772	1.24195732504700	76.5375724726098	1.24195732504700	7.07106781186548	1.93235165269359	1.05118980208143	2.02146582223447	1.35208172829900	3.16717660642092	2.50000000000000	1.24195732504700	3	3.04195732504700	1.49038585607889	2.87139302485465	2.06775844817522
1.57529065838033	1.48092032196199	3.01891660395921	1.57529065838033	2.86695732504700	1.74086903585537	2.55166406208208	1.57529065838033	2.71823853453533	1.41421356237310	2.41742012935231	0.946374661537385	2.16988839426259	1.57529065838033	2.81724798342732	1.57529065838033	1.97244593647932	1.57529065838033	2.25491443826408	1.57529065838033	3.13479615276541	1.46308748883995	2.25734552824920	1.57529065838033	2.92781144761014	1.12500000000000	2.74973954358431	2.02021038508369	2.69720598377414	1.90804219030922	2.74973954358431	1.57529065838033	2.62548717740061	1.57529065838033	2.74973954358431	1.57529065838033	2.58048281660942	1.57529065838033	2.54701943445223	1.34164078649987	2.06791744530713	1.27475487839820	2.62584080153018	1.57529065838033	2.36695732504700	1.57529065838033	2.69327220456902	1.57529065838033	2.64334514391299	1.05118980208143	1.93235165269359	1.35208172829900	2.02146582223447	2.50000000000000	3.16717660642092	1.57529065838033	2.75715435025934	1.49038585607889	3.04195732504700	2.06775844817522	2.87139302485465
0.230488611432322	2.17411455701120	1.50416089564913	0.397155278098989	47.8539444560216	1.70686201513407	0.601040764008565	0.397155278098989	32.2490309931942	1.57261808240430	0.867827747885489	1.32508634731458	0.657647321898295	0.397155278098989	47.3814309619285	0.397155278098989	0	0.397155278098989	17.7200451466694	0.397155278098989	64.8459713474939	1.41254348130120	0.651920240520265	0.397155278098989	56.6127194188726	1.90493749663631	0.869626356546304	1.85240393682613	0.845946215784432	1.90493749663631	0.794512429103535	0.397155278098989	38.4187454245971	0.397155278098989	43.9317652729776	0.397155278098989	27.0185121722126	0.397155278098989	29.7321374946370	1.22311539835912	0.450693909432999	1.78103875458217	0.700446286306095	0.397155278098989	22.8035085019828	0.397155278098989	41.4849370253831	0.397155278098989	40.3112887414927	1.08754960574559	0.419076365356005	1.17666377528646	0.316227766016838	2.32237455947291	1.34280490019958	0.397155278098989	45.3431361950185	2.19715527809899	1.52745703703901	2.02659097790664	1.21911853402366
0.730488611432322	1.50416089564913	2.17411455701120	0.730488611432322	2.02215527809899	0.601040764008565	1.70686201513407	0.730488611432322	1.87343648758732	0.867827747885489	1.57261808240430	0.657647321898295	1.32508634731458	0.730488611432322	1.97244593647932	0.730488611432322	1.12764388953131	0.730488611432322	1.41011239131607	0.730488611432322	2.28999410581740	0.651920240520265	1.41254348130120	0.730488611432322	2.08300940066213	0.869626356546304	1.90493749663631	0.845946215784432	1.85240393682613	0.794512429103535	1.90493749663631	0.730488611432322	1.78068513045260	0.730488611432322	1.90493749663631	0.730488611432322	1.73568076966141	0.730488611432322	1.70221738750422	0.450693909432999	1.22311539835912	0.700446286306095	1.78103875458217	0.730488611432322	1.52215527809899	0.730488611432322	1.84847015762101	0.730488611432322	1.79854309696499	0.419076365356005	1.08754960574559	0.316227766016838	1.17666377528646	1.34280490019958	2.32237455947291	0.730488611432322	1.91235230331134	1.52745703703901	2.19715527809899	1.21911853402366	2.02659097790664
0.512957113217080	2.45658305879596	1.53011437480994	0.679623779883746	33.1058907144937	1.98933051691883	0.514781507049350	0.679623779883746	46.3249392876019	1.85508658418906	0.789382670192347	1.60755484909934	0.840386815698581	0.679623779883746	63.4113554499508	0.679623779883746	17.7200451466694	0.679623779883746	0	0.679623779883746	66.1891229734917	1.69501198308595	0.491172067609713	0.679623779883746	59	2.18740599842107	1.25896783120142	2.13487243861089	0.445112345369122	2.18740599842107	0.696419413859206	0.679623779883746	55.2268050859363	0.679623779883746	60.4648658313239	0.679623779883746	16	0.679623779883746	12.0830459735946	1.50558390014388	0.378318648760539	2.06350725636693	1.03712342563458	0.679623779883746	5.09901951359278	0.679623779883746	28.0178514522438	0.679623779883746	56.4003546088143	1.37001810753034	0.604669331122391	1.45913227707122	0.257390753524675	2.60484306125767	0.915491671180028	0.679623779883746	61.0737259384099	2.47962377988375	1.55503215400840	2.30905947969140	0.874642784226795
1.01295711321708	1.53011437480994	2.45658305879596	1.01295711321708	2.30462377988375	0.514781507049350	1.98933051691883	1.01295711321708	2.15590498937208	0.789382670192347	1.85508658418906	0.840386815698581	1.60755484909934	1.01295711321708	2.25491443826408	1.01295711321708	1.41011239131607	1.01295711321708	1.69258089310083	1.01295711321708	2.57246260760216	0.491172067609713	1.69501198308595	1.01295711321708	2.36547790244689	1.25896783120142	2.18740599842107	0.445112345369122	2.13487243861089	0.696419413859206	2.18740599842107	1.01295711321708	2.06315363223736	1.01295711321708	2.18740599842107	1.01295711321708	2.01814927144617	1.01295711321708	1.98468588928898	0.378318648760539	1.50558390014388	1.03712342563458	2.06350725636693	1.01295711321708	1.80462377988375	1.01295711321708	2.13093865940577	1.01295711321708	2.08101159874974	0.604669331122391	1.37001810753034	0.257390753524675	1.45913227707122	0.915491671180028	2.60484306125767	1.01295711321708	2.19482080509609	1.55503215400840	2.47962377988375	0.874642784226795	2.30905947969140
1.39283882771841	3.33646477329729	0.125000000000000	1.55950549438508	57.6974869470066	2.86921223142016	2.13321939799918	1.55950549438508	91.8095855561934	2.73496829869039	0.875357070000580	2.48743656360067	0.983933432707722	1.55950549438508	61.2698947281616	1.55950549438508	64.8459713474939	1.55950549438508	66.1891229734917	1.55950549438508	0	2.57489369758729	1.17500000000000	1.55950549438508	8.60232526704263	3.06728771292240	2.26508829849964	3.01475415311222	2.00561711201316	3.06728771292240	2.33037014227354	1.55950549438508	63.8200595424354	1.55950549438508	63.6317530797321	1.55950549438508	82.1522975941635	1.55950549438508	71.2530701092942	2.38546561464521	1.28695376762338	2.94338897086826	2.22963001415033	1.55950549438508	67	1.55950549438508	53.1413210223457	1.55950549438508	59.3632883186233	2.24989982203168	1.20260134708057	2.33901399157255	1.44676362962303	3.48472477575900	2.26301789652667	1.55950549438508	58.5918083011610	3.35950549438508	0.100000000000000	3.18894119419273	1.35300591277348
1.89283882771841	0.125000000000000	3.33646477329729	1.89283882771841	3.18450549438508	2.13321939799918	2.86921223142016	1.89283882771841	3.03578670387341	0.875357070000580	2.73496829869039	0.983933432707722	2.48743656360067	1.89283882771841	3.13479615276541	1.89283882771841	2.28999410581740	1.89283882771841	2.57246260760216	1.89283882771841	3.45234432210349	1.17500000000000	2.57489369758729	1.89283882771841	3.24535961694822	2.26508829849964	3.06728771292240	2.00561711201316	3.01475415311222	2.33037014227354	3.06728771292240	1.89283882771841	2.94303534673869	1.89283882771841	3.06728771292240	1.89283882771841	2.89803098594750	1.89283882771841	2.86456760379031	1.28695376762338	2.38546561464521	2.22963001415033	2.94338897086826	1.89283882771841	2.68450549438508	1.89283882771841	3.01082037390710	1.89283882771841	2.96089331325108	1.20260134708057	2.24989982203168	1.44676362962303	2.33901399157255	2.26301789652667	3.48472477575900	1.89283882771841	3.07470251959743	0.100000000000000	3.35950549438508	1.35300591277348	3.18894119419273
0.515388203202208	2.45901414878109	1.05000000000000	0.682054869868874	0.637377439199098	1.99176160690396	0.998123238883857	0.682054869868874	1.45773797371133	1.85751767417419	0.301039864469807	1.60998593908447	0.540832691319598	0.682054869868874	1.46308748883995	0.682054869868874	0.651920240520265	0.682054869868874	0.491172067609713	0.682054869868874	1.17500000000000	1.69744307307108	0	0.682054869868874	1.00778221853732	2.18983708840619	1.51038074669932	2.13730352859601	0.838525491562421	2.18983708840619	1.18585412256314	0.682054869868874	1.32382022948737	0.682054869868874	1.42521928137392	0.682054869868874	0.883883476483184	0.682054869868874	0.618465843842649	1.50801499012901	0.201556443707464	2.06593834635206	1.35208172829900	0.682054869868874	0.500000000000000	0.682054869868874	0.456207189772367	0.682054869868874	1.30503831361382	1.37244919751547	0.427931069215592	1.46156336705635	0.353553390593274	2.60727415124280	1.17924764150708	0.682054869868874	1.39283882771841	2.48205486986887	1.07500000000000	2.31149056967653	0.625499800159840
0	1.77695927891221	1.44362594557888	0	1.29166666666667	1.30970673703508	0.976373403701749	0	1.14294787615500	1.17546280430531	0.842129470971981	0.927931069215592	0.594597735882259	0	1.24195732504700	0	0.397155278098989	0	0.679623779883746	0	1.55950549438508	1.01538820320221	0.682054869868874	0	1.35252078922981	1.50778221853732	1.17444888520399	1.45524865872714	1.12191532539381	1.50778221853732	1.17444888520399	0	1.05019651902028	0	1.17444888520399	0	1.00519215822909	0	0.971728776071898	0.825960120260133	0.492626786926799	1.38388347648318	1.05055014314985	0	0.791666666666667	0	1.11798154618869	0	1.06805448553266	0.690394327646598	0.357060994313264	0.779508497187474	0.446175163854140	1.92521928137392	1.59188594804059	0	1.18186369187901	1.80000000000000	1.46666666666667	1.62943569980765	1.29610236647432
1.18585412256314	3.12948006814202	0.134629120178363	1.35252078922981	54.0832691319598	2.66222752626489	1.94116588678042	1.35252078922981	83.2165848854662	2.52798359353512	0.715891053163818	2.28045185844540	0.771767452021657	1.35252078922981	53.8516480713450	1.35252078922981	56.6127194188726	1.35252078922981	59	1.35252078922981	8.60232526704263	2.36790899243202	1.00778221853732	1.35252078922981	0	2.86030300776713	2.05015243335709	2.80776944795695	1.84560288252918	2.86030300776713	2.13965534607796	1.35252078922981	55.7584074378026	1.35252078922981	55.9016994374947	1.35252078922981	75	1.35252078922981	64.9384323802169	2.17848090948994	1.10113577727726	2.73640426571299	2.01556443707464	1.35252078922981	60.2079728939615	1.35252078922981	48.7647413609464	1.35252078922981	51.4781507049350	2.04291511687641	0.996242942258564	2.13202928641728	1.25623445264011	3.27774007060373	2.13600093632938	1.35252078922981	51.0783711564885	3.15252078922981	0.145773797371133	2.98195648903746	1.27008857958805
1.68585412256314	0.134629120178363	3.12948006814202	1.68585412256314	2.97752078922981	1.94116588678042	2.66222752626489	1.68585412256314	2.82880199871814	0.715891053163818	2.52798359353512	0.771767452021657	2.28045185844540	1.68585412256314	2.92781144761014	1.68585412256314	2.08300940066213	1.68585412256314	2.36547790244689	1.68585412256314	3.24535961694822	1.00778221853732	2.36790899243202	1.68585412256314	3.03837491179295	2.05015243335709	2.86030300776713	1.84560288252918	2.80776944795695	2.13965534607796	2.86030300776713	1.68585412256314	2.73605064158342	1.68585412256314	2.86030300776713	1.68585412256314	2.69104628079223	1.68585412256314	2.65758289863504	1.10113577727726	2.17848090948994	2.01556443707464	2.73640426571299	1.68585412256314	2.47752078922981	1.68585412256314	2.80383566875183	1.68585412256314	2.75390860809581	0.996242942258564	2.04291511687641	1.25623445264011	2.13202928641728	2.13600093632938	3.27774007060373	1.68585412256314	2.86771781444216	0.145773797371133	3.15252078922981	1.27008857958805	2.98195648903746
1.00778221853732	2.95140816411620	2.16708329327693	1.17444888520399	2.06155281280883	2.48415562223907	1.04403065089106	1.17444888520399	0.176776695296637	2.34991168950930	1.67798241945498	2.10237995441958	1.30814754519511	1.17444888520399	1.12500000000000	1.17444888520399	0.869626356546304	1.17444888520399	1.25896783120142	1.17444888520399	2.26508829849964	2.18983708840619	1.51038074669932	1.17444888520399	2.05015243335709	2.68223110374130	0	2.62969754393113	1.53805884152720	2.68223110374130	1.11803398874990	1.17444888520399	0.878208403512515	1.17444888520399	1	1.17444888520399	1.27475487839820	1.17444888520399	1.52520490426696	2.00040900546412	1.30981868974297	2.55833236168717	0.279508497187474	1.17444888520399	1.38067012714841	1.17444888520399	1.90607581171369	1.17444888520399	1.00778221853732	1.86484321285058	1.16538620208067	1.95395738239146	1.18585412256314	3.09966816657791	2.03485257451246	1.17444888520399	1.12749722837797	2.97444888520399	2.18646404040862	2.80388458501164	2.08806130178211
0	1.77695927891221	1.44362594557888	0	1.29166666666667	1.30970673703508	0.976373403701749	0	1.14294787615500	1.17546280430531	0.842129470971981	0.927931069215592	0.594597735882259	0	1.24195732504700	0	0.397155278098989	0	0.679623779883746	0	1.55950549438508	1.01538820320221	0.682054869868874	0	1.35252078922981	1.50778221853732	1.17444888520399	1.45524865872714	1.12191532539381	1.50778221853732	1.17444888520399	0	1.05019651902028	0	1.17444888520399	0	1.00519215822909	0	0.971728776071898	0.825960120260133	0.492626786926799	1.38388347648318	1.05055014314985	0	0.791666666666667	0	1.11798154618869	0	1.06805448553266	0.690394327646598	0.357060994313264	0.779508497187474	0.446175163854140	1.92521928137392	1.59188594804059	0	1.18186369187901	1.80000000000000	1.46666666666667	1.62943569980765	1.29610236647432
0.955248658727140	2.89887460430602	1.88099043059767	1.12191532539381	0.845946215784432	2.43162206242889	0.534438958160799	1.12191532539381	1.40200748928100	2.29737812969912	1.13192314226718	2.04984639460940	1.27500000000000	1.12191532539381	2.02021038508369	1.12191532539381	0.845946215784432	1.12191532539381	0.445112345369122	1.12191532539381	2.00561711201316	2.13730352859601	0.838525491562421	1.12191532539381	1.84560288252918	2.62969754393113	1.53805884152720	2.57716398412095	0	2.62969754393113	0.604669331122391	1.12191532539381	1.80502770061847	1.12191532539381	1.94052183703250	1.12191532539381	0.279508497187474	1.12191532539381	0.225000000000000	1.94787544565394	0.794512429103535	2.50579880187699	1.27720397744448	1.12191532539381	0.357945526581909	1.12191532539381	0.807774721070176	1.12191532539381	1.84390889145858	1.81230965304040	1.04701957956860	1.90142382258128	0.700446286306095	3.04713460676773	0.506211418282915	1.12191532539381	1.96421103754154	2.92191532539381	1.90591185525459	2.75135102520146	0.930389703296420
0	1.77695927891221	1.44362594557888	0	1.29166666666667	1.30970673703508	0.976373403701749	0	1.14294787615500	1.17546280430531	0.842129470971981	0.927931069215592	0.594597735882259	0	1.24195732504700	0	0.397155278098989	0	0.679623779883746	0	1.55950549438508	1.01538820320221	0.682054869868874	0	1.35252078922981	1.50778221853732	1.17444888520399	1.45524865872714	1.12191532539381	1.50778221853732	1.17444888520399	0	1.05019651902028	0	1.17444888520399	0	1.00519215822909	0	0.971728776071898	0.825960120260133	0.492626786926799	1.38388347648318	1.05055014314985	0	0.791666666666667	0	1.11798154618869	0	1.06805448553266	0.690394327646598	0.357060994313264	0.779508497187474	0.446175163854140	1.92521928137392	1.59188594804059	0	1.18186369187901	1.80000000000000	1.46666666666667	1.62943569980765	1.29610236647432
1.00778221853732	2.95140816411620	2.20709084543432	1.17444888520399	1.41421356237310	2.48415562223907	0.200000000000000	1.17444888520399	0.951971638232989	2.34991168950930	1.48007601156157	2.10237995441958	1.42697231928303	1.17444888520399	1.90804219030922	1.17444888520399	0.794512429103535	1.17444888520399	0.696419413859206	1.17444888520399	2.33037014227354	2.18983708840619	1.18585412256314	1.17444888520399	2.13965534607796	2.68223110374130	1.11803398874990	2.62969754393113	0.604669331122391	2.68223110374130	0	1.17444888520399	1.65718134191766	1.17444888520399	1.80277563773199	1.17444888520399	0.353553390593274	1.17444888520399	0.742462120245875	2.00040900546412	1.04432992871027	2.55833236168717	0.838525491562421	1.17444888520399	0.728868986855663	1.17444888520399	1.33533703610736	1.17444888520399	1.73655549868123	1.86484321285058	1.17606334863391	1.95395738239146	0.883883476483184	3.09966816657791	1.00778221853732	1.17444888520399	1.86982619513152	2.97444888520399	2.23173139064718	2.80388458501164	1.48660687473185
0	1.77695927891221	1.44362594557888	0	1.29166666666667	1.30970673703508	0.976373403701749	0	1.14294787615500	1.17546280430531	0.842129470971981	0.927931069215592	0.594597735882259	0	1.24195732504700	0	0.397155278098989	0	0.679623779883746	0	1.55950549438508	1.01538820320221	0.682054869868874	0	1.35252078922981	1.50778221853732	1.17444888520399	1.45524865872714	1.12191532539381	1.50778221853732	1.17444888520399	0	1.05019651902028	0	1.17444888520399	0	1.00519215822909	0	0.971728776071898	0.825960120260133	0.492626786926799	1.38388347648318	1.05055014314985	0	0.791666666666667	0	1.11798154618869	0	1.06805448553266	0.690394327646598	0.357060994313264	0.779508497187474	0.446175163854140	1.92521928137392	1.59188594804059	0	1.18186369187901	1.80000000000000	1.46666666666667	1.62943569980765	1.29610236647432
0.883529852353615	2.82715579793249	1.52643375224737	1.05019651902028	78.4474346298208	2.35990325605536	1.49540964287382	1.05019651902028	40.0499687890016	2.22565932332560	1.32594306061761	1.97812758823587	0.851469318296320	1.05019651902028	10.4403065089106	1.05019651902028	38.4187454245971	1.05019651902028	55.2268050859363	1.05019651902028	63.8200595424354	2.06558472222249	1.32382022948737	1.05019651902028	55.7584074378026	2.55797873755760	0.878208403512515	2.50544517774742	1.80502770061847	2.55797873755760	1.65718134191766	1.05019651902028	0	1.05019651902028	5.83095189484530	1.05019651902028	65.0691939399898	1.05019651902028	67.2309452558864	1.87615663928041	1.17818716679482	2.43407999550347	1.01519702521235	1.05019651902028	60.0333240792145	1.05019651902028	71.1969100453103	1.05019651902028	5.38516480713450	1.74059084666688	0.897566153550812	1.82970501620776	1.16297033496130	2.97541580039420	2.29523963890484	1.05019651902028	10	2.85019651902028	1.53968340901628	2.67963221882793	1.94454364826301
1.38352985235361	1.52643375224737	2.82715579793249	1.38352985235361	2.67519651902028	1.49540964287382	2.35990325605536	1.38352985235361	2.52647772850861	1.32594306061761	2.22565932332560	0.851469318296320	1.97812758823587	1.38352985235361	2.62548717740061	1.38352985235361	1.78068513045260	1.38352985235361	2.06315363223736	1.38352985235361	2.94303534673869	1.32382022948737	2.06558472222249	1.38352985235361	2.73605064158342	0.878208403512515	2.55797873755760	1.80502770061847	2.50544517774742	1.65718134191766	2.55797873755760	1.38352985235361	2.43372637137390	1.38352985235361	2.55797873755760	1.38352985235361	2.38872201058270	1.38352985235361	2.35525862842551	1.17818716679482	1.87615663928041	1.01519702521235	2.43407999550347	1.38352985235361	2.17519651902028	1.38352985235361	2.50151139854230	1.38352985235361	2.45158433788628	0.897566153550812	1.74059084666688	1.16297033496130	1.82970501620776	2.29523963890484	2.97541580039420	1.38352985235361	2.56539354423263	1.53968340901628	2.85019651902028	1.94454364826301	2.67963221882793
1.00778221853732	2.95140816411620	1.53174736820404	1.17444888520399	82.4621125123532	2.48415562223907	1.64012194668567	1.17444888520399	45.2769256906871	2.34991168950930	1.40200748928100	2.10237995441958	0.928035559663529	1.17444888520399	5	1.17444888520399	43.9317652729776	1.17444888520399	60.4648658313239	1.17444888520399	63.6317530797321	2.18983708840619	1.42521928137392	1.17444888520399	55.9016994374947	2.68223110374130	1	2.62969754393113	1.94052183703250	2.68223110374130	1.80277563773199	1.17444888520399	5.83095189484530	1.17444888520399	0	1.17444888520399	70.7106781186548	1.17444888520399	72.4016574395918	2.00040900546412	1.29059094991403	2.55833236168717	1.15244305716161	1.17444888520399	65.1920240520265	1.17444888520399	75.1864349467376	1.17444888520399	5	1.86484321285058	1.00405428140116	1.95395738239146	1.28695376762338	3.09966816657791	2.42706097986845	1.17444888520399	5.83095189484530	2.97444888520399	1.54292741242095	2.80388458501164	2.03960780543711
1.50778221853732	1.53174736820404	2.95140816411620	1.50778221853732	2.79944888520399	1.64012194668567	2.48415562223907	1.50778221853732	2.65073009469232	1.40200748928100	2.34991168950930	0.928035559663529	2.10237995441958	1.50778221853732	2.74973954358431	1.50778221853732	1.90493749663631	1.50778221853732	2.18740599842107	1.50778221853732	3.06728771292240	1.42521928137392	2.18983708840619	1.50778221853732	2.86030300776713	1	2.68223110374130	1.94052183703250	2.62969754393113	1.80277563773199	2.68223110374130	1.50778221853732	2.55797873755760	1.50778221853732	2.68223110374130	1.50778221853732	2.51297437676641	1.50778221853732	2.47951099460922	1.29059094991403	2.00040900546412	1.15244305716161	2.55833236168717	1.50778221853732	2.29944888520399	1.50778221853732	2.62576376472601	1.50778221853732	2.57583670406998	1.00405428140116	1.86484321285058	1.28695376762338	1.95395738239146	2.42706097986845	3.09966816657791	1.50778221853732	2.68964591041633	1.54292741242095	2.97444888520399	2.03960780543711	2.80388458501164
0.838525491562421	2.78215143714130	1.92905417238604	1.00519215822909	42.4264068711929	2.31489889526417	0.254950975679639	1.00519215822909	45.2769256906871	2.18065496253440	1.18453577404821	1.93312322744468	1.21911853402366	1.00519215822909	74.3303437365925	1.00519215822909	27.0185121722126	1.00519215822909	16	1.00519215822909	82.1522975941635	2.02058036143130	0.883883476483184	1.00519215822909	75	2.51297437676641	1.27475487839820	2.46044081695623	0.279508497187474	2.51297437676641	0.353553390593274	1.00519215822909	65.0691939399898	1.00519215822909	70.7106781186548	1.00519215822909	0	1.00519215822909	15.5563491861040	1.83115227848922	0.776611228350453	2.38907563471227	1.00778221853732	1.00519215822909	15.8113883008419	1.00519215822909	39.4081209904761	1.00519215822909	67.2681202353686	1.69558648587569	0.972432516938836	1.78470065541656	0.637377439199098	2.93041143960301	0.760345316287278	1.00519215822909	72.3463889907437	2.80519215822909	1.95400230296691	2.63462785803674	1.13357840487546
1.33852549156242	1.92905417238604	2.78215143714130	1.33852549156242	2.63019215822909	0.254950975679639	2.31489889526417	1.33852549156242	2.48147336771742	1.18453577404821	2.18065496253440	1.21911853402366	1.93312322744468	1.33852549156242	2.58048281660942	1.33852549156242	1.73568076966141	1.33852549156242	2.01814927144617	1.33852549156242	2.89803098594750	0.883883476483184	2.02058036143130	1.33852549156242	2.69104628079223	1.27475487839820	2.51297437676641	0.279508497187474	2.46044081695623	0.353553390593274	2.51297437676641	1.33852549156242	2.38872201058270	1.33852549156242	2.51297437676641	1.33852549156242	2.34371764979151	1.33852549156242	2.31025426763432	0.776611228350453	1.83115227848922	1.00778221853732	2.38907563471227	1.33852549156242	2.13019215822909	1.33852549156242	2.45650703775111	1.33852549156242	2.40657997709509	0.972432516938836	1.69558648587569	0.637377439199098	1.78470065541656	0.760345316287278	2.93041143960301	1.33852549156242	2.52038918344144	1.95400230296691	2.80519215822909	1.13357840487546	2.63462785803674
0.805062109405231	2.74868805498411	1.65680415257809	0.971728776071898	26.8700576850888	2.28143551310698	0.617454451761423	0.971728776071898	56.3205113613149	2.14719158037721	0.908639092269312	1.89965984528749	1.08166538263920	0.971728776071898	75.2130307858951	0.971728776071898	29.7321374946370	0.971728776071898	12.0830459735946	0.971728776071898	71.2530701092942	1.98711697927411	0.618465843842649	0.971728776071898	64.9384323802169	2.47951099460922	1.52520490426696	2.42697743479904	0.225000000000000	2.47951099460922	0.742462120245875	0.971728776071898	67.2309452558864	0.971728776071898	72.4016574395918	0.971728776071898	15.5563491861040	0.971728776071898	0	1.79768889633203	0.596343022093828	2.35561225255508	1.28379320764678	0.971728776071898	7.21110255092798	0.971728776071898	24.1867732448956	0.971728776071898	68.2422156732913	1.66212310371850	0.867827747885489	1.75123727325937	0.531507290636733	2.89694805744582	0.620987117418711	0.971728776071898	72.8010988928052	2.77172877607190	1.68170300588421	2.60116447587955	0.745821694508815
1.30506210940523	1.65680415257809	2.74868805498411	1.30506210940523	2.59672877607190	0.617454451761423	2.28143551310698	1.30506210940523	2.44800998556023	0.908639092269312	2.14719158037721	1.08166538263920	1.89965984528749	1.30506210940523	2.54701943445223	1.30506210940523	1.70221738750422	1.30506210940523	1.98468588928898	1.30506210940523	2.86456760379031	0.618465843842649	1.98711697927411	1.30506210940523	2.65758289863504	1.52520490426696	2.47951099460922	0.225000000000000	2.42697743479904	0.742462120245875	2.47951099460922	1.30506210940523	2.35525862842551	1.30506210940523	2.47951099460922	1.30506210940523	2.31025426763432	1.30506210940523	2.27679088547713	0.596343022093828	1.79768889633203	1.28379320764678	2.35561225255508	1.30506210940523	2.09672877607190	1.30506210940523	2.42304365559392	1.30506210940523	2.37311659493790	0.867827747885489	1.66212310371850	0.531507290636733	1.75123727325937	0.620987117418711	2.89694805744582	1.30506210940523	2.48692580128425	1.68170300588421	2.77172877607190	0.745821694508815	2.60116447587955
0.325960120260133	2.26958606583901	1.16323901241318	0.492626786926799	0.800390529679106	1.80233352396188	0.848896342317482	0.492626786926799	1.25623445264011	1.66808959123211	0.447213595499958	1.42055785614239	0.485412195973690	0.492626786926799	1.34164078649987	0.492626786926799	0.450693909432999	0.492626786926799	0.378318648760539	0.492626786926799	1.28695376762338	1.50801499012901	0.201556443707464	0.492626786926799	1.10113577727726	2.00040900546412	1.30981868974297	1.94787544565394	0.794512429103535	2.00040900546412	1.04432992871027	0.492626786926799	1.17818716679482	0.492626786926799	1.29059094991403	0.492626786926799	0.776611228350453	0.492626786926799	0.596343022093828	1.31858690718693	0	1.87651026340998	1.15108644332213	0.492626786926799	0.436606229914325	0.492626786926799	0.625499800159840	0.492626786926799	1.17526592735432	1.18302111457340	0.291547594742265	1.27213528411427	0.167705098312484	2.41784606830072	1.20415945787923	0.492626786926799	1.27500000000000	2.29262678692680	1.18796043705167	2.12206248673445	0.803507933999410
0	1.77695927891221	1.44362594557888	0	1.29166666666667	1.30970673703508	0.976373403701749	0	1.14294787615500	1.17546280430531	0.842129470971981	0.927931069215592	0.594597735882259	0	1.24195732504700	0	0.397155278098989	0	0.679623779883746	0	1.55950549438508	1.01538820320221	0.682054869868874	0	1.35252078922981	1.50778221853732	1.17444888520399	1.45524865872714	1.12191532539381	1.50778221853732	1.17444888520399	0	1.05019651902028	0	1.17444888520399	0	1.00519215822909	0	0.971728776071898	0.825960120260133	0.492626786926799	1.38388347648318	1.05055014314985	0	0.791666666666667	0	1.11798154618869	0	1.06805448553266	0.690394327646598	0.357060994313264	0.779508497187474	0.446175163854140	1.92521928137392	1.59188594804059	0	1.18186369187901	1.80000000000000	1.46666666666667	1.62943569980765	1.29610236647432
0.883883476483184	2.82750942206206	2.12264575471274	1.05055014314985	1.85825859341481	2.36025688018493	0.770146090037468	1.05055014314985	0.125000000000000	2.22601294745517	1.55724115023974	1.97848121236544	1.24824877328199	1.05055014314985	1.27475487839820	1.05055014314985	0.700446286306095	1.05055014314985	1.03712342563458	1.05055014314985	2.22963001415033	2.06593834635206	1.35208172829900	1.05055014314985	2.01556443707464	2.55833236168717	0.279508497187474	2.50579880187699	1.27720397744448	2.55833236168717	0.838525491562421	1.05055014314985	1.01519702521235	1.05055014314985	1.15244305716161	1.05055014314985	1.00778221853732	1.05055014314985	1.28379320764678	1.87651026340998	1.15108644332213	2.43443361963304	0	1.05055014314985	1.15244305716161	1.05055014314985	1.71354894881938	1.05055014314985	1.13192314226718	1.74094447079645	1.06301458127347	1.83005864033733	1.00778221853732	2.97576942452377	1.76776695296637	1.05055014314985	1.26219055613643	2.85055014314985	2.14388665745184	2.67998584295750	1.89423467395146
0	1.77695927891221	1.44362594557888	0	1.29166666666667	1.30970673703508	0.976373403701749	0	1.14294787615500	1.17546280430531	0.842129470971981	0.927931069215592	0.594597735882259	0	1.24195732504700	0	0.397155278098989	0	0.679623779883746	0	1.55950549438508	1.01538820320221	0.682054869868874	0	1.35252078922981	1.50778221853732	1.17444888520399	1.45524865872714	1.12191532539381	1.50778221853732	1.17444888520399	0	1.05019651902028	0	1.17444888520399	0	1.00519215822909	0	0.971728776071898	0.825960120260133	0.492626786926799	1.38388347648318	1.05055014314985	0	0.791666666666667	0	1.11798154618869	0	1.06805448553266	0.690394327646598	0.357060994313264	0.779508497187474	0.446175163854140	1.92521928137392	1.59188594804059	0	1.18186369187901	1.80000000000000	1.46666666666667	1.62943569980765	1.29610236647432
0.625000000000000	2.56862594557888	1.55000000000000	0.791666666666667	29.1547594742265	2.10137340370175	0.566789202437732	0.791666666666667	50.9901951359279	1.96712947097198	0.800390529679106	1.71959773588226	0.917877987534291	0.791666666666667	68.0073525436772	0.791666666666667	22.8035085019828	0.791666666666667	5.09901951359278	0.791666666666667	67	1.80705486986887	0.500000000000000	0.791666666666667	60.2079728939615	2.29944888520399	1.38067012714841	2.24691532539381	0.357945526581909	2.29944888520399	0.728868986855663	0.791666666666667	60.0333240792145	0.791666666666667	65.1920240520265	0.791666666666667	15.8113883008419	0.791666666666667	7.21110255092798	1.61762678692680	0.436606229914325	2.17555014314985	1.15244305716161	0.791666666666667	0	0.791666666666667	24.7588368062799	0.791666666666667	61.0327780786685	1.48206099431326	0.695071938722892	1.57117516385414	0.353553390593274	2.71688594804059	0.800390529679106	0.791666666666667	65.6048778674269	2.59166666666667	1.57500000000000	2.42110236647432	0.785015923405379
1.12500000000000	1.55000000000000	2.56862594557888	1.12500000000000	2.41666666666667	0.566789202437732	2.10137340370175	1.12500000000000	2.26794787615500	0.800390529679106	1.96712947097198	0.917877987534291	1.71959773588226	1.12500000000000	2.36695732504700	1.12500000000000	1.52215527809899	1.12500000000000	1.80462377988375	1.12500000000000	2.68450549438508	0.500000000000000	1.80705486986887	1.12500000000000	2.47752078922981	1.38067012714841	2.29944888520399	0.357945526581909	2.24691532539381	0.728868986855663	2.29944888520399	1.12500000000000	2.17519651902028	1.12500000000000	2.29944888520399	1.12500000000000	2.13019215822909	1.12500000000000	2.09672877607190	0.436606229914325	1.61762678692680	1.15244305716161	2.17555014314985	1.12500000000000	1.91666666666667	1.12500000000000	2.24298154618869	1.12500000000000	2.19305448553266	0.695071938722892	1.48206099431326	0.353553390593274	1.57117516385414	0.800390529679106	2.71688594804059	1.12500000000000	2.30686369187901	1.57500000000000	2.59166666666667	0.785015923405379	2.42110236647432
0.951314879522022	2.89494082510090	1.21166208160526	1.11798154618869	7.28010988928052	2.42768828322377	1.18453577404821	1.11798154618869	73.1641988953614	2.29344435049400	0.566789202437732	2.04591261540428	0.975000000000000	1.11798154618869	76.5375724726098	1.11798154618869	41.4849370253831	1.11798154618869	28.0178514522438	1.11798154618869	53.1413210223457	2.13336974939090	0.456207189772367	1.11798154618869	48.7647413609464	2.62576376472601	1.90607581171369	2.57323020491583	0.807774721070176	2.62576376472601	1.33533703610736	1.11798154618869	71.1969100453103	1.11798154618869	75.1864349467376	1.11798154618869	39.4081209904761	1.11798154618869	24.1867732448956	1.94394166644882	0.625499800159840	2.50186502267187	1.71354894881938	1.11798154618869	24.7588368062799	1.11798154618869	0	1.11798154618869	70.3420215802759	1.80837587383529	0.883883476483184	1.89749004337616	0.721543484483091	3.04320082756261	0.941408519188137	1.11798154618869	73.6817480791546	2.91798154618869	1.23490890352285	2.74741724599634	0.182002747232013
1.45131487952202	1.21166208160526	2.89494082510090	1.45131487952202	2.74298154618869	1.18453577404821	2.42768828322377	1.45131487952202	2.59426275567702	0.566789202437732	2.29344435049400	0.975000000000000	2.04591261540428	1.45131487952202	2.69327220456902	1.45131487952202	1.84847015762101	1.45131487952202	2.13093865940577	1.45131487952202	3.01082037390710	0.456207189772367	2.13336974939090	1.45131487952202	2.80383566875183	1.90607581171369	2.62576376472601	0.807774721070176	2.57323020491583	1.33533703610736	2.62576376472601	1.45131487952202	2.50151139854230	1.45131487952202	2.62576376472601	1.45131487952202	2.45650703775111	1.45131487952202	2.42304365559392	0.625499800159840	1.94394166644882	1.71354894881938	2.50186502267187	1.45131487952202	2.24298154618869	1.45131487952202	2.56929642571071	1.45131487952202	2.51936936505469	0.883883476483184	1.80837587383529	0.721543484483091	1.89749004337616	0.941408519188137	3.04320082756261	1.45131487952202	2.63317857140104	1.23490890352285	2.91798154618869	0.182002747232013	2.74741724599634
0.901387818865997	2.84501376444488	1.42060726451754	1.06805448553266	77.6208734813001	2.37776122256775	1.56704339442148	1.06805448553266	45	2.24351728983798	1.27720397744448	1.99598555474826	0.803507933999410	1.06805448553266	7.07106781186548	1.06805448553266	40.3112887414927	1.06805448553266	56.4003546088143	1.06805448553266	59.3632883186233	2.08344268873487	1.30503831361382	1.06805448553266	51.4781507049350	2.57583670406998	1.00778221853732	2.52330314425980	1.84390889145858	2.57583670406998	1.73655549868123	1.06805448553266	5.38516480713450	1.06805448553266	5	1.06805448553266	67.2681202353686	1.06805448553266	68.2422156732913	1.89401460579280	1.17526592735432	2.45193796201585	1.13192314226718	1.06805448553266	61.0327780786685	1.06805448553266	70.3420215802759	1.06805448553266	0	1.75844881317926	0.886707392548410	1.84756298272014	1.17924764150708	2.99327376690659	2.32513440471728	1.06805448553266	5.38516480713450	2.86805448553266	1.43265487818944	2.69749018534032	1.91719195700378
1.40138781886600	1.42060726451754	2.84501376444488	1.40138781886600	2.69305448553266	1.56704339442148	2.37776122256775	1.40138781886600	2.54433569502100	1.27720397744448	2.24351728983798	0.803507933999410	1.99598555474826	1.40138781886600	2.64334514391299	1.40138781886600	1.79854309696499	1.40138781886600	2.08101159874974	1.40138781886600	2.96089331325108	1.30503831361382	2.08344268873487	1.40138781886600	2.75390860809581	1.00778221853732	2.57583670406998	1.84390889145858	2.52330314425980	1.73655549868123	2.57583670406998	1.40138781886600	2.45158433788628	1.40138781886600	2.57583670406998	1.40138781886600	2.40657997709509	1.40138781886600	2.37311659493790	1.17526592735432	1.89401460579280	1.13192314226718	2.45193796201585	1.40138781886600	2.19305448553266	1.40138781886600	2.51936936505469	1.40138781886600	2.46944230439866	0.886707392548410	1.75844881317926	1.17924764150708	1.84756298272014	2.32513440471728	2.99327376690659	1.40138781886600	2.58325151074501	1.43265487818944	2.86805448553266	1.91719195700378	2.69749018534032
0.190394327646598	2.13402027322548	1.08656569060504	0.357060994313264	1.06448344280219	1.66676773134835	0.976281209488332	0.357060994313264	1.14918449345612	1.53252379861858	0.514781507049350	1.28499206352886	0.251246890528022	0.357060994313264	1.05118980208143	0.357060994313264	0.419076365356005	0.357060994313264	0.604669331122391	0.357060994313264	1.20260134708057	1.37244919751547	0.427931069215592	0.357060994313264	0.996242942258564	1.86484321285058	1.16538620208067	1.81230965304040	1.04701957956860	1.86484321285058	1.17606334863391	0.357060994313264	0.897566153550812	0.357060994313264	1.00405428140116	0.357060994313264	0.972432516938836	0.357060994313264	0.867827747885489	1.18302111457340	0.291547594742265	1.74094447079645	1.06301458127347	0.357060994313264	0.695071938722892	0.357060994313264	0.883883476483184	0.357060994313264	0.886707392548410	1.04745532195986	0	1.13656949150074	0.347311099736245	2.28228027568719	1.48492424049175	0.357060994313264	0.983933432707722	2.15706099431326	1.10961705105861	1.98649669412092	1.05267516357137
0	1.77695927891221	1.44362594557888	0	1.29166666666667	1.30970673703508	0.976373403701749	0	1.14294787615500	1.17546280430531	0.842129470971981	0.927931069215592	0.594597735882259	0	1.24195732504700	0	0.397155278098989	0	0.679623779883746	0	1.55950549438508	1.01538820320221	0.682054869868874	0	1.35252078922981	1.50778221853732	1.17444888520399	1.45524865872714	1.12191532539381	1.50778221853732	1.17444888520399	0	1.05019651902028	0	1.17444888520399	0	1.00519215822909	0	0.971728776071898	0.825960120260133	0.492626786926799	1.38388347648318	1.05055014314985	0	0.791666666666667	0	1.11798154618869	0	1.06805448553266	0.690394327646598	0.357060994313264	0.779508497187474	0.446175163854140	1.92521928137392	1.59188594804059	0	1.18186369187901	1.80000000000000	1.46666666666667	1.62943569980765	1.29610236647432
0.279508497187474	2.22313444276635	1.32382022948737	0.446175163854140	0.883883476483184	1.75588190088922	0.686476510887299	0.446175163854140	1.11803398874990	1.62163796815946	0.614918693812442	1.37410623306973	0.585234995535981	0.446175163854140	1.35208172829900	0.446175163854140	0.316227766016838	0.446175163854140	0.257390753524675	0.446175163854140	1.44676362962303	1.46156336705635	0.353553390593274	0.446175163854140	1.25623445264011	1.95395738239146	1.18585412256314	1.90142382258128	0.700446286306095	1.95395738239146	0.883883476483184	0.446175163854140	1.16297033496130	0.446175163854140	1.28695376762338	0.446175163854140	0.637377439199098	0.446175163854140	0.531507290636733	1.27213528411427	0.167705098312484	1.83005864033732	1.00778221853732	0.446175163854140	0.353553390593274	0.446175163854140	0.721543484483091	0.446175163854140	1.17924764150708	1.13656949150074	0.347311099736245	1.22568366104161	0	2.37139444522806	1.15244305716161	0.446175163854140	1.29034879005639	2.24617516385414	1.34837865601618	2.07561086366179	0.903465549979633
0	1.77695927891221	1.44362594557888	0	1.29166666666667	1.30970673703508	0.976373403701749	0	1.14294787615500	1.17546280430531	0.842129470971981	0.927931069215592	0.594597735882259	0	1.24195732504700	0	0.397155278098989	0	0.679623779883746	0	1.55950549438508	1.01538820320221	0.682054869868874	0	1.35252078922981	1.50778221853732	1.17444888520399	1.45524865872714	1.12191532539381	1.50778221853732	1.17444888520399	0	1.05019651902028	0	1.17444888520399	0	1.00519215822909	0	0.971728776071898	0.825960120260133	0.492626786926799	1.38388347648318	1.05055014314985	0	0.791666666666667	0	1.11798154618869	0	1.06805448553266	0.690394327646598	0.357060994313264	0.779508497187474	0.446175163854140	1.92521928137392	1.59188594804059	0	1.18186369187901	1.80000000000000	1.46666666666667	1.62943569980765	1.29610236647432
1.42521928137392	3.36884522695280	2.14315771701478	1.59188594804059	0.875000000000000	2.90159268507567	1.00280855600658	1.59188594804059	1.89159324380269	2.76734875234590	1.43178210632764	2.51981701725618	1.68689804078373	1.59188594804059	2.50000000000000	1.59188594804059	1.34280490019958	1.59188594804059	0.915491671180028	1.59188594804059	2.26301789652667	2.60727415124280	1.17924764150708	1.59188594804059	2.13600093632938	3.09966816657791	2.03485257451246	3.04713460676773	0.506211418282915	3.09966816657791	1.00778221853732	1.59188594804059	2.29523963890484	1.59188594804059	2.42706097986845	1.59188594804059	0.760345316287278	1.59188594804059	0.620987117418711	2.41784606830072	1.20415945787923	2.97576942452377	1.76776695296637	1.59188594804059	0.800390529679106	1.59188594804059	0.941408519188137	1.59188594804059	2.32513440471728	2.28228027568719	1.48492424049175	2.37139444522806	1.15244305716161	3.51710522941451	0	1.59188594804059	2.44041492373736	3.39188594804059	2.16708329327693	3.22132164784824	0.975000000000000
0	1.77695927891221	1.44362594557888	0	1.29166666666667	1.30970673703508	0.976373403701749	0	1.14294787615500	1.17546280430531	0.842129470971981	0.927931069215592	0.594597735882259	0	1.24195732504700	0	0.397155278098989	0	0.679623779883746	0	1.55950549438508	1.01538820320221	0.682054869868874	0	1.35252078922981	1.50778221853732	1.17444888520399	1.45524865872714	1.12191532539381	1.50778221853732	1.17444888520399	0	1.05019651902028	0	1.17444888520399	0	1.00519215822909	0	0.971728776071898	0.825960120260133	0.492626786926799	1.38388347648318	1.05055014314985	0	0.791666666666667	0	1.11798154618869	0	1.06805448553266	0.690394327646598	0.357060994313264	0.779508497187474	0.446175163854140	1.92521928137392	1.59188594804059	0	1.18186369187901	1.80000000000000	1.46666666666667	1.62943569980765	1.29610236647432
1.01519702521235	2.95882297079123	1.41155942134931	1.18186369187901	80.9567785920364	2.49157042891410	1.69889670080320	1.18186369187901	50.0399840127872	2.35732649618433	1.34000932832574	2.10979476109461	0.873212459828649	1.18186369187901	3	1.18186369187901	45.3431361950185	1.18186369187901	61.0737259384099	1.18186369187901	58.5918083011610	2.19725189508122	1.39283882771841	1.18186369187901	51.0783711564885	2.68964591041633	1.12749722837797	2.63711235060615	1.96421103754154	2.68964591041633	1.86982619513152	1.18186369187901	10	1.18186369187901	5.83095189484530	1.18186369187901	72.3463889907437	1.18186369187901	72.8010988928052	2.00782381213915	1.27500000000000	2.56574716836220	1.26219055613643	1.18186369187901	65.6048778674269	1.18186369187901	73.6817480791546	1.18186369187901	5.38516480713450	1.87225801952561	0.983933432707722	1.96137218906649	1.29034879005639	3.10708297325294	2.44041492373736	1.18186369187901	0	2.98186369187901	1.42148689758295	2.81129939168667	1.99530699392349
1.51519702521235	1.41155942134931	2.95882297079123	1.51519702521235	2.80686369187901	1.69889670080320	2.49157042891410	1.51519702521235	2.65814490136735	1.34000932832574	2.35732649618433	0.873212459828649	2.10979476109461	1.51519702521235	2.75715435025934	1.51519702521235	1.91235230331134	1.51519702521235	2.19482080509609	1.51519702521235	3.07470251959743	1.39283882771841	2.19725189508122	1.51519702521235	2.86771781444216	1.12749722837797	2.68964591041633	1.96421103754154	2.63711235060615	1.86982619513152	2.68964591041633	1.51519702521235	2.56539354423263	1.51519702521235	2.68964591041633	1.51519702521235	2.52038918344144	1.51519702521235	2.48692580128425	1.27500000000000	2.00782381213915	1.26219055613643	2.56574716836220	1.51519702521235	2.30686369187901	1.51519702521235	2.63317857140104	1.51519702521235	2.58325151074501	0.983933432707722	1.87225801952561	1.29034879005639	1.96137218906649	2.44041492373736	3.10708297325294	1.51519702521235	2.69706071709136	1.42148689758295	2.98186369187901	1.99530699392349	2.81129939168667
1.30000000000000	3.24362594557888	0.0250000000000000	1.46666666666667	1.35300591277348	2.77637340370175	2.03485257451246	1.46666666666667	2.21204091282237	2.64212947097198	0.775403120963541	2.39459773588226	0.896172416446746	1.46666666666667	1.49038585607889	1.46666666666667	1.52745703703901	1.46666666666667	1.55503215400840	1.46666666666667	0.100000000000000	2.48205486986887	1.07500000000000	1.46666666666667	0.145773797371133	2.97444888520399	2.18646404040862	2.92191532539381	1.90591185525459	2.97444888520399	2.23173139064718	1.46666666666667	1.53968340901628	1.46666666666667	1.54292741242095	1.46666666666667	1.95400230296691	1.46666666666667	1.68170300588421	2.29262678692680	1.18796043705167	2.85055014314985	2.14388665745184	1.46666666666667	1.57500000000000	1.46666666666667	1.23490890352285	1.46666666666667	1.43265487818944	2.15706099431326	1.10961705105861	2.24617516385414	1.34837865601618	3.39188594804059	2.16708329327693	1.46666666666667	1.42148689758295	3.26666666666667	0	3.09610236647432	1.26515809288800
0	1.77695927891221	1.44362594557888	0	1.29166666666667	1.30970673703508	0.976373403701749	0	1.14294787615500	1.17546280430531	0.842129470971981	0.927931069215592	0.594597735882259	0	1.24195732504700	0	0.397155278098989	0	0.679623779883746	0	1.55950549438508	1.01538820320221	0.682054869868874	0	1.35252078922981	1.50778221853732	1.17444888520399	1.45524865872714	1.12191532539381	1.50778221853732	1.17444888520399	0	1.05019651902028	0	1.17444888520399	0	1.00519215822909	0	0.971728776071898	0.825960120260133	0.492626786926799	1.38388347648318	1.05055014314985	0	0.791666666666667	0	1.11798154618869	0	1.06805448553266	0.690394327646598	0.357060994313264	0.779508497187474	0.446175163854140	1.92521928137392	1.59188594804059	0	1.18186369187901	1.80000000000000	1.46666666666667	1.62943569980765	1.29610236647432
1.12943569980765	3.07306164538653	1.24348301154459	1.29610236647432	0.100000000000000	2.60580910350940	1.34536240470737	1.29610236647432	2.01028604929746	2.47156517077963	0.682367203197809	2.22403343568991	1.12305387226081	1.29610236647432	2.06775844817522	1.29610236647432	1.21911853402366	1.29610236647432	0.874642784226795	1.29610236647432	1.35300591277348	2.31149056967653	0.625499800159840	1.29610236647432	1.27008857958805	2.80388458501164	2.08806130178211	2.75135102520146	0.930389703296420	2.80388458501164	1.48660687473185	1.29610236647432	1.94454364826301	1.29610236647432	2.03960780543711	1.29610236647432	1.13357840487546	1.29610236647432	0.745821694508815	2.12206248673445	0.803507933999410	2.67998584295750	1.89423467395146	1.29610236647432	0.785015923405379	1.29610236647432	0.182002747232013	1.29610236647432	1.91719195700378	1.98649669412092	1.05267516357137	2.07561086366179	0.903465549979633	3.22132164784824	0.975000000000000	1.29610236647432	1.99530699392349	3.09610236647432	1.26515809288800	2.92553806628197	0
0	1.77695927891221	1.44362594557888	0	1.29166666666667	1.30970673703508	0.976373403701749	0	1.14294787615500	1.17546280430531	0.842129470971981	0.927931069215592	0.594597735882259	0	1.24195732504700	0	0.397155278098989	0	0.679623779883746	0	1.55950549438508	1.01538820320221	0.682054869868874	0	1.35252078922981	1.50778221853732	1.17444888520399	1.45524865872714	1.12191532539381	1.50778221853732	1.17444888520399	0	1.05019651902028	0	1.17444888520399	0	1.00519215822909	0	0.971728776071898	0.825960120260133	0.492626786926799	1.38388347648318	1.05055014314985	0	0.791666666666667	0	1.11798154618869	0	1.06805448553266	0.690394327646598	0.357060994313264	0.779508497187474	0.446175163854140	1.92521928137392	1.59188594804059	0	1.18186369187901	1.80000000000000	1.46666666666667	1.62943569980765	1.29610236647432

tasktime
0
0.166666666666667
1.94362594557888
1.79166666666667
0.166666666666667
0.166666666666667
1.47637340370175
1.64294787615500
0.166666666666667
0.166666666666667
1.34212947097198
0.166666666666667
1.09459773588226
1.74195732504700
0.166666666666667
0.897155278098989
0.166666666666667
1.17962377988375
0.166666666666667
2.05950549438508
0.166666666666667
0.166666666666667
1.18205486986887
1.85252078922981
0.166666666666667
0.166666666666667
1.67444888520399
0.166666666666667
1.62191532539381
0.166666666666667
1.67444888520399
1.55019651902028
0.166666666666667
1.67444888520399
0.166666666666667
1.50519215822909
0.166666666666667
1.47172877607190
0.166666666666667
0.166666666666667
0.992626786926799
0.166666666666667
1.55055014314985
1.29166666666667
0.166666666666667
1.61798154618869
0.166666666666667
1.56805448553266
0.166666666666667
0.166666666666667
0.857060994313264
0.166666666666667
0.946175163854140
0.166666666666667
2.09188594804059
1.68186369187901
0.166666666666667
0.166666666666667
1.96666666666667
0.166666666666667
1.79610236647432


1
4	2	4	0	0
2	5	1	0	1
6	2	4	0	0
2	7	1	0	1
8	2	4	0	0
9	2	4	0	0
2	10	1	0	1
2	11	1	0	1
2	12	1	0	1
2	13	1	0	1
14	2	4	0	0
2	15	1	0	1
16	2	4	0	0
17	2	4	0	0
18	2	4	0	0
2	19	1	0	1
2	20	1	0	1
2	21	1	0	1
2	22	1	0	1
23	2	4	0	0
24	2	4	0	0
2	25	1	0	1
2	26	1	0	1
2	27	1	0	1
28	2	4	0	0
29	2	4	0	0
30	2	4	0	0
2	31	1	0	1
32	2	4	0	0
33	2	4	0	0

2
3	4	3	0	1
5	3	2	0	0
3	6	3	0	1
7	3	2	0	0
3	8	3	0	1
3	9	3	0	1
10	3	2	0	0
11	3	2	0	0
12	3	2	0	0
13	3	2	0	0
3	14	3	0	1
15	3	2	0	0
3	16	3	0	1
3	17	3	0	1
3	18	3	0	1
19	3	2	0	0
20	3	2	0	0
21	3	2	0	0
22	3	2	0	0
3	23	3	0	1
3	24	3	0	1
25	3	2	0	0
26	3	2	0	0
27	3	2	0	0
3	28	3	0	1
3	29	3	0	1
3	30	3	0	1
31	3	2	0	0
3	32	3	0	1
3	33	3	0	1


linktime1
0	1.27695927891221	0	0.809706737035082	0	0.675462804305315	0.427931069215592	0	0	0	0	0.515388203202208	0	1.00778221853732	0.955248658727140	1.00778221853732	0	0	0	0	0.325960120260133	0.883883476483184	0	0	0	0.190394327646598	0.279508497187474	1.42521928137392	0	1.30000000000000	1.12943569980765
0	1.44362594557888	0	0.976373403701749	0	0.842129470971981	0.594597735882259	0	0	0	0	0.682054869868874	0	1.17444888520399	1.12191532539381	1.17444888520399	0	0	0	0	0.492626786926799	1.05055014314985	0	0	0	0.357060994313264	0.446175163854140	1.59188594804059	0	1.46666666666667	1.29610236647432
1.12500000000000	1.33088316542062	1.29166666666667	1.28062484748657	1.29166666666667	0.735272058492637	1.15596280216969	1.29166666666667	1.29166666666667	1.29166666666667	1.29166666666667	0.637377439199098	1.29166666666667	2.06155281280883	0.845946215784432	1.41421356237310	1.29166666666667	1.29166666666667	1.29166666666667	1.29166666666667	0.800390529679106	1.85825859341481	1.29166666666667	1.29166666666667	1.29166666666667	1.06448344280219	0.883883476483184	0.875000000000000	1.29166666666667	1.35300591277348	0.100000000000000
0	1.44362594557888	0	0.976373403701749	0	0.842129470971981	0.594597735882259	0	0	0	0	0.682054869868874	0	1.17444888520399	1.12191532539381	1.17444888520399	0	0	0	0	0.492626786926799	1.05055014314985	0	0	0	0.357060994313264	0.446175163854140	1.59188594804059	0	1.46666666666667	1.29610236647432
0.976281209488332	2.19146070008111	1.14294787615500	0.892328414878738	1.14294787615500	1.65170366591589	1.32003787824441	1.14294787615500	1.14294787615500	1.14294787615500	1.14294787615500	1.45773797371133	1.14294787615500	0.176776695296637	1.40200748928100	0.951971638232989	1.14294787615500	1.14294787615500	1.14294787615500	1.14294787615500	1.25623445264011	0.125000000000000	1.14294787615500	1.14294787615500	1.14294787615500	1.14918449345612	1.11803398874990	1.89159324380269	1.14294787615500	2.21204091282237	2.01028604929746
0	1.44362594557888	0	0.976373403701749	0	0.842129470971981	0.594597735882259	0	0	0	0	0.682054869868874	0	1.17444888520399	1.12191532539381	1.17444888520399	0	0	0	0	0.492626786926799	1.05055014314985	0	0	0	0.357060994313264	0.446175163854140	1.59188594804059	0	1.46666666666667	1.29610236647432
0	1.44362594557888	0	0.976373403701749	0	0.842129470971981	0.594597735882259	0	0	0	0	0.682054869868874	0	1.17444888520399	1.12191532539381	1.17444888520399	0	0	0	0	0.492626786926799	1.05055014314985	0	0	0	0.357060994313264	0.446175163854140	1.59188594804059	0	1.46666666666667	1.29610236647432
1.07529065838033	1.48092032196199	1.24195732504700	1.74086903585537	1.24195732504700	1.41421356237310	0.946374661537385	1.24195732504700	1.24195732504700	1.24195732504700	1.24195732504700	1.46308748883995	1.24195732504700	1.12500000000000	2.02021038508369	1.90804219030922	1.24195732504700	1.24195732504700	1.24195732504700	1.24195732504700	1.34164078649987	1.27475487839820	1.24195732504700	1.24195732504700	1.24195732504700	1.05118980208143	1.35208172829900	2.50000000000000	1.24195732504700	1.49038585607889	2.06775844817522
0.230488611432322	1.50416089564913	0.397155278098989	0.601040764008565	0.397155278098989	0.867827747885489	0.657647321898295	0.397155278098989	0.397155278098989	0.397155278098989	0.397155278098989	0.651920240520265	0.397155278098989	0.869626356546304	0.845946215784432	0.794512429103535	0.397155278098989	0.397155278098989	0.397155278098989	0.397155278098989	0.450693909432999	0.700446286306095	0.397155278098989	0.397155278098989	0.397155278098989	0.419076365356005	0.316227766016838	1.34280490019958	0.397155278098989	1.52745703703901	1.21911853402366
0.512957113217080	1.53011437480994	0.679623779883746	0.514781507049350	0.679623779883746	0.789382670192347	0.840386815698581	0.679623779883746	0.679623779883746	0.679623779883746	0.679623779883746	0.491172067609713	0.679623779883746	1.25896783120142	0.445112345369122	0.696419413859206	0.679623779883746	0.679623779883746	0.679623779883746	0.679623779883746	0.378318648760539	1.03712342563458	0.679623779883746	0.679623779883746	0.679623779883746	0.604669331122391	0.257390753524675	0.915491671180028	0.679623779883746	1.55503215400840	0.874642784226795
1.39283882771841	0.125000000000000	1.55950549438508	2.13321939799918	1.55950549438508	0.875357070000580	0.983933432707722	1.55950549438508	1.55950549438508	1.55950549438508	1.55950549438508	1.17500000000000	1.55950549438508	2.26508829849964	2.00561711201316	2.33037014227354	1.55950549438508	1.55950549438508	1.55950549438508	1.55950549438508	1.28695376762338	2.22963001415033	1.55950549438508	1.55950549438508	1.55950549438508	1.20260134708057	1.44676362962303	2.26301789652667	1.55950549438508	0.100000000000000	1.35300591277348
0	1.44362594557888	0	0.976373403701749	0	0.842129470971981	0.594597735882259	0	0	0	0	0.682054869868874	0	1.17444888520399	1.12191532539381	1.17444888520399	0	0	0	0	0.492626786926799	1.05055014314985	0	0	0	0.357060994313264	0.446175163854140	1.59188594804059	0	1.46666666666667	1.29610236647432
1.18585412256314	0.134629120178363	1.35252078922981	1.94116588678042	1.35252078922981	0.715891053163818	0.771767452021657	1.35252078922981	1.35252078922981	1.35252078922981	1.35252078922981	1.00778221853732	1.35252078922981	2.05015243335709	1.84560288252918	2.13965534607796	1.35252078922981	1.35252078922981	1.35252078922981	1.35252078922981	1.10113577727726	2.01556443707464	1.35252078922981	1.35252078922981	1.35252078922981	0.996242942258564	1.25623445264011	2.13600093632938	1.35252078922981	0.145773797371133	1.27008857958805
0	1.44362594557888	0	0.976373403701749	0	0.842129470971981	0.594597735882259	0	0	0	0	0.682054869868874	0	1.17444888520399	1.12191532539381	1.17444888520399	0	0	0	0	0.492626786926799	1.05055014314985	0	0	0	0.357060994313264	0.446175163854140	1.59188594804059	0	1.46666666666667	1.29610236647432
0	1.44362594557888	0	0.976373403701749	0	0.842129470971981	0.594597735882259	0	0	0	0	0.682054869868874	0	1.17444888520399	1.12191532539381	1.17444888520399	0	0	0	0	0.492626786926799	1.05055014314985	0	0	0	0.357060994313264	0.446175163854140	1.59188594804059	0	1.46666666666667	1.29610236647432
0	1.44362594557888	0	0.976373403701749	0	0.842129470971981	0.594597735882259	0	0	0	0	0.682054869868874	0	1.17444888520399	1.12191532539381	1.17444888520399	0	0	0	0	0.492626786926799	1.05055014314985	0	0	0	0.357060994313264	0.446175163854140	1.59188594804059	0	1.46666666666667	1.29610236647432
0.883529852353615	1.52643375224737	1.05019651902028	1.49540964287382	1.05019651902028	1.32594306061761	0.851469318296320	1.05019651902028	1.05019651902028	1.05019651902028	1.05019651902028	1.32382022948737	1.05019651902028	0.878208403512515	1.80502770061847	1.65718134191766	1.05019651902028	1.05019651902028	1.05019651902028	1.05019651902028	1.17818716679482	1.01519702521235	1.05019651902028	1.05019651902028	1.05019651902028	0.897566153550812	1.16297033496130	2.29523963890484	1.05019651902028	1.53968340901628	1.94454364826301
1.00778221853732	1.53174736820404	1.17444888520399	1.64012194668567	1.17444888520399	1.40200748928100	0.928035559663529	1.17444888520399	1.17444888520399	1.17444888520399	1.17444888520399	1.42521928137392	1.17444888520399	1	1.94052183703250	1.80277563773199	1.17444888520399	1.17444888520399	1.17444888520399	1.17444888520399	1.29059094991403	1.15244305716161	1.17444888520399	1.17444888520399	1.17444888520399	1.00405428140116	1.28695376762338	2.42706097986845	1.17444888520399	1.54292741242095	2.03960780543711
0.838525491562421	1.92905417238604	1.00519215822909	0.254950975679639	1.00519215822909	1.18453577404821	1.21911853402366	1.00519215822909	1.00519215822909	1.00519215822909	1.00519215822909	0.883883476483184	1.00519215822909	1.27475487839820	0.279508497187474	0.353553390593274	1.00519215822909	1.00519215822909	1.00519215822909	1.00519215822909	0.776611228350453	1.00778221853732	1.00519215822909	1.00519215822909	1.00519215822909	0.972432516938836	0.637377439199098	0.760345316287278	1.00519215822909	1.95400230296691	1.13357840487546
0.805062109405231	1.65680415257809	0.971728776071898	0.617454451761423	0.971728776071898	0.908639092269312	1.08166538263920	0.971728776071898	0.971728776071898	0.971728776071898	0.971728776071898	0.618465843842649	0.971728776071898	1.52520490426696	0.225000000000000	0.742462120245875	0.971728776071898	0.971728776071898	0.971728776071898	0.971728776071898	0.596343022093828	1.28379320764678	0.971728776071898	0.971728776071898	0.971728776071898	0.867827747885489	0.531507290636733	0.620987117418711	0.971728776071898	1.68170300588421	0.745821694508815
0	1.44362594557888	0	0.976373403701749	0	0.842129470971981	0.594597735882259	0	0	0	0	0.682054869868874	0	1.17444888520399	1.12191532539381	1.17444888520399	0	0	0	0	0.492626786926799	1.05055014314985	0	0	0	0.357060994313264	0.446175163854140	1.59188594804059	0	1.46666666666667	1.29610236647432
0	1.44362594557888	0	0.976373403701749	0	0.842129470971981	0.594597735882259	0	0	0	0	0.682054869868874	0	1.17444888520399	1.12191532539381	1.17444888520399	0	0	0	0	0.492626786926799	1.05055014314985	0	0	0	0.357060994313264	0.446175163854140	1.59188594804059	0	1.46666666666667	1.29610236647432
0.625000000000000	1.55000000000000	0.791666666666667	0.566789202437732	0.791666666666667	0.800390529679106	0.917877987534291	0.791666666666667	0.791666666666667	0.791666666666667	0.791666666666667	0.500000000000000	0.791666666666667	1.38067012714841	0.357945526581909	0.728868986855663	0.791666666666667	0.791666666666667	0.791666666666667	0.791666666666667	0.436606229914325	1.15244305716161	0.791666666666667	0.791666666666667	0.791666666666667	0.695071938722892	0.353553390593274	0.800390529679106	0.791666666666667	1.57500000000000	0.785015923405379
0.951314879522022	1.21166208160526	1.11798154618869	1.18453577404821	1.11798154618869	0.566789202437732	0.975000000000000	1.11798154618869	1.11798154618869	1.11798154618869	1.11798154618869	0.456207189772367	1.11798154618869	1.90607581171369	0.807774721070176	1.33533703610736	1.11798154618869	1.11798154618869	1.11798154618869	1.11798154618869	0.625499800159840	1.71354894881938	1.11798154618869	1.11798154618869	1.11798154618869	0.883883476483184	0.721543484483091	0.941408519188137	1.11798154618869	1.23490890352285	0.182002747232013
0.901387818865997	1.42060726451754	1.06805448553266	1.56704339442148	1.06805448553266	1.27720397744448	0.803507933999410	1.06805448553266	1.06805448553266	1.06805448553266	1.06805448553266	1.30503831361382	1.06805448553266	1.00778221853732	1.84390889145858	1.73655549868123	1.06805448553266	1.06805448553266	1.06805448553266	1.06805448553266	1.17526592735432	1.13192314226718	1.06805448553266	1.06805448553266	1.06805448553266	0.886707392548410	1.17924764150708	2.32513440471728	1.06805448553266	1.43265487818944	1.91719195700378
0	1.44362594557888	0	0.976373403701749	0	0.842129470971981	0.594597735882259	0	0	0	0	0.682054869868874	0	1.17444888520399	1.12191532539381	1.17444888520399	0	0	0	0	0.492626786926799	1.05055014314985	0	0	0	0.357060994313264	0.446175163854140	1.59188594804059	0	1.46666666666667	1.29610236647432
0	1.44362594557888	0	0.976373403701749	0	0.842129470971981	0.594597735882259	0	0	0	0	0.682054869868874	0	1.17444888520399	1.12191532539381	1.17444888520399	0	0	0	0	0.492626786926799	1.05055014314985	0	0	0	0.357060994313264	0.446175163854140	1.59188594804059	0	1.46666666666667	1.29610236647432
0	1.44362594557888	0	0.976373403701749	0	0.842129470971981	0.594597735882259	0	0	0	0	0.682054869868874	0	1.17444888520399	1.12191532539381	1.17444888520399	0	0	0	0	0.492626786926799	1.05055014314985	0	0	0	0.357060994313264	0.446175163854140	1.59188594804059	0	1.46666666666667	1.29610236647432
1.01519702521235	1.41155942134931	1.18186369187901	1.69889670080320	1.18186369187901	1.34000932832574	0.873212459828649	1.18186369187901	1.18186369187901	1.18186369187901	1.18186369187901	1.39283882771841	1.18186369187901	1.12749722837797	1.96421103754154	1.86982619513152	1.18186369187901	1.18186369187901	1.18186369187901	1.18186369187901	1.27500000000000	1.26219055613643	1.18186369187901	1.18186369187901	1.18186369187901	0.983933432707722	1.29034879005639	2.44041492373736	1.18186369187901	1.42148689758295	1.99530699392349
0	1.44362594557888	0	0.976373403701749	0	0.842129470971981	0.594597735882259	0	0	0	0	0.682054869868874	0	1.17444888520399	1.12191532539381	1.17444888520399	0	0	0	0	0.492626786926799	1.05055014314985	0	0	0	0.357060994313264	0.446175163854140	1.59188594804059	0	1.46666666666667	1.29610236647432
0	1.44362594557888	0	0.976373403701749	0	0.842129470971981	0.594597735882259	0	0	0	0	0.682054869868874	0	1.17444888520399	1.12191532539381	1.17444888520399	0	0	0	0	0.492626786926799	1.05055014314985	0	0	0	0.357060994313264	0.446175163854140	1.59188594804059	0	1.46666666666667	1.29610236647432

tasktime1
0
1.94362594557888
1.79166666666667
1.47637340370175
1.64294787615500
1.34212947097198
1.09459773588226
1.74195732504700
0.897155278098989
1.17962377988375
2.05950549438508
1.18205486986887
1.85252078922981
1.67444888520399
1.62191532539381
1.67444888520399
1.55019651902028
1.67444888520399
1.50519215822909
1.47172877607190
0.992626786926799
1.55055014314985
1.29166666666667
1.61798154618869
1.56805448553266
0.857060994313264
0.946175163854140
2.09188594804059
1.68186369187901
1.96666666666667
1.79610236647432

linktime2
0	1.77695927891221	1.12500000000000	1.30970673703508	0.976281209488332	1.17546280430531	0.927931069215592	1.07529065838033	0.230488611432322	0.512957113217080	1.39283882771841	1.01538820320221	1.18585412256314	1.50778221853732	1.45524865872714	1.50778221853732	0.883529852353615	1.00778221853732	0.838525491562421	0.805062109405231	0.825960120260133	1.38388347648318	0.625000000000000	0.951314879522022	0.901387818865997	0.690394327646598	0.779508497187474	1.92521928137392	1.01519702521235	1.80000000000000	1.62943569980765
1.27695927891221	3.22058522449109	1.33088316542062	2.75333268261396	2.19146070008111	2.61908874988420	2.37155701479447	1.48092032196199	1.50416089564913	1.53011437480994	0.125000000000000	2.45901414878109	0.134629120178363	2.95140816411620	2.89887460430602	2.95140816411620	1.52643375224737	1.53174736820404	1.92905417238604	1.65680415257809	2.26958606583901	2.82750942206206	1.55000000000000	1.21166208160526	1.42060726451754	2.13402027322548	2.22313444276635	3.36884522695280	1.41155942134931	3.24362594557888	3.07306164538653
1.62500000000000	1.33088316542062	2.91666666666667	1.28062484748657	2.76794787615500	0.735272058492637	1.15596280216969	2.86695732504700	2.02215527809899	2.30462377988375	3.18450549438508	0.637377439199098	2.97752078922981	2.06155281280883	0.845946215784432	1.41421356237310	2.67519651902028	2.79944888520399	2.63019215822909	2.59672877607190	0.800390529679106	1.85825859341481	2.41666666666667	2.74298154618869	2.69305448553266	1.06448344280219	0.883883476483184	0.875000000000000	2.80686369187901	1.35300591277348	0.100000000000000
0.809706737035082	2.75333268261396	1.28062484748657	2.28608014073683	0.892328414878738	2.15183620800706	1.90430447291734	1.74086903585537	0.601040764008565	0.514781507049350	2.13321939799918	1.99176160690396	1.94116588678042	2.48415562223907	2.43162206242889	2.48415562223907	1.49540964287382	1.64012194668567	0.254950975679639	0.617454451761423	1.80233352396188	2.36025688018493	0.566789202437732	1.18453577404821	1.56704339442148	1.66676773134835	1.75588190088922	2.90159268507567	1.69889670080320	2.77637340370175	2.60580910350940
1.47628120948833	2.19146070008111	2.76794787615500	0.892328414878738	2.61922908564333	1.65170366591589	1.32003787824441	2.71823853453533	1.87343648758732	2.15590498937208	3.03578670387341	1.45773797371133	2.82880199871814	0.176776695296637	1.40200748928100	0.951971638232989	2.52647772850861	2.65073009469232	2.48147336771742	2.44800998556023	1.25623445264011	0.125000000000000	2.26794787615500	2.59426275567702	2.54433569502100	1.14918449345612	1.11803398874990	1.89159324380269	2.65814490136735	2.21204091282237	2.01028604929746
0.675462804305315	2.61908874988420	0.735272058492637	2.15183620800706	1.65170366591589	2.01759227527730	1.77006054018757	1.41421356237310	0.867827747885489	0.789382670192347	0.875357070000580	1.85751767417419	0.715891053163818	2.34991168950930	2.29737812969912	2.34991168950930	1.32594306061761	1.40200748928100	1.18453577404821	0.908639092269312	1.66808959123211	2.22601294745517	0.800390529679106	0.566789202437732	1.27720397744448	1.53252379861858	1.62163796815946	2.76734875234590	1.34000932832574	2.64212947097198	2.47156517077963
0.427931069215592	2.37155701479447	1.15596280216969	1.90430447291734	1.32003787824441	1.77006054018757	1.52252880509785	0.946374661537385	0.657647321898295	0.840386815698581	0.983933432707722	1.60998593908447	0.771767452021657	2.10237995441958	2.04984639460940	2.10237995441958	0.851469318296320	0.928035559663529	1.21911853402366	1.08166538263920	1.42055785614239	1.97848121236544	0.917877987534291	0.975000000000000	0.803507933999410	1.28499206352886	1.37410623306973	2.51981701725618	0.873212459828649	2.39459773588226	2.22403343568991
1.57529065838033	1.48092032196199	2.86695732504700	1.74086903585537	2.71823853453533	1.41421356237310	0.946374661537385	2.81724798342732	1.97244593647932	2.25491443826408	3.13479615276541	1.46308748883995	2.92781144761014	1.12500000000000	2.02021038508369	1.90804219030922	2.62548717740061	2.74973954358431	2.58048281660942	2.54701943445223	1.34164078649987	1.27475487839820	2.36695732504700	2.69327220456902	2.64334514391299	1.05118980208143	1.35208172829900	2.50000000000000	2.75715435025934	1.49038585607889	2.06775844817522
0.730488611432322	1.50416089564913	2.02215527809899	0.601040764008565	1.87343648758732	0.867827747885489	0.657647321898295	1.97244593647932	1.12764388953131	1.41011239131607	2.28999410581740	0.651920240520265	2.08300940066213	0.869626356546304	0.845946215784432	0.794512429103535	1.78068513045260	1.90493749663631	1.73568076966141	1.70221738750422	0.450693909432999	0.700446286306095	1.52215527809899	1.84847015762101	1.79854309696499	0.419076365356005	0.316227766016838	1.34280490019958	1.91235230331134	1.52745703703901	1.21911853402366
1.01295711321708	1.53011437480994	2.30462377988375	0.514781507049350	2.15590498937208	0.789382670192347	0.840386815698581	2.25491443826408	1.41011239131607	1.69258089310083	2.57246260760216	0.491172067609713	2.36547790244689	1.25896783120142	0.445112345369122	0.696419413859206	2.06315363223736	2.18740599842107	2.01814927144617	1.98468588928898	0.378318648760539	1.03712342563458	1.80462377988375	2.13093865940577	2.08101159874974	0.604669331122391	0.257390753524675	0.915491671180028	2.19482080509609	1.55503215400840	0.874642784226795
1.89283882771841	0.125000000000000	3.18450549438508	2.13321939799918	3.03578670387341	0.875357070000580	0.983933432707722	3.13479615276541	2.28999410581740	2.57246260760216	3.45234432210349	1.17500000000000	3.24535961694822	2.26508829849964	2.00561711201316	2.33037014227354	2.94303534673869	3.06728771292240	2.89803098594750	2.86456760379031	1.28695376762338	2.22963001415033	2.68450549438508	3.01082037390710	2.96089331325108	1.20260134708057	1.44676362962303	2.26301789652667	3.07470251959743	0.100000000000000	1.35300591277348
0.515388203202208	2.45901414878109	0.637377439199098	1.99176160690396	1.45773797371133	1.85751767417419	1.60998593908447	1.46308748883995	0.651920240520265	0.491172067609713	1.17500000000000	1.69744307307108	1.00778221853732	2.18983708840619	2.13730352859601	2.18983708840619	1.32382022948737	1.42521928137392	0.883883476483184	0.618465843842649	1.50801499012901	2.06593834635206	0.500000000000000	0.456207189772367	1.30503831361382	1.37244919751547	1.46156336705635	2.60727415124280	1.39283882771841	2.48205486986887	2.31149056967653
1.68585412256314	0.134629120178363	2.97752078922981	1.94116588678042	2.82880199871814	0.715891053163818	0.771767452021657	2.92781144761014	2.08300940066213	2.36547790244689	3.24535961694822	1.00778221853732	3.03837491179295	2.05015243335709	1.84560288252918	2.13965534607796	2.73605064158342	2.86030300776713	2.69104628079223	2.65758289863504	1.10113577727726	2.01556443707464	2.47752078922981	2.80383566875183	2.75390860809581	0.996242942258564	1.25623445264011	2.13600093632938	2.86771781444216	0.145773797371133	1.27008857958805
1.00778221853732	2.95140816411620	2.06155281280883	2.48415562223907	0.176776695296637	2.34991168950930	2.10237995441958	1.12500000000000	0.869626356546304	1.25896783120142	2.26508829849964	2.18983708840619	2.05015243335709	2.68223110374130	2.62969754393113	2.68223110374130	0.878208403512515	1	1.27475487839820	1.52520490426696	2.00040900546412	2.55833236168717	1.38067012714841	1.90607581171369	1.00778221853732	1.86484321285058	1.95395738239146	3.09966816657791	1.12749722837797	2.97444888520399	2.80388458501164
0.955248658727140	2.89887460430602	0.845946215784432	2.43162206242889	1.40200748928100	2.29737812969912	2.04984639460940	2.02021038508369	0.845946215784432	0.445112345369122	2.00561711201316	2.13730352859601	1.84560288252918	2.62969754393113	2.57716398412095	2.62969754393113	1.80502770061847	1.94052183703250	0.279508497187474	0.225000000000000	1.94787544565394	2.50579880187699	0.357945526581909	0.807774721070176	1.84390889145858	1.81230965304040	1.90142382258128	3.04713460676773	1.96421103754154	2.92191532539381	2.75135102520146
1.00778221853732	2.95140816411620	1.41421356237310	2.48415562223907	0.951971638232989	2.34991168950930	2.10237995441958	1.90804219030922	0.794512429103535	0.696419413859206	2.33037014227354	2.18983708840619	2.13965534607796	2.68223110374130	2.62969754393113	2.68223110374130	1.65718134191766	1.80277563773199	0.353553390593274	0.742462120245875	2.00040900546412	2.55833236168717	0.728868986855663	1.33533703610736	1.73655549868123	1.86484321285058	1.95395738239146	3.09966816657791	1.86982619513152	2.97444888520399	2.80388458501164
1.38352985235361	1.52643375224737	2.67519651902028	1.49540964287382	2.52647772850861	1.32594306061761	0.851469318296320	2.62548717740061	1.78068513045260	2.06315363223736	2.94303534673869	1.32382022948737	2.73605064158342	0.878208403512515	1.80502770061847	1.65718134191766	2.43372637137390	2.55797873755760	2.38872201058270	2.35525862842551	1.17818716679482	1.01519702521235	2.17519651902028	2.50151139854230	2.45158433788628	0.897566153550812	1.16297033496130	2.29523963890484	2.56539354423263	1.53968340901628	1.94454364826301
1.50778221853732	1.53174736820404	2.79944888520399	1.64012194668567	2.65073009469232	1.40200748928100	0.928035559663529	2.74973954358431	1.90493749663631	2.18740599842107	3.06728771292240	1.42521928137392	2.86030300776713	1	1.94052183703250	1.80277563773199	2.55797873755760	2.68223110374130	2.51297437676641	2.47951099460922	1.29059094991403	1.15244305716161	2.29944888520399	2.62576376472601	2.57583670406998	1.00405428140116	1.28695376762338	2.42706097986845	2.68964591041633	1.54292741242095	2.03960780543711
1.33852549156242	1.92905417238604	2.63019215822909	0.254950975679639	2.48147336771742	1.18453577404821	1.21911853402366	2.58048281660942	1.73568076966141	2.01814927144617	2.89803098594750	0.883883476483184	2.69104628079223	1.27475487839820	0.279508497187474	0.353553390593274	2.38872201058270	2.51297437676641	2.34371764979151	2.31025426763432	0.776611228350453	1.00778221853732	2.13019215822909	2.45650703775111	2.40657997709509	0.972432516938836	0.637377439199098	0.760345316287278	2.52038918344144	1.95400230296691	1.13357840487546
1.30506210940523	1.65680415257809	2.59672877607190	0.617454451761423	2.44800998556023	0.908639092269312	1.08166538263920	2.54701943445223	1.70221738750422	1.98468588928898	2.86456760379031	0.618465843842649	2.65758289863504	1.52520490426696	0.225000000000000	0.742462120245875	2.35525862842551	2.47951099460922	2.31025426763432	2.27679088547713	0.596343022093828	1.28379320764678	2.09672877607190	2.42304365559392	2.37311659493790	0.867827747885489	0.531507290636733	0.620987117418711	2.48692580128425	1.68170300588421	0.745821694508815
0.325960120260133	2.26958606583901	0.800390529679106	1.80233352396188	1.25623445264011	1.66808959123211	1.42055785614239	1.34164078649987	0.450693909432999	0.378318648760539	1.28695376762338	1.50801499012901	1.10113577727726	2.00040900546412	1.94787544565394	2.00040900546412	1.17818716679482	1.29059094991403	0.776611228350453	0.596343022093828	1.31858690718693	1.87651026340998	0.436606229914325	0.625499800159840	1.17526592735432	1.18302111457340	1.27213528411427	2.41784606830072	1.27500000000000	2.29262678692680	2.12206248673445
0.883883476483184	2.82750942206206	1.85825859341481	2.36025688018493	0.125000000000000	2.22601294745517	1.97848121236544	1.27475487839820	0.700446286306095	1.03712342563458	2.22963001415033	2.06593834635206	2.01556443707464	2.55833236168717	2.50579880187699	2.55833236168717	1.01519702521235	1.15244305716161	1.00778221853732	1.28379320764678	1.87651026340998	2.43443361963304	1.15244305716161	1.71354894881938	1.13192314226718	1.74094447079645	1.83005864033733	2.97576942452377	1.26219055613643	2.85055014314985	2.67998584295750
1.12500000000000	1.55000000000000	2.41666666666667	0.566789202437732	2.26794787615500	0.800390529679106	0.917877987534291	2.36695732504700	1.52215527809899	1.80462377988375	2.68450549438508	0.500000000000000	2.47752078922981	1.38067012714841	0.357945526581909	0.728868986855663	2.17519651902028	2.29944888520399	2.13019215822909	2.09672877607190	0.436606229914325	1.15244305716161	1.91666666666667	2.24298154618869	2.19305448553266	0.695071938722892	0.353553390593274	0.800390529679106	2.30686369187901	1.57500000000000	0.785015923405379
1.45131487952202	1.21166208160526	2.74298154618869	1.18453577404821	2.59426275567702	0.566789202437732	0.975000000000000	2.69327220456902	1.84847015762101	2.13093865940577	3.01082037390710	0.456207189772367	2.80383566875183	1.90607581171369	0.807774721070176	1.33533703610736	2.50151139854230	2.62576376472601	2.45650703775111	2.42304365559392	0.625499800159840	1.71354894881938	2.24298154618869	2.56929642571071	2.51936936505469	0.883883476483184	0.721543484483091	0.941408519188137	2.63317857140104	1.23490890352285	0.182002747232013
1.40138781886600	1.42060726451754	2.69305448553266	1.56704339442148	2.54433569502100	1.27720397744448	0.803507933999410	2.64334514391299	1.79854309696499	2.08101159874974	2.96089331325108	1.30503831361382	2.75390860809581	1.00778221853732	1.84390889145858	1.73655549868123	2.45158433788628	2.57583670406998	2.40657997709509	2.37311659493790	1.17526592735432	1.13192314226718	2.19305448553266	2.51936936505469	2.46944230439866	0.886707392548410	1.17924764150708	2.32513440471728	2.58325151074501	1.43265487818944	1.91719195700378
0.190394327646598	2.13402027322548	1.06448344280219	1.66676773134835	1.14918449345612	1.53252379861858	1.28499206352886	1.05118980208143	0.419076365356005	0.604669331122391	1.20260134708057	1.37244919751547	0.996242942258564	1.86484321285058	1.81230965304040	1.86484321285058	0.897566153550812	1.00405428140116	0.972432516938836	0.867827747885489	1.18302111457340	1.74094447079645	0.695071938722892	0.883883476483184	0.886707392548410	1.04745532195986	1.13656949150074	2.28228027568719	0.983933432707722	2.15706099431326	1.98649669412092
0.279508497187474	2.22313444276635	0.883883476483184	1.75588190088922	1.11803398874990	1.62163796815946	1.37410623306973	1.35208172829900	0.316227766016838	0.257390753524675	1.44676362962303	1.46156336705635	1.25623445264011	1.95395738239146	1.90142382258128	1.95395738239146	1.16297033496130	1.28695376762338	0.637377439199098	0.531507290636733	1.27213528411427	1.83005864033732	0.353553390593274	0.721543484483091	1.17924764150708	1.13656949150074	1.22568366104161	2.37139444522806	1.29034879005639	2.24617516385414	2.07561086366179
1.42521928137392	3.36884522695280	0.875000000000000	2.90159268507567	1.89159324380269	2.76734875234590	2.51981701725618	2.50000000000000	1.34280490019958	0.915491671180028	2.26301789652667	2.60727415124280	2.13600093632938	3.09966816657791	3.04713460676773	3.09966816657791	2.29523963890484	2.42706097986845	0.760345316287278	0.620987117418711	2.41784606830072	2.97576942452377	0.800390529679106	0.941408519188137	2.32513440471728	2.28228027568719	2.37139444522806	3.51710522941451	2.44041492373736	3.39188594804059	3.22132164784824
1.51519702521235	1.41155942134931	2.80686369187901	1.69889670080320	2.65814490136735	1.34000932832574	0.873212459828649	2.75715435025934	1.91235230331134	2.19482080509609	3.07470251959743	1.39283882771841	2.86771781444216	1.12749722837797	1.96421103754154	1.86982619513152	2.56539354423263	2.68964591041633	2.52038918344144	2.48692580128425	1.27500000000000	1.26219055613643	2.30686369187901	2.63317857140104	2.58325151074501	0.983933432707722	1.29034879005639	2.44041492373736	2.69706071709136	1.42148689758295	1.99530699392349
1.30000000000000	3.24362594557888	1.35300591277348	2.77637340370175	2.21204091282237	2.64212947097198	2.39459773588226	1.49038585607889	1.52745703703901	1.55503215400840	0.100000000000000	2.48205486986887	0.145773797371133	2.97444888520399	2.92191532539381	2.97444888520399	1.53968340901628	1.54292741242095	1.95400230296691	1.68170300588421	2.29262678692680	2.85055014314985	1.57500000000000	1.23490890352285	1.43265487818944	2.15706099431326	2.24617516385414	3.39188594804059	1.42148689758295	3.26666666666667	3.09610236647432
1.12943569980765	3.07306164538653	0.100000000000000	2.60580910350940	2.01028604929746	2.47156517077963	2.22403343568991	2.06775844817522	1.21911853402366	0.874642784226795	1.35300591277348	2.31149056967653	1.27008857958805	2.80388458501164	2.75135102520146	2.80388458501164	1.94454364826301	2.03960780543711	1.13357840487546	0.745821694508815	2.12206248673445	2.67998584295750	0.785015923405379	0.182002747232013	1.91719195700378	1.98649669412092	2.07561086366179	3.22132164784824	1.99530699392349	3.09610236647432	2.92553806628197

tasktime2
0
0.166666666666667
0.166666666666667
0.166666666666667
0.166666666666667
0.166666666666667
0.166666666666667
0.166666666666667
0.166666666666667
0.166666666666667
0.166666666666667
0.166666666666667
0.166666666666667
0.166666666666667
0.166666666666667
0.166666666666667
0.166666666666667
0.166666666666667
0.166666666666667
0.166666666666667
0.166666666666667
0.166666666666667
0.166666666666667
0.166666666666667
0.166666666666667
0.166666666666667
0.166666666666667
0.166666666666667
0.166666666666667
0.166666666666667
0.166666666666667