最优解为:369.2292
最优解路径:

Best_route =

     0     0     0     0     0     0     0     0     0
     5     7     8     4     6     3     1     2     0

本次运算用时:3.532秒
算法在第1代时收敛

best
369.229168564526
369.229168564526
369.229168564526
369.229168564526
369.229168564526
369.229168564526
369.229168564526
369.229168564526
369.229168564526
369.229168564526
369.229168564526
369.229168564526
369.229168564526
369.229168564526
369.229168564526
369.229168564526
369.229168564526
369.229168564526
369.229168564526
369.229168564526
369.229168564526
369.229168564526
369.229168564526
369.229168564526
369.229168564526
369.229168564526
369.229168564526
369.229168564526
369.229168564526
369.229168564526
369.229168564526
369.229168564526
369.229168564526
369.229168564526
369.229168564526
369.229168564526
369.229168564526
369.229168564526
369.229168564526
369.229168564526
369.229168564526
369.229168564526
369.229168564526
369.229168564526
369.229168564526
369.229168564526
369.229168564526
369.229168564526
369.229168564526
369.229168564526
369.229168564526
369.229168564526
369.229168564526
369.229168564526
369.229168564526
369.229168564526
369.229168564526
369.229168564526
369.229168564526
369.229168564526
369.229168564526
369.229168564526
369.229168564526
369.229168564526
369.229168564526
369.229168564526
369.229168564526
369.229168564526
369.229168564526
369.229168564526
369.229168564526
369.229168564526
369.229168564526
369.229168564526
369.229168564526
369.229168564526
369.229168564526
369.229168564526
369.229168564526
369.229168564526
369.229168564526
369.229168564526
369.229168564526
369.229168564526
369.229168564526
369.229168564526
369.229168564526
369.229168564526
369.229168564526
369.229168564526
369.229168564526
369.229168564526
369.229168564526
369.229168564526
369.229168564526
369.229168564526
369.229168564526
369.229168564526
369.229168564526
369.229168564526
369.229168564526
369.229168564526
369.229168564526
369.229168564526
369.229168564526
369.229168564526
369.229168564526
369.229168564526
369.229168564526
369.229168564526
369.229168564526
369.229168564526
369.229168564526
369.229168564526
369.229168564526
369.229168564526
369.229168564526
369.229168564526
369.229168564526
369.229168564526
369.229168564526
369.229168564526
369.229168564526
369.229168564526
369.229168564526
369.229168564526
369.229168564526
369.229168564526
369.229168564526
369.229168564526
369.229168564526
369.229168564526
369.229168564526
369.229168564526
369.229168564526
369.229168564526
369.229168564526
369.229168564526
369.229168564526
369.229168564526
369.229168564526
369.229168564526
369.229168564526
369.229168564526
369.229168564526
369.229168564526
369.229168564526
369.229168564526
369.229168564526
369.229168564526
369.229168564526
369.229168564526
369.229168564526
369.229168564526
369.229168564526
369.229168564526
369.229168564526
369.229168564526
369.229168564526
369.229168564526
369.229168564526
369.229168564526
369.229168564526
369.229168564526
369.229168564526
369.229168564526
369.229168564526
369.229168564526
369.229168564526
369.229168564526
369.229168564526
369.229168564526
369.229168564526
369.229168564526
369.229168564526
369.229168564526
369.229168564526
369.229168564526
369.229168564526
369.229168564526
369.229168564526
369.229168564526
369.229168564526
369.229168564526
369.229168564526
369.229168564526
369.229168564526
369.229168564526
369.229168564526
369.229168564526
369.229168564526
369.229168564526
369.229168564526
369.229168564526
369.229168564526
369.229168564526
369.229168564526
369.229168564526
369.229168564526
369.229168564526

ave
392.164615921908
418.534831559804
435.629199319749
437.221012260459
421.213171884974
391.350769388119
419.784907538719
387.477970123706
450.081720466023
432.968924258981
374.133766541828
375.225556803188
402.178504270116
373.553775122993
402.404632686396
401.499050141686
387.712559136419
386.934799887445
418.388923155620
400.167625978373
401.794690255228
386.752623287201
401.367343882937
400.865795471381
385.850131801202
370.193150470740
401.316868350863
369.599266567327
415.164725236787
370.173823751535
415.729322091085
370.678288683330
398.972782159324
383.806088004775
384.266792914899
369.273661735591
369.982835033091
369.413083679647
384.684124239397
369.229168564526
369.229168564526
369.229168564526
383.806088004775
384.265982874403
369.229168564526
369.229168564526
369.229168564526
369.229168564526
369.229168564526
369.229168564526
369.229168564526
369.229168564526
369.229168564526
369.229168564526
369.229168564526
369.229168564526
369.229168564526
369.229168564526
369.229168564526
369.709470086518
369.229168564526
384.270684737993
369.229168564526
384.538256279394
369.229168564526
369.229168564526
383.806088004775
369.229168564526
369.229168564526
369.229168564526
369.229168564526
369.229168564526
369.229168564526
369.229168564526
384.390518265869
369.229168564526
384.295667625528
369.293453733469
369.229168564526
369.229168564526
384.785424918566
369.229168564526
369.229168564526
369.229168564526
369.229168564526
369.229168564526
369.229168564526
369.413083679647
369.229168564526
369.229168564526
369.229168564526
384.390518265869
369.229168564526
383.806088004775
369.229168564526
369.743908745099
369.229168564526
369.229168564526
415.229015389728
369.610957265296
369.229168564526
369.229168564526
369.229168564526
369.229168564526
369.229168564526
384.028032488833
384.270684737993
369.229168564526
384.500209124277
369.229168564526
369.229168564526
369.229168564526
370.125697445869
369.229168564526
369.229168564526
369.229168564526
369.229168564526
369.229168564526
369.229168564526
370.357384847119
369.229168564526
369.677603137004
369.229168564526
369.229168564526
369.229168564526
369.229168564526
369.229168564526
369.229168564526
369.924466639656
369.229168564526
369.229168564526
369.563016963384
369.229168564526
369.229168564526
369.229168564526
369.229168564526
369.229168564526
384.304012243339
369.229168564526
369.229168564526
369.229168564526
369.229168564526
369.610957265296
369.229168564526
369.229168564526
369.229168564526
369.229168564526
369.414217565926
369.229168564526
369.229168564526
369.229168564526
369.229168564526
369.229168564526
369.229168564526
369.229168564526
369.229168564526
384.454599853114
369.878528806698
369.229168564526
369.229168564526
369.229168564526
383.806088004775
369.992745966066
369.229168564526
369.229168564526
369.229168564526
384.390518265869
385.727180570405
369.229168564526
369.229168564526
369.229168564526
384.270684737993
369.229168564526
384.270684737993
369.229168564526
369.413083679647
369.229168564526
369.229168564526
369.414217565926
369.229168564526
369.229168564526
369.229168564526
369.478010290336
369.595905087298
369.229168564526
369.229168564526
369.229168564526
384.500209124277
369.413083679647
369.229168564526
369.229168564526
369.478010290336
369.229168564526
369.229168564526
369.496740105928
369.229168564526
369.495606219648
369.229168564526
369.229168564526
369.273661735591