最优解为:329.3381
最优解路径:

Best_route =

     3     8     4     6     7     5     1     2     0
     0     0     0     0     0     0     0     0     0

本次运算用时:3.415秒
算法在第1代时收敛

best
329.338079146117
329.338079146117
329.338079146117
329.338079146117
329.338079146117
329.338079146117
329.338079146117
329.338079146117
329.338079146117
329.338079146117
329.338079146117
329.338079146117
329.338079146117
329.338079146117
329.338079146117
329.338079146117
329.338079146117
329.338079146117
329.338079146117
329.338079146117
329.338079146117
329.338079146117
329.338079146117
329.338079146117
329.338079146117
329.338079146117
329.338079146117
329.338079146117
329.338079146117
329.338079146117
329.338079146117
329.338079146117
329.338079146117
329.338079146117
329.338079146117
329.338079146117
329.338079146117
329.338079146117
329.338079146117
329.338079146117
329.338079146117
329.338079146117
329.338079146117
329.338079146117
329.338079146117
329.338079146117
329.338079146117
329.338079146117
329.338079146117
329.338079146117
329.338079146117
329.338079146117
329.338079146117
329.338079146117
329.338079146117
329.338079146117
329.338079146117
329.338079146117
329.338079146117
329.338079146117
329.338079146117
329.338079146117
329.338079146117
329.338079146117
329.338079146117
329.338079146117
329.338079146117
329.338079146117
329.338079146117
329.338079146117
329.338079146117
329.338079146117
329.338079146117
329.338079146117
329.338079146117
329.338079146117
329.338079146117
329.338079146117
329.338079146117
329.338079146117
329.338079146117
329.338079146117
329.338079146117
329.338079146117
329.338079146117
329.338079146117
329.338079146117
329.338079146117
329.338079146117
329.338079146117
329.338079146117
329.338079146117
329.338079146117
329.338079146117
329.338079146117
329.338079146117
329.338079146117
329.338079146117
329.338079146117
329.338079146117
329.338079146117
329.338079146117
329.338079146117
329.338079146117
329.338079146117
329.338079146117
329.338079146117
329.338079146117
329.338079146117
329.338079146117
329.338079146117
329.338079146117
329.338079146117
329.338079146117
329.338079146117
329.338079146117
329.338079146117
329.338079146117
329.338079146117
329.338079146117
329.338079146117
329.338079146117
329.338079146117
329.338079146117
329.338079146117
329.338079146117
329.338079146117
329.338079146117
329.338079146117
329.338079146117
329.338079146117
329.338079146117
329.338079146117
329.338079146117
329.338079146117
329.338079146117
329.338079146117
329.338079146117
329.338079146117
329.338079146117
329.338079146117
329.338079146117
329.338079146117
329.338079146117
329.338079146117
329.338079146117
329.338079146117
329.338079146117
329.338079146117
329.338079146117
329.338079146117
329.338079146117
329.338079146117
329.338079146117
329.338079146117
329.338079146117
329.338079146117
329.338079146117
329.338079146117
329.338079146117
329.338079146117
329.338079146117
329.338079146117
329.338079146117
329.338079146117
329.338079146117
329.338079146117
329.338079146117
329.338079146117
329.338079146117
329.338079146117
329.338079146117
329.338079146117
329.338079146117
329.338079146117
329.338079146117
329.338079146117
329.338079146117
329.338079146117
329.338079146117
329.338079146117
329.338079146117
329.338079146117
329.338079146117
329.338079146117
329.338079146117
329.338079146117
329.338079146117
329.338079146117
329.338079146117
329.338079146117
329.338079146117
329.338079146117
329.338079146117
329.338079146117
329.338079146117
329.338079146117
329.338079146117
329.338079146117
329.338079146117

ave
573.986346397516
482.139933959159
543.021047737737
421.405491971623
482.825587004092
452.278187582626
451.157309050022
406.029505993024
436.081998031247
496.301919739637
406.085941685854
420.898610120242
450.156406949246
450.399372581889
419.481657227428
359.856410037045
375.192254362460
449.982343505215
389.270095851561
345.055341169629
390.517987084010
405.409538622661
344.338079146117
390.018998920252
359.687310696562
344.660867808769
374.222637498839
390.091156730486
390.083170328608
374.579945037825
329.338079146117
329.392379146117
359.229479146117
329.338079146117
344.606022497824
359.283779146117
344.338079146117
389.188881177652
329.487852036718
329.338079146117
329.338079146117
329.338079146117
329.338079146117
329.338079146117
329.338079146117
344.736003390547
329.487852036718
344.283779146117
329.338079146117
329.338079146117
329.338079146117
329.338079146117
329.338079146117
329.338079146117
329.338079146117
329.338079146117
329.338079146117
344.283779146117
329.338079146117
329.338079146117
329.338079146117
329.338079146117
329.338079146117
329.338079146117
329.338079146117
329.338079146117
329.338079146117
329.338079146117
329.338079146117
329.338079146117
329.338079146117
329.338079146117
329.338079146117
329.338079146117
329.338079146117
329.338079146117
359.554360265618
329.338079146117
329.338079146117
329.338079146117
329.338079146117
359.283779146117
329.338079146117
344.283779146117
329.338079146117
329.338079146117
329.338079146117
329.338079146117
329.338079146117
329.338079146117
329.338079146117
329.338079146117
329.338079146117
329.338079146117
329.338079146117
329.392924457062
329.732802483247
329.338079146117
329.338079146117
329.338079146117
329.338079146117
329.338079146117
329.338079146117
329.385537498839
329.742845037825
344.433552036718
329.338079146117
329.338079146117
329.338079146117
329.385537498839
359.283779146117
329.338079146117
329.338079146117
329.338079146117
329.338079146117
329.338079146117
329.338079146117
329.338079146117
329.338079146117
329.338079146117
344.283779146117
329.338079146117
329.338079146117
329.338079146117
329.338079146117
329.338079146117
344.283779146117
344.283779146117
329.338079146117
329.338079146117
329.338079146117
329.338079146117
329.338079146117
329.338079146117
329.338079146117
329.338079146117
344.447254068254
329.338079146117
329.338079146117
329.338079146117
329.338079146117
329.338079146117
329.338079146117
344.927957634519
344.283779146117
329.338079146117
359.283779146117
344.338079146117
344.446219705867
329.338079146117
329.338079146117
329.338079146117
329.385537498839
329.338079146117
329.338079146117
329.338079146117
329.338079146117
329.385537498839
329.338079146117
329.338079146117
329.338079146117
344.283779146117
329.338079146117
329.338079146117
329.338079146117
329.392924457062
329.338079146117
329.338079146117
329.338079146117
329.338079146117
329.385537498839
329.338079146117
329.338079146117
329.338079146117
329.338079146117
329.338079146117
344.283779146117
329.338079146117
329.338079146117
329.338079146117
329.338079146117
329.338079146117
344.606022497824
329.338079146117
329.338079146117
329.338079146117
329.338079146117
329.338079146117
329.338079146117
329.338079146117
329.338079146117
329.338079146117
329.338079146117
329.338079146117
329.338079146117
329.338079146117
329.338079146117
329.338079146117
329.338079146117
329.338079146117