最优解为:376.8022
最优解路径:

Best_route =

     0     0     0     0     0     0     0     0     0     0     0     0     0     0     0     0
     0     0     0     0     0     0     0     0     0     0     0     0     0     0     0     0
     0     0     0     0     0     0     0     0     0     0     0     0     0     0     0     0
    10    14     8     2    11    12    13     3     7     6     9     1     4    15     5     0
     0     0     0     0     0     0     0     0     0     0     0     0     0     0     0     0

本次运算用时:28.001秒
算法在第17代时收敛

best
673.492464647459
673.492464647459
379.446326236793
379.446326236793
379.446326236793
379.446326236793
377.122304411618
377.122304411618
377.122304411618
377.122304411618
377.122304411618
377.122304411618
377.122304411618
376.970567256622
376.970567256622
376.970567256622
376.802154401684
376.802154401684
376.802154401684
376.802154401684
376.802154401684
376.802154401684
376.802154401684
376.802154401684
376.802154401684
376.802154401684
376.802154401684
376.802154401684
376.802154401684
376.802154401684
376.802154401684
376.802154401684
376.802154401684
376.802154401684
376.802154401684
376.802154401684
376.802154401684
376.802154401684
376.802154401684
376.802154401684
376.802154401684
376.802154401684
376.802154401684
376.802154401684
376.802154401684
376.802154401684
376.802154401684
376.802154401684
376.802154401684
376.802154401684
376.802154401684
376.802154401684
376.802154401684
376.802154401684
376.802154401684
376.802154401684
376.802154401684
376.802154401684
376.802154401684
376.802154401684
376.802154401684
376.802154401684
376.802154401684
376.802154401684
376.802154401684
376.802154401684
376.802154401684
376.802154401684
376.802154401684
376.802154401684
376.802154401684
376.802154401684
376.802154401684
376.802154401684
376.802154401684
376.802154401684
376.802154401684
376.802154401684
376.802154401684
376.802154401684
376.802154401684
376.802154401684
376.802154401684
376.802154401684
376.802154401684
376.802154401684
376.802154401684
376.802154401684
376.802154401684
376.802154401684
376.802154401684
376.802154401684
376.802154401684
376.802154401684
376.802154401684
376.802154401684
376.802154401684
376.802154401684
376.802154401684
376.802154401684
376.802154401684
376.802154401684
376.802154401684
376.802154401684
376.802154401684
376.802154401684
376.802154401684
376.802154401684
376.802154401684
376.802154401684
376.802154401684
376.802154401684
376.802154401684
376.802154401684
376.802154401684
376.802154401684
376.802154401684
376.802154401684
376.802154401684
376.802154401684
376.802154401684
376.802154401684
376.802154401684
376.802154401684
376.802154401684
376.802154401684
376.802154401684
376.802154401684
376.802154401684
376.802154401684
376.802154401684
376.802154401684
376.802154401684
376.802154401684
376.802154401684
376.802154401684
376.802154401684
376.802154401684
376.802154401684
376.802154401684
376.802154401684
376.802154401684
376.802154401684
376.802154401684
376.802154401684
376.802154401684
376.802154401684
376.802154401684
376.802154401684
376.802154401684
376.802154401684
376.802154401684
376.802154401684
376.802154401684
376.802154401684
376.802154401684
376.802154401684
376.802154401684
376.802154401684
376.802154401684
376.802154401684
376.802154401684
376.802154401684
376.802154401684
376.802154401684
376.802154401684
376.802154401684
376.802154401684
376.802154401684
376.802154401684
376.802154401684
376.802154401684
376.802154401684
376.802154401684
376.802154401684
376.802154401684
376.802154401684
376.802154401684
376.802154401684
376.802154401684
376.802154401684
376.802154401684
376.802154401684
376.802154401684
376.802154401684
376.802154401684
376.802154401684
376.802154401684
376.802154401684
376.802154401684
376.802154401684
376.802154401684
376.802154401684
376.802154401684
376.802154401684
376.802154401684
376.802154401684
376.802154401684
376.802154401684
376.802154401684
376.802154401684
376.802154401684
376.802154401684
376.802154401684
376.802154401684
376.802154401684
376.802154401684
376.802154401684
376.802154401684
376.802154401684
376.802154401684
376.802154401684
376.802154401684
376.802154401684
376.802154401684
376.802154401684
376.802154401684
376.802154401684
376.802154401684
376.802154401684
376.802154401684
376.802154401684
376.802154401684
376.802154401684
376.802154401684
376.802154401684
376.802154401684
376.802154401684
376.802154401684
376.802154401684
376.802154401684
376.802154401684
376.802154401684
376.802154401684
376.802154401684
376.802154401684
376.802154401684
376.802154401684
376.802154401684
376.802154401684
376.802154401684
376.802154401684
376.802154401684
376.802154401684
376.802154401684
376.802154401684
376.802154401684
376.802154401684
376.802154401684
376.802154401684
376.802154401684
376.802154401684
376.802154401684
376.802154401684
376.802154401684
376.802154401684
376.802154401684
376.802154401684
376.802154401684
376.802154401684
376.802154401684
376.802154401684
376.802154401684
376.802154401684
376.802154401684
376.802154401684
376.802154401684
376.802154401684
376.802154401684
376.802154401684
376.802154401684
376.802154401684
376.802154401684
376.802154401684
376.802154401684
376.802154401684
376.802154401684
376.802154401684
376.802154401684
376.802154401684
376.802154401684
376.802154401684
376.802154401684
376.802154401684
376.802154401684
376.802154401684
376.802154401684
376.802154401684
376.802154401684
376.802154401684
376.802154401684
376.802154401684
376.802154401684
376.802154401684
376.802154401684
376.802154401684
376.802154401684
376.802154401684
376.802154401684
376.802154401684
376.802154401684
376.802154401684
376.802154401684
376.802154401684
376.802154401684
376.802154401684
376.802154401684
376.802154401684
376.802154401684
376.802154401684
376.802154401684
376.802154401684
376.802154401684
376.802154401684
376.802154401684
376.802154401684
376.802154401684
376.802154401684
376.802154401684
376.802154401684
376.802154401684
376.802154401684
376.802154401684
376.802154401684
376.802154401684
376.802154401684
376.802154401684
376.802154401684
376.802154401684
376.802154401684
376.802154401684
376.802154401684
376.802154401684
376.802154401684
376.802154401684
376.802154401684
376.802154401684
376.802154401684
376.802154401684
376.802154401684
376.802154401684
376.802154401684
376.802154401684
376.802154401684
376.802154401684
376.802154401684
376.802154401684
376.802154401684
376.802154401684
376.802154401684
376.802154401684
376.802154401684
376.802154401684
376.802154401684
376.802154401684
376.802154401684
376.802154401684
376.802154401684
376.802154401684
376.802154401684
376.802154401684
376.802154401684
376.802154401684
376.802154401684
376.802154401684
376.802154401684
376.802154401684
376.802154401684
376.802154401684
376.802154401684
376.802154401684
376.802154401684
376.802154401684
376.802154401684
376.802154401684
376.802154401684
376.802154401684
376.802154401684
376.802154401684
376.802154401684
376.802154401684
376.802154401684
376.802154401684
376.802154401684
376.802154401684
376.802154401684
376.802154401684
376.802154401684
376.802154401684
376.802154401684
376.802154401684
376.802154401684
376.802154401684
376.802154401684
376.802154401684
376.802154401684
376.802154401684
376.802154401684
376.802154401684
376.802154401684
376.802154401684
376.802154401684
376.802154401684
376.802154401684
376.802154401684
376.802154401684
376.802154401684
376.802154401684
376.802154401684
376.802154401684
376.802154401684
376.802154401684
376.802154401684
376.802154401684
376.802154401684
376.802154401684
376.802154401684
376.802154401684
376.802154401684
376.802154401684
376.802154401684
376.802154401684
376.802154401684
376.802154401684
376.802154401684
376.802154401684
376.802154401684
376.802154401684
376.802154401684
376.802154401684
376.802154401684
376.802154401684
376.802154401684
376.802154401684
376.802154401684
376.802154401684
376.802154401684
376.802154401684
376.802154401684
376.802154401684
376.802154401684
376.802154401684
376.802154401684
376.802154401684
376.802154401684
376.802154401684
376.802154401684
376.802154401684
376.802154401684
376.802154401684
376.802154401684
376.802154401684
376.802154401684
376.802154401684
376.802154401684
376.802154401684
376.802154401684
376.802154401684
376.802154401684
376.802154401684
376.802154401684
376.802154401684
376.802154401684
376.802154401684
376.802154401684
376.802154401684
376.802154401684
376.802154401684
376.802154401684
376.802154401684
376.802154401684
376.802154401684
376.802154401684
376.802154401684
376.802154401684
376.802154401684
376.802154401684
376.802154401684
376.802154401684
376.802154401684
376.802154401684
376.802154401684
376.802154401684
376.802154401684
376.802154401684
376.802154401684
376.802154401684
376.802154401684
376.802154401684
376.802154401684
376.802154401684
376.802154401684
376.802154401684
376.802154401684
376.802154401684
376.802154401684
376.802154401684
376.802154401684
376.802154401684
376.802154401684

ave
747.336469032288
748.948741103307
726.722118125827
736.662322437070
734.300725706064
719.898843932474
685.527991402610
711.681285266647
695.888331552529
695.224360127315
760.877281411568
704.158114864090
704.811567908871
688.965332242183
654.737791705849
725.644412561627
593.340758048948
553.925443716505
577.337043241063
603.393464501497
602.051509953671
565.776633662066
502.850230400649
590.699685409155
599.908036478419
537.639220805764
548.315665935066
500.283215572704
536.720420805646
514.639429041078
438.334734647658
465.196196410496
500.099873026646
488.506108239322
475.870723890687
476.604622929987
463.372622077826
451.033901615667
414.148433645852
425.505915288649
474.425677691495
390.007709287015
425.859642220966
461.180549198755
401.266134177673
437.793240780479
438.813348905873
389.094199853900
376.802154401684
413.573552475062
389.708774313783
376.922759480002
376.802154401684
388.965735480879
388.954271273321
376.802154401684
413.620540795165
389.112936046870
389.210664038778
401.945178099750
389.444188114145
389.297055007762
376.802154401684
389.537944033326
389.507377956478
376.808890915882
414.228098069001
376.802154401684
376.802154401684
401.491813725328
376.802154401684
401.718731039050
401.829540434283
413.421474058341
389.238465515961
376.802154401684
376.802154401684
376.814057790889
402.624073893686
376.802154401684
403.424785826436
376.802154401684
389.507377956478
389.444188114145
401.353821153519
389.644044021921
389.683368560039
376.889077236691
401.040377621787
376.802154401684
389.632583530096
427.639496881880
376.802154401684
389.227168024083
389.014511034273
389.392508623077
376.802154401684
401.555416259840
389.252837771611
400.623385362186
389.417442685838
388.939543652190
388.723425733722
376.936449972929
401.162041695773
376.802154401684
389.399993001335
401.402797767363
401.491701211066
376.802154401684
376.802154401684
376.802154401684
376.802154401684
376.802154401684
389.443451410811
426.117868990992
401.969476326220
389.116341776984
426.353576165271
376.802154401684
389.211660455964
376.808890915882
389.977487548614
389.310524401870
401.012490409050
389.339251749872
413.622175720871
389.212423299201
401.928215110805
401.412945533841
401.724695650945
376.802154401684
389.420223913241
414.100906530952
389.362327785980
401.209509266881
376.802154401684
389.592589481542
376.835415480879
376.802154401684
376.802154401684
401.229825406346
376.802154401684
389.235530766334
376.802154401684
376.808890915882
402.750083833418
401.248970384128
376.802154401684
376.802154401684
389.343549392308
402.133178372576
376.835415480879
389.245913488583
425.616978354222
389.312274471658
376.802154401684
389.229180631558
414.023277461771
376.802154401684
413.560437463519
401.798553411638
388.977241401678
402.270715274879
413.576235662763
376.823871371542
438.436650880817
389.250693949529
376.802154401684
401.051647850438
376.802154401684
389.014511034273
400.956329084773
388.947534759124
388.894997264347
376.802154401684
376.802154401684
389.368461829804
376.802154401684
413.640173173071
376.802154401684
388.986454713133
376.802154401684
376.802154401684
413.941744358832
389.412858697198
376.802154401684
401.675621896728
402.279477063741
401.781440723956
376.802154401684
376.802154401684
388.986550483833
389.178739529697
401.899746771590
390.145760958661
402.031688371207
376.802154401684
388.986454713133
376.802154401684
401.807166948164
376.802154401684
389.142283798219
376.802154401684
389.327904254447
401.320010886746
376.802154401684
389.112936046870
401.401720833344
389.394719719744
376.802154401684
389.391252701159
401.426480716883
413.818941291898
389.029499653316
389.309954904700
389.112936046870
389.579459631137
376.802154401684
376.802154401684
401.334939620805
377.122875433159
388.951906482977
388.736681704318
389.317260916067
376.909286451607
376.802154401684
376.802154401684
389.849616079347
376.802154401684
389.347581369980
401.643090129209
376.802154401684
400.888781316808
401.287058501400
376.802154401684
376.802154401684
402.319196109099
400.601668392328
390.509440099513
388.986454713133
401.268032740777
388.986550483833
388.986550483833
376.802154401684
388.879036035284
402.162201808233
389.424315867793
376.802154401684
389.433041741326
376.802154401684
389.509078709791
376.802154401684
389.146263712508
377.007200653671
401.923357082910
376.802154401684
389.029292835592
413.647139753952
376.814057790889
388.795938454145
389.514114470675
401.580418948197
376.988193747872
389.376128987664
389.226455476277
413.499406904720
400.859119589107
389.377338063821
376.802154401684
376.802154401684
376.802154401684
390.284264095346
389.014511034273
376.802154401684
376.802154401684
376.802154401684
376.802154401684
401.816979612246
401.266226412518
376.802154401684
414.885910038682
389.111846493257
376.802154401684
389.014511034273
376.823871371542
413.867039895685
376.802154401684
388.736681704318
389.229400003435
402.009398883116
376.802154401684
413.680925694037
389.112936046870
376.802154401684
389.572404291003
376.802154401684
388.986454713133
389.271311123118
389.264052827705
376.802154401684
413.864386792182
389.365109013384
414.163705948467
376.802154401684
401.011400855437
376.835415480879
390.361575765840
388.894997264347
414.158566264557
389.465130151314
389.386183642637
401.491714571379
389.828828182533
376.802154401684
389.628242395010
376.802154401684
415.321638732222
376.802154401684
377.086021757599
389.014511034273
414.853413649797
389.277586782913
377.058041793201
389.628650094140
401.398859684713
402.847286515229
401.254395899418
389.178739529697
376.802154401684
389.343215983896
389.353378131962
376.802154401684
389.555458733753
389.417442685838
389.312274471658
389.104918426557
414.716607807771
401.931085737327
402.579228164827
388.736681704317
390.124362729825
376.802154401684
376.802154401684
401.490275835540
414.344702038243
376.802154401684
401.858207401108
413.607346897103
389.116341776984
389.371069802152
389.340398773630
389.086096168979
376.802154401684
427.339623752172
376.802154401684
389.212423299201
389.112936046870
401.325897920901
401.584259590078
401.550023330293
389.112936046870
388.947534759124
388.986454713133
377.378762824675
376.841845627919
389.333532070020
389.552881044164
376.802154401684
376.802154401684
402.601534927990
389.382058124191
388.795938454145
414.650546653417
401.858071716937
377.129611947356
376.802154401684
388.976707210945
388.784474246587
376.802154401684
376.802154401684
401.561475284699
389.622015542557
389.244929138093
376.802154401684
451.432776666656
402.198767262305
376.802154401684
376.802154401684
377.049024126814
376.808890915882
376.802154401684
388.667141089695
376.802154401684
376.802154401684
376.841845627919
401.767850466901
389.103590026688
388.986454713133
376.802154401684
376.802154401684
389.084689214131
401.131835070572
389.040389645790
401.287986108838
388.879036035284
389.730641575503
376.802154401684
389.141325780559
400.726799699710
376.802154401684
376.802154401684
389.178739529697
389.014511034273
414.744225534382
389.685044906985
389.492639725700
389.420223913241
389.417442685838
413.649526376790
389.014511034273
414.058674884760
401.245924635080
376.802154401684
376.802154401684
401.580154666159
376.802154401684
389.390692183995
376.802154401684
376.802154401684
389.290650461432
376.802154401684
402.114831707380
401.443463219615
376.802154401684
388.894997264347
376.802154401684
376.802154401684
376.802154401684
376.802154401684
401.131065964768
376.802154401684
376.802154401684
376.808890915882
376.802154401684
376.802154401684
376.802154401684
440.423319377270
412.682817506823
401.952257337536
389.579459631137
401.943521286945
388.795938454145
401.214385349971
376.802154401684
389.253479327273
401.700371017936
376.802154401684
388.894997264347
426.509132230622
376.802154401684
402.620722607822
389.005847870231
437.847945076172
388.802674968343
389.178939547287
389.828828182533
414.069156808342
388.976707210945
376.802154401684
400.980934374539
388.667141089695
401.455867551865
389.453484992436
389.249359764236
376.802154401684
400.920982015766
388.986550483833
388.894997264347
389.593239998030
388.986454713133
377.086021757599
388.986550483833
401.389888317333
376.802154401684
389.057402735792
388.986454713133
401.322113946724
388.667141089695
376.802154401684
376.823871371542
389.492639725700
388.845886262323
376.823871371542
389.428262595411
389.612733871072
376.802154401684
389.823486281002
388.993191227330
376.802154401684