最优解为:635.3697
最优解路径:

Best_route =

     0     0     0     0     0     0     0     0     0     0     0     0     0     0     0     0
     0     0     0     0     0     0     0     0     0     0     0     0     0     0     0     0
     0     0     0     0     0     0     0     0     0     0     0     0     0     0     0     0
    10     6     9     2     8     1     4    12    13     0     0     0     0     0     0     0
    11    15     5     3     7    14     0     0     0     0     0     0     0     0     0     0

本次运算用时:28.264秒
算法在第75代时收敛

best
644.378834888803
644.155014447409
644.155014447409
644.055238987473
644.055238987473
639.372195943851
638.898955429719
638.898955429719
638.898955429719
638.898955429719
638.898955429719
638.898955429719
638.898955429719
638.898955429719
638.898955429719
638.898955429719
638.898955429719
638.293492459833
638.293492459833
637.207492459833
637.207492459833
637.207492459833
637.207492459833
636.992946418310
636.992946418310
636.992946418310
636.992946418310
636.992946418310
636.992946418310
636.992946418310
635.906946418310
635.906946418310
635.906946418310
635.906946418310
635.906946418310
635.906946418310
635.906946418310
635.906946418310
635.906946418310
635.906946418310
635.906946418310
635.906946418310
635.906946418310
635.906946418310
635.906946418310
635.906946418310
635.906946418310
635.906946418310
635.906946418310
635.906946418310
635.906946418310
635.906946418310
635.906946418310
635.906946418310
635.906946418310
635.906946418310
635.906946418310
635.906946418310
635.906946418310
635.906946418310
635.906946418310
635.906946418310
635.906946418310
635.906946418310
635.906946418310
635.906946418310
635.906946418310
635.906946418310
635.906946418310
635.906946418310
635.906946418310
635.906946418310
635.906946418310
635.906946418310
635.369683806339
635.369683806339
635.369683806339
635.369683806339
635.369683806339
635.369683806339
635.369683806339
635.369683806339
635.369683806339
635.369683806339
635.369683806339
635.369683806339
635.369683806339
635.369683806339
635.369683806339
635.369683806339
635.369683806339
635.369683806339
635.369683806339
635.369683806339
635.369683806339
635.369683806339
635.369683806339
635.369683806339
635.369683806339
635.369683806339
635.369683806339
635.369683806339
635.369683806339
635.369683806339
635.369683806339
635.369683806339
635.369683806339
635.369683806339
635.369683806339
635.369683806339
635.369683806339
635.369683806339
635.369683806339
635.369683806339
635.369683806339
635.369683806339
635.369683806339
635.369683806339
635.369683806339
635.369683806339
635.369683806339
635.369683806339
635.369683806339
635.369683806339
635.369683806339
635.369683806339
635.369683806339
635.369683806339
635.369683806339
635.369683806339
635.369683806339
635.369683806339
635.369683806339
635.369683806339
635.369683806339
635.369683806339
635.369683806339
635.369683806339
635.369683806339
635.369683806339
635.369683806339
635.369683806339
635.369683806339
635.369683806339
635.369683806339
635.369683806339
635.369683806339
635.369683806339
635.369683806339
635.369683806339
635.369683806339
635.369683806339
635.369683806339
635.369683806339
635.369683806339
635.369683806339
635.369683806339
635.369683806339
635.369683806339
635.369683806339
635.369683806339
635.369683806339
635.369683806339
635.369683806339
635.369683806339
635.369683806339
635.369683806339
635.369683806339
635.369683806339
635.369683806339
635.369683806339
635.369683806339
635.369683806339
635.369683806339
635.369683806339
635.369683806339
635.369683806339
635.369683806339
635.369683806339
635.369683806339
635.369683806339
635.369683806339
635.369683806339
635.369683806339
635.369683806339
635.369683806339
635.369683806339
635.369683806339
635.369683806339
635.369683806339
635.369683806339
635.369683806339
635.369683806339
635.369683806339
635.369683806339
635.369683806339
635.369683806339
635.369683806339
635.369683806339
635.369683806339
635.369683806339
635.369683806339
635.369683806339
635.369683806339
635.369683806339
635.369683806339
635.369683806339
635.369683806339
635.369683806339
635.369683806339
635.369683806339
635.369683806339
635.369683806339
635.369683806339
635.369683806339
635.369683806339
635.369683806339
635.369683806339
635.369683806339
635.369683806339
635.369683806339
635.369683806339
635.369683806339
635.369683806339
635.369683806339
635.369683806339
635.369683806339
635.369683806339
635.369683806339
635.369683806339
635.369683806339
635.369683806339
635.369683806339
635.369683806339
635.369683806339
635.369683806339
635.369683806339
635.369683806339
635.369683806339
635.369683806339
635.369683806339
635.369683806339
635.369683806339
635.369683806339
635.369683806339
635.369683806339
635.369683806339
635.369683806339
635.369683806339
635.369683806339
635.369683806339
635.369683806339
635.369683806339
635.369683806339
635.369683806339
635.369683806339
635.369683806339
635.369683806339
635.369683806339
635.369683806339
635.369683806339
635.369683806339
635.369683806339
635.369683806339
635.369683806339
635.369683806339
635.369683806339
635.369683806339
635.369683806339
635.369683806339
635.369683806339
635.369683806339
635.369683806339
635.369683806339
635.369683806339
635.369683806339
635.369683806339
635.369683806339
635.369683806339
635.369683806339
635.369683806339
635.369683806339
635.369683806339
635.369683806339
635.369683806339
635.369683806339
635.369683806339
635.369683806339
635.369683806339
635.369683806339
635.369683806339
635.369683806339
635.369683806339
635.369683806339
635.369683806339
635.369683806339
635.369683806339
635.369683806339
635.369683806339
635.369683806339
635.369683806339
635.369683806339
635.369683806339
635.369683806339
635.369683806339
635.369683806339
635.369683806339
635.369683806339
635.369683806339
635.369683806339
635.369683806339
635.369683806339
635.369683806339
635.369683806339
635.369683806339
635.369683806339
635.369683806339
635.369683806339
635.369683806339
635.369683806339
635.369683806339
635.369683806339
635.369683806339
635.369683806339
635.369683806339
635.369683806339
635.369683806339
635.369683806339
635.369683806339
635.369683806339
635.369683806339
635.369683806339
635.369683806339
635.369683806339
635.369683806339
635.369683806339
635.369683806339
635.369683806339
635.369683806339
635.369683806339
635.369683806339
635.369683806339
635.369683806339
635.369683806339
635.369683806339
635.369683806339
635.369683806339
635.369683806339
635.369683806339
635.369683806339
635.369683806339
635.369683806339
635.369683806339
635.369683806339
635.369683806339
635.369683806339
635.369683806339
635.369683806339
635.369683806339
635.369683806339
635.369683806339
635.369683806339
635.369683806339
635.369683806339
635.369683806339
635.369683806339
635.369683806339
635.369683806339
635.369683806339
635.369683806339
635.369683806339
635.369683806339
635.369683806339
635.369683806339
635.369683806339
635.369683806339
635.369683806339
635.369683806339
635.369683806339
635.369683806339
635.369683806339
635.369683806339
635.369683806339
635.369683806339
635.369683806339
635.369683806339
635.369683806339
635.369683806339
635.369683806339
635.369683806339
635.369683806339
635.369683806339
635.369683806339
635.369683806339
635.369683806339
635.369683806339
635.369683806339
635.369683806339
635.369683806339
635.369683806339
635.369683806339
635.369683806339
635.369683806339
635.369683806339
635.369683806339
635.369683806339
635.369683806339
635.369683806339
635.369683806339
635.369683806339
635.369683806339
635.369683806339
635.369683806339
635.369683806339
635.369683806339
635.369683806339
635.369683806339
635.369683806339
635.369683806339
635.369683806339
635.369683806339
635.369683806339
635.369683806339
635.369683806339
635.369683806339
635.369683806339
635.369683806339
635.369683806339
635.369683806339
635.369683806339
635.369683806339
635.369683806339
635.369683806339
635.369683806339
635.369683806339
635.369683806339
635.369683806339
635.369683806339
635.369683806339
635.369683806339
635.369683806339
635.369683806339
635.369683806339
635.369683806339
635.369683806339
635.369683806339
635.369683806339
635.369683806339
635.369683806339
635.369683806339
635.369683806339
635.369683806339
635.369683806339
635.369683806339
635.369683806339
635.369683806339
635.369683806339
635.369683806339
635.369683806339
635.369683806339
635.369683806339
635.369683806339
635.369683806339
635.369683806339
635.369683806339
635.369683806339
635.369683806339
635.369683806339
635.369683806339
635.369683806339
635.369683806339
635.369683806339
635.369683806339
635.369683806339
635.369683806339
635.369683806339
635.369683806339
635.369683806339
635.369683806339
635.369683806339
635.369683806339
635.369683806339
635.369683806339
635.369683806339
635.369683806339
635.369683806339
635.369683806339
635.369683806339
635.369683806339
635.369683806339
635.369683806339
635.369683806339
635.369683806339
635.369683806339
635.369683806339
635.369683806339
635.369683806339
635.369683806339
635.369683806339
635.369683806339

ave
774.859040460662
774.866189775774
761.995205495673
746.887219206498
735.783032018278
673.907547203237
674.293124715065
696.046866348118
672.926057074679
696.365781682207
671.847352762015
708.573496941845
673.615955778941
696.651013726674
672.360274040526
695.173950987396
706.024373757977
647.115400510688
694.613288933657
693.822094651275
695.218085392745
670.405976143895
682.673497107570
679.953417254019
669.179533329840
715.295205444624
690.788731796520
679.343857520964
642.636069099773
677.756490265361
677.033720478688
690.023401819375
689.255043112106
736.345903651110
736.372311811040
687.250983965517
722.619266218293
710.654234076277
686.685912233441
734.763834226573
674.443206556231
685.619465863388
661.145482124288
697.059507401017
696.620457543466
684.978034480500
648.454637998111
660.442979113461
673.653250772619
672.811194349817
648.266262141343
649.133230570466
660.940749994875
673.255588615083
636.210495626615
649.219543269321
636.907669964094
660.848213803111
649.176722023552
636.644015402280
648.937520947046
672.872634453387
648.259276985765
636.645416951267
660.102093911466
636.102093911466
685.099447404209
648.513500265184
647.958968259971
648.826507139180
636.931952371489
636.217253510503
659.938709115030
636.251896467553
637.165165975378
659.906946418310
660.942987623004
636.173149684897
637.145963990741
647.875060482544
637.062424115377
636.667418407930
649.159129757381
636.851016736883
636.823226585219
635.693803034519
660.216287769590
635.712973541090
636.256229692458
647.894875427625
636.040003945806
648.309001375647
636.499520911389
649.064362849606
635.723779572305
660.064667409191
647.592216450928
635.727834310818
635.810887568245
659.941776561929
636.932846475116
635.391174310818
647.706343806339
648.146884939292
636.213107636171
647.831089618776
636.026182948886
648.540192773071
648.552834390392
647.423759888488
636.695133251449
636.140519888488
635.833466627213
636.522302756014
636.480188351057
648.059729384415
636.247546892234
635.810887568245
635.706343806339
647.369683806339
636.077360973982
636.297249448088
647.759033237088
635.369683806339
635.706343806339
635.518078634570
648.495020056967
635.870988670464
635.369683806339
635.634327994453
635.369683806339
636.679908671604
636.693258590776
636.806784020647
635.391174310818
648.430985341394
636.090105689460
648.884150029811
635.369683806339
635.534328670464
636.686267412300
636.418095180973
648.270578560526
635.810887568245
649.174099074492
636.291503030516
648.210740518856
635.794016615600
635.618077958560
647.963179006314
660.089709616738
635.369683806339
636.372186471269
635.369683806339
648.755878768687
635.761611215921
635.693577687399
635.706343806339
648.521513876870
635.369683806339
647.930245451525
636.405620606307
647.369683806339
636.838671070615
636.123927260601
635.512809457834
636.376814004760
636.750402214497
636.843854263809
635.833466627213
635.933910196402
636.720284150631
636.415990489682
635.693577687399
660.014942581376
636.175119977635
636.716480389977
636.467336615600
636.105131372608
648.678315143449
635.369683806339
635.675776732418
659.644964076603
660.147531614503
648.358421042613
635.518078634570
635.859605710452
635.369683806339
637.249213370813
636.117910496660
635.680798563347
635.714633855582
636.295321479725
635.769136161106
647.390920605814
636.670940532441
636.049332489150
648.444110602778
635.534328670464
635.833466627213
647.916985492055
660.247712867494
649.029609638542
636.030982033352
635.369683806339
635.858222551524
636.102408047971
636.385823180907
635.773948130497
635.810887568245
635.693577687399
636.014684949547
636.085027281600
635.534328670464
648.412974824569
635.369683806339
636.017471568459
635.369683806339
635.461562632709
647.704927281600
636.544514025594
649.566567313585
648.004692444407
647.803859888488
649.001249954119
635.803859888488
635.845443427472
636.636822575050
635.855881730149
635.369683806339
647.838249424861
648.122556117981
636.461005285311
636.065034459254
648.419803445928
635.792062610135
636.261598601657
635.714633855582
635.369683806339
648.170126627213
647.534328670464
648.260628228657
635.534328670464
636.914630521838
635.369683806339
648.379108243260
635.534328670464
635.806343130329
636.162010392967
636.291397958560
636.720982011222
647.833031401911
635.666473462802
636.043003806339
635.693577687399
635.983699184112
636.749965521037
636.317539092765
635.803859888488
659.919493248189
635.789096478224
636.755180779434
647.985058791512
649.441340892340
635.369683806339
636.668828169903
648.367846835180
648.553286623553
635.810887568245
636.019383498695
647.810887568245
649.638780996076
647.548988591474
636.959449779582
659.549389027904
648.013171848778
647.993838255703
648.104484470867
648.140519888488
635.369683806339
635.534328670464
635.706343806339
636.624021493074
647.751373848791
636.403017307730
671.637868600515
672.525601423272
635.870988670464
635.764844163778
635.933465951203
636.004692444407
648.071534645496
637.068577593866
636.861929623864
648.840084590662
636.325277831146
647.992224793928
648.642458541318
637.020447394354
647.384744163778
636.134781449305
635.369683806339
647.692161162660
648.411537732142
648.286876446595
636.279071443831
635.645056169893
635.803859888488
635.930982709363
635.961991111312
635.974457113624
647.948526308643
660.349485930714
660.430279594070
635.930439291242
636.034513272098
635.833466627213
635.369683806339
636.458061012855
636.325365439191
635.706343806339
659.887542709363
636.690042969291
635.640701649993
647.763848697561
659.977361649993
635.854738634570
636.216668359113
635.706343806339
647.721404163778
647.411707281600
647.976002559573
636.527872262946
647.998462704175
635.469683130329
635.512809457834
647.451720438927
636.326803128917
636.218506674755
635.369683806339
635.369683806339
635.369683806339
635.534328670464
635.706343806339
648.216395419396
647.680798563347
647.969571469715
648.207648670464
635.518078634570
635.996465303052
649.813134687733
648.071744330194
635.748367281600
635.803859888488
635.518078634570
635.612808781824
636.977147894835
649.398627077438
636.031025053754
635.469683130329
635.369683806339
635.369683806339
647.534328670464
648.086879769659
635.693577687399
636.155837617488
648.449817678074
647.818920245928
647.758866664843
635.534328670464
659.661938449468
635.618077958560
635.627969056871
635.968974879817
635.803859888488
636.760905155912
635.569682454318
659.750576615600
635.534328670464
635.810887568245
636.218857579382
635.930982709363
636.035633534589
648.856708751588
635.369683806339
636.451634645497
647.369683806339
637.426266003965
636.507983582490
635.669992532133
635.369683806339
647.720741236087
635.369683806339
635.693577687399
635.369683806339
647.864963650394
635.369683806339
635.518078634570
635.518078634570
636.422444300600
635.833466627213
648.177000151718
636.081905411898
635.369683806339
659.562311443831
647.892924200833
636.270406098378
635.803859888488
635.951816407001
635.369683806339
648.189044624626
635.369683806339
648.718236460309
636.199688683813
635.828201348995
647.369683806339
635.369683806339
635.640701649993
660.549373248189
648.000760761616
648.429644731679
636.738521042613
635.706343806339
636.364098057196
635.369683806339
635.854738634570
635.469683130329
635.682723498695
647.775614319987
636.158265254820
636.788970540075
648.200290592118
648.573920123811
647.821163295179
660.410121207403
660.021296573680
636.467336615600
636.477179888488
647.369683806339
636.150246039542
659.891113605628
637.261662594788
647.985862066282
635.794016615600
636.301077214873
635.369683806339
648.409708514519
636.078395174914
635.803859888488
635.534328670464
636.394765530237
635.518078634570
635.803859888488
659.749798466744
635.959291341370
637.090979596799
635.369683806339
648.366331526956
636.130676615600
635.534328670464
635.870988670464
648.143998168389
635.534328670464
635.369683806339
636.348196026789
635.906342454318
648.442723159587
636.137156992185
636.205130696598
635.369683806339
635.534328670464
635.970987994453
635.666473462802
648.658178295462
635.682723498695
648.309427879199
647.369683806339
635.369683806339
648.220002015218
636.130676615600
636.678470256208
648.172878360207
636.562922202779
635.369683806339
635.706343806339
648.576564679466
649.413642401557
648.634758483868
635.369683806339
635.369683806339
661.937165394754
647.729932796466
635.803859888488
636.196113855607
635.693577687399
647.369683806339
635.369683806339
636.099563130328
635.469683130329
636.095627573488