最优解为:5466.2072
最优解路径:

Best_route =

  1 至 24 列

     0     0     0     0     0     0     0     0     0     0     0     0     0     0     0     0     0     0     0     0     0     0     0     0
    37    38    71    72    85    86    58    22     0     0     0     0     0     0     0     0     0     0     0     0     0     0     0     0
    67    68    82    23    24    50    48    91    92     0     0     0     0     0     0     0     0     0     0     0     0     0     0     0
    18    93    94    25    26    51    52    27     2    13    14     0     0     0     0     0     0     0     0     0     0     0     0     0
    39    40    35    55    49    21    11    12    53    54     0     0     0     0     0     0     0     0     0     0     0     0     0     0
    95    96    36    74    69    70    84     0     0     0     0     0     0     0     0     0     0     0     0     0     0     0     0     0
    43    44    83    33    34    29    30    87    88    15    16    19    20     0     0     0     0     0     0     0     0     0     0     0
     0     0     0     0     0     0     0     0     0     0     0     0     0     0     0     0     0     0     0     0     0     0     0     0
    31    32    73    62    75    76     5    97    98    63    64     0     0     0     0     0     0     0     0     0     0     0     0     0
     0     0     0     0     0     0     0     0     0     0     0     0     0     0     0     0     0     0     0     0     0     0     0     0
    59    60    61     1    56     7     8     3     4    89    90    79    80     0     0     0     0     0     0     0     0     0     0     0
     0     0     0     0     0     0     0     0     0     0     0     0     0     0     0     0     0     0     0     0     0     0     0     0
     0     0     0     0     0     0     0     0     0     0     0     0     0     0     0     0     0     0     0     0     0     0     0     0
    17    81    45    46    65    66    77    78    41    42     0     0     0     0     0     0     0     0     0     0     0     0     0     0
     9    10    47    57     6    99   100    28     0     0     0     0     0     0     0     0     0     0     0     0     0     0     0     0

  25 至 48 列

     0     0     0     0     0     0     0     0     0     0     0     0     0     0     0     0     0     0     0     0     0     0     0     0
     0     0     0     0     0     0     0     0     0     0     0     0     0     0     0     0     0     0     0     0     0     0     0     0
     0     0     0     0     0     0     0     0     0     0     0     0     0     0     0     0     0     0     0     0     0     0     0     0
     0     0     0     0     0     0     0     0     0     0     0     0     0     0     0     0     0     0     0     0     0     0     0     0
     0     0     0     0     0     0     0     0     0     0     0     0     0     0     0     0     0     0     0     0     0     0     0     0
     0     0     0     0     0     0     0     0     0     0     0     0     0     0     0     0     0     0     0     0     0     0     0     0
     0     0     0     0     0     0     0     0     0     0     0     0     0     0     0     0     0     0     0     0     0     0     0     0
     0     0     0     0     0     0     0     0     0     0     0     0     0     0     0     0     0     0     0     0     0     0     0     0
     0     0     0     0     0     0     0     0     0     0     0     0     0     0     0     0     0     0     0     0     0     0     0     0
     0     0     0     0     0     0     0     0     0     0     0     0     0     0     0     0     0     0     0     0     0     0     0     0
     0     0     0     0     0     0     0     0     0     0     0     0     0     0     0     0     0     0     0     0     0     0     0     0
     0     0     0     0     0     0     0     0     0     0     0     0     0     0     0     0     0     0     0     0     0     0     0     0
     0     0     0     0     0     0     0     0     0     0     0     0     0     0     0     0     0     0     0     0     0     0     0     0
     0     0     0     0     0     0     0     0     0     0     0     0     0     0     0     0     0     0     0     0     0     0     0     0
     0     0     0     0     0     0     0     0     0     0     0     0     0     0     0     0     0     0     0     0     0     0     0     0

  49 至 72 列

     0     0     0     0     0     0     0     0     0     0     0     0     0     0     0     0     0     0     0     0     0     0     0     0
     0     0     0     0     0     0     0     0     0     0     0     0     0     0     0     0     0     0     0     0     0     0     0     0
     0     0     0     0     0     0     0     0     0     0     0     0     0     0     0     0     0     0     0     0     0     0     0     0
     0     0     0     0     0     0     0     0     0     0     0     0     0     0     0     0     0     0     0     0     0     0     0     0
     0     0     0     0     0     0     0     0     0     0     0     0     0     0     0     0     0     0     0     0     0     0     0     0
     0     0     0     0     0     0     0     0     0     0     0     0     0     0     0     0     0     0     0     0     0     0     0     0
     0     0     0     0     0     0     0     0     0     0     0     0     0     0     0     0     0     0     0     0     0     0     0     0
     0     0     0     0     0     0     0     0     0     0     0     0     0     0     0     0     0     0     0     0     0     0     0     0
     0     0     0     0     0     0     0     0     0     0     0     0     0     0     0     0     0     0     0     0     0     0     0     0
     0     0     0     0     0     0     0     0     0     0     0     0     0     0     0     0     0     0     0     0     0     0     0     0
     0     0     0     0     0     0     0     0     0     0     0     0     0     0     0     0     0     0     0     0     0     0     0     0
     0     0     0     0     0     0     0     0     0     0     0     0     0     0     0     0     0     0     0     0     0     0     0     0
     0     0     0     0     0     0     0     0     0     0     0     0     0     0     0     0     0     0     0     0     0     0     0     0
     0     0     0     0     0     0     0     0     0     0     0     0     0     0     0     0     0     0     0     0     0     0     0     0
     0     0     0     0     0     0     0     0     0     0     0     0     0     0     0     0     0     0     0     0     0     0     0     0

  73 至 96 列

     0     0     0     0     0     0     0     0     0     0     0     0     0     0     0     0     0     0     0     0     0     0     0     0
     0     0     0     0     0     0     0     0     0     0     0     0     0     0     0     0     0     0     0     0     0     0     0     0
     0     0     0     0     0     0     0     0     0     0     0     0     0     0     0     0     0     0     0     0     0     0     0     0
     0     0     0     0     0     0     0     0     0     0     0     0     0     0     0     0     0     0     0     0     0     0     0     0
     0     0     0     0     0     0     0     0     0     0     0     0     0     0     0     0     0     0     0     0     0     0     0     0
     0     0     0     0     0     0     0     0     0     0     0     0     0     0     0     0     0     0     0     0     0     0     0     0
     0     0     0     0     0     0     0     0     0     0     0     0     0     0     0     0     0     0     0     0     0     0     0     0
     0     0     0     0     0     0     0     0     0     0     0     0     0     0     0     0     0     0     0     0     0     0     0     0
     0     0     0     0     0     0     0     0     0     0     0     0     0     0     0     0     0     0     0     0     0     0     0     0
     0     0     0     0     0     0     0     0     0     0     0     0     0     0     0     0     0     0     0     0     0     0     0     0
     0     0     0     0     0     0     0     0     0     0     0     0     0     0     0     0     0     0     0     0     0     0     0     0
     0     0     0     0     0     0     0     0     0     0     0     0     0     0     0     0     0     0     0     0     0     0     0     0
     0     0     0     0     0     0     0     0     0     0     0     0     0     0     0     0     0     0     0     0     0     0     0     0
     0     0     0     0     0     0     0     0     0     0     0     0     0     0     0     0     0     0     0     0     0     0     0     0
     0     0     0     0     0     0     0     0     0     0     0     0     0     0     0     0     0     0     0     0     0     0     0     0

  97 至 101 列

     0     0     0     0     0
     0     0     0     0     0
     0     0     0     0     0
     0     0     0     0     0
     0     0     0     0     0
     0     0     0     0     0
     0     0     0     0     0
     0     0     0     0     0
     0     0     0     0     0
     0     0     0     0     0
     0     0     0     0     0
     0     0     0     0     0
     0     0     0     0     0
     0     0     0     0     0
     0     0     0     0     0

本次运算用时:1796.753秒
算法在第465代时收敛

best
8037.86499765628
8037.86499765628
8037.86499765628
7799.27075885632
7799.27075885632
7758.97640484582
7758.97640484582
7595.25870460288
7415.66696445186
7415.66696445186
7415.66696445186
6460.36109151155
6460.36109151155
6460.36109151155
6460.36109151155
6460.36109151155
6460.36109151155
6460.36109151155
6460.36109151155
6460.36109151155
6460.36109151155
6460.36109151155
6460.36109151155
6460.36109151155
6460.36109151155
6460.36109151155
6460.36109151155
6460.36109151155
6460.36109151155
6460.36109151155
6460.36109151155
6460.36109151155
6460.36109151155
6460.36109151155
6460.36109151155
6460.36109151155
6460.36109151155
6460.36109151155
6460.36109151155
6460.36109151155
6460.36109151155
6460.36109151155
6460.36109151155
6460.36109151155
6460.36109151155
6460.36109151155
6460.36109151155
6460.36109151155
6460.36109151155
6460.36109151155
6460.36109151155
6460.36109151155
6460.36109151155
6460.36109151155
6460.36109151155
6460.36109151155
6460.36109151155
6460.36109151155
6460.36109151155
6460.36109151155
6460.36109151155
6460.36109151155
6460.36109151155
6460.36109151155
6254.56831612529
6254.56831612529
6254.56831612529
6254.56831612529
6254.56831612529
6254.56831612529
6254.56831612529
6254.56831612529
6254.56831612529
6254.56831612529
6254.56831612529
6254.56831612529
6254.56831612529
6254.56831612529
6254.56831612529
6254.56831612529
6254.56831612529
6254.56831612529
6254.56831612529
6254.56831612529
6254.56831612529
6254.56831612529
6254.56831612529
6254.56831612529
6254.56831612529
6254.56831612529
6254.56831612529
6254.56831612529
6254.56831612529
6254.56831612529
6230.06363504840
6230.06363504840
6230.06363504840
6230.06363504840
6230.06363504840
6121.40618953443
6121.40618953443
6121.40618953443
6121.40618953443
6121.40618953443
6121.40618953443
6121.40618953443
6121.40618953443
6121.40618953443
6121.40618953443
6121.40618953443
6121.40618953443
6121.40618953443
6121.40618953443
6121.40618953443
6121.40618953443
6121.40618953443
6121.40618953443
6121.40618953443
6121.40618953443
6121.40618953443
6121.40618953443
6121.40618953443
6121.40618953443
6121.40618953443
6121.40618953443
6121.40618953443
6121.40618953443
6121.40618953443
6121.40618953443
6121.40618953443
6121.40618953443
6121.40618953443
6121.40618953443
6121.40618953443
6121.40618953443
6121.40618953443
6121.40618953443
6121.40618953443
6121.40618953443
6121.40618953443
6121.40618953443
6121.40618953443
6121.40618953443
6121.40618953443
6121.40618953443
6121.40618953443
6121.40618953443
6121.40618953443
6121.40618953443
6121.40618953443
6121.40618953443
6121.40618953443
6121.40618953443
6121.40618953443
6121.40618953443
6121.40618953443
6121.40618953443
6121.40618953443
6121.40618953443
6121.40618953443
6121.40618953443
5891.54573755017
5891.54573755017
5891.54573755017
5891.54573755017
5891.54573755017
5891.54573755017
5891.54573755017
5891.54573755017
5891.54573755017
5891.54573755017
5891.54573755017
5891.54573755017
5891.54573755017
5891.54573755017
5891.54573755017
5891.54573755017
5891.54573755017
5891.54573755017
5891.54573755017
5891.54573755017
5891.54573755017
5891.54573755017
5891.54573755017
5891.54573755017
5891.54573755017
5891.54573755017
5891.54573755017
5891.54573755017
5891.54573755017
5891.54573755017
5891.54573755017
5891.54573755017
5891.54573755017
5891.54573755017
5891.54573755017
5891.54573755017
5891.54573755017
5891.54573755017
5891.54573755017
5891.54573755017
5891.54573755017
5891.54573755017
5891.54573755017
5891.54573755017
5891.54573755017
5891.54573755017
5891.54573755017
5891.54573755017
5891.54573755017
5891.54573755017
5891.54573755017
5891.54573755017
5891.54573755017
5891.54573755017
5891.54573755017
5891.54573755017
5861.92876981742
5861.92876981742
5861.92876981742
5861.92876981742
5861.92876981742
5861.92876981742
5861.92876981742
5861.92876981742
5861.92876981742
5835.75013274941
5835.75013274941
5835.75013274941
5835.75013274941
5787.07375075832
5787.07375075832
5787.07375075832
5787.07375075832
5787.07375075832
5787.07375075832
5787.07375075832
5787.07375075832
5787.07375075832
5787.07375075832
5787.07375075832
5787.07375075832
5787.07375075832
5787.07375075832
5787.07375075832
5787.07375075832
5787.07375075832
5787.07375075832
5787.07375075832
5787.07375075832
5787.07375075832
5787.07375075832
5787.07375075832
5787.07375075832
5787.07375075832
5787.07375075832
5787.07375075832
5787.07375075832
5787.07375075832
5787.07375075832
5787.07375075832
5787.07375075832
5787.07375075832
5787.07375075832
5787.07375075832
5787.07375075832
5787.07375075832
5787.07375075832
5787.07375075832
5787.07375075832
5787.07375075832
5787.07375075832
5787.07375075832
5787.07375075832
5787.07375075832
5787.07375075832
5787.07375075832
5787.07375075832
5787.07375075832
5787.07375075832
5787.07375075832
5787.07375075832
5787.07375075832
5787.07375075832
5787.07375075832
5787.07375075832
5787.07375075832
5787.07375075832
5787.07375075832
5787.07375075832
5787.07375075832
5787.07375075832
5787.07375075832
5787.07375075832
5787.07375075832
5787.07375075832
5787.07375075832
5787.07375075832
5787.07375075832
5787.07375075832
5787.07375075832
5787.07375075832
5787.07375075832
5787.07375075832
5598.09100101903
5598.09100101903
5598.09100101903
5598.09100101903
5598.09100101903
5598.09100101903
5598.09100101903
5598.09100101903
5598.09100101903
5598.09100101903
5598.09100101903
5598.09100101903
5598.09100101903
5598.09100101903
5598.09100101903
5598.09100101903
5598.09100101903
5598.09100101903
5598.09100101903
5598.09100101903
5598.09100101903
5598.09100101903
5598.09100101903
5598.09100101903
5598.09100101903
5598.09100101903
5598.09100101903
5598.09100101903
5598.09100101903
5598.09100101903
5598.09100101903
5598.09100101903
5598.09100101903
5598.09100101903
5598.09100101903
5598.09100101903
5598.09100101903
5598.09100101903
5598.09100101903
5598.09100101903
5598.09100101903
5598.09100101903
5598.09100101903
5598.09100101903
5598.09100101903
5598.09100101903
5598.09100101903
5598.09100101903
5598.09100101903
5598.09100101903
5598.09100101903
5598.09100101903
5598.09100101903
5598.09100101903
5598.09100101903
5598.09100101903
5598.09100101903
5598.09100101903
5598.09100101903
5598.09100101903
5598.09100101903
5598.09100101903
5598.09100101903
5598.09100101903
5598.09100101903
5598.09100101903
5598.09100101903
5598.09100101903
5598.09100101903
5598.09100101903
5598.09100101903
5598.09100101903
5598.09100101903
5598.09100101903
5598.09100101903
5598.09100101903
5598.09100101903
5598.09100101903
5598.09100101903
5598.09100101903
5598.09100101903
5598.09100101903
5598.09100101903
5598.09100101903
5598.09100101903
5598.09100101903
5598.09100101903
5598.09100101903
5598.09100101903
5598.09100101903
5598.09100101903
5598.09100101903
5598.09100101903
5598.09100101903
5598.09100101903
5598.09100101903
5598.09100101903
5598.09100101903
5598.09100101903
5598.09100101903
5598.09100101903
5598.09100101903
5598.09100101903
5598.09100101903
5598.09100101903
5598.09100101903
5598.09100101903
5598.09100101903
5598.09100101903
5598.09100101903
5598.09100101903
5598.09100101903
5598.09100101903
5598.09100101903
5598.09100101903
5598.09100101903
5598.09100101903
5598.09100101903
5598.09100101903
5598.09100101903
5598.09100101903
5598.09100101903
5598.09100101903
5598.09100101903
5598.09100101903
5598.09100101903
5598.09100101903
5598.09100101903
5598.09100101903
5598.09100101903
5598.09100101903
5598.09100101903
5598.09100101903
5598.09100101903
5598.09100101903
5598.09100101903
5598.09100101903
5598.09100101903
5598.09100101903
5598.09100101903
5598.09100101903
5598.09100101903
5598.09100101903
5598.09100101903
5598.09100101903
5598.09100101903
5598.09100101903
5598.09100101903
5598.09100101903
5598.09100101903
5598.09100101903
5598.09100101903
5598.09100101903
5598.09100101903
5598.09100101903
5598.09100101903
5598.09100101903
5598.09100101903
5598.09100101903
5598.09100101903
5466.20716503969
5466.20716503969
5466.20716503969
5466.20716503969
5466.20716503969
5466.20716503969
5466.20716503969
5466.20716503969
5466.20716503969
5466.20716503969
5466.20716503969
5466.20716503969
5466.20716503969
5466.20716503969
5466.20716503969
5466.20716503969
5466.20716503969
5466.20716503969
5466.20716503969
5466.20716503969
5466.20716503969
5466.20716503969
5466.20716503969
5466.20716503969
5466.20716503969
5466.20716503969
5466.20716503969
5466.20716503969
5466.20716503969
5466.20716503969
5466.20716503969
5466.20716503969
5466.20716503969
5466.20716503969
5466.20716503969
5466.20716503969

ave
9750.44217338395
9629.01202996099
9727.17718592805
9425.04181845521
9731.07313543307
9453.67407851771
9512.92760495929
9572.05082808763
9587.71584965973
9375.88120748360
9634.12293474419
9170.58445999721
9396.08455028075
9476.21879079314
9295.52150764363
9103.52459007906
9503.44062151121
9680.10600905604
9629.61243189190
9751.70312656704
9595.53414891472
9736.26859515841
9535.47171863486
9178.61256316138
9540.08670425467
9515.80538007752
9729.99246523751
9558.65826786656
9561.47745166320
9272.68119851967
9454.82366151906
9234.63910016349
9372.03776284939
9215.51392305868
9461.19005721845
9789.76789009523
8702.23960417473
9186.80246897799
9369.86802857396
8932.33737373366
9773.75692119328
9406.24657868938
9218.62504609746
9202.24118566029
9261.80657422415
9193.90610805233
8876.72860463744
8983.69160538016
9308.23545407413
9250.31398828946
8759.48373083465
9119.93908327852
8743.21093695915
8768.44601865726
8834.00921231170
8837.67447258322
8530.00275216556
8767.74957188870
8590.97249493096
8793.51131529294
8602.42669757914
8591.83941814259
8185.74753655154
8415.17755500796
8827.77531434923
9077.40636097042
8731.73916469345
8845.64502490482
8826.68780247892
8676.53457703342
8526.06795885516
8165.06286394076
8299.80659866957
8639.00992385838
8458.92113451337
8664.00904463324
8420.12569534063
8715.54092995295
8820.51349626233
8323.74883084752
8083.82319682743
8743.46417761150
8293.25178953647
8956.14242671066
8283.58404741123
8610.50911587196
8515.09894697726
8760.18744337378
8384.47342827794
9107.74564595159
8214.25236138201
8389.88762898285
8546.33764552435
8713.70428228811
8416.79433253418
7939.75653921547
8299.35684554971
8614.17197061227
8444.33023615750
8056.36371970214
8899.06345010531
7954.79574414191
8159.70847943611
8536.14668486984
8827.93136397632
8423.03304105280
8560.36883190233
8470.31565815429
8187.01626467379
8424.53745837258
8486.51749064230
8165.39865320679
8191.74067243164
7956.61952642842
7972.35249627330
8024.95136357866
7781.91038087916
8391.37327683405
8095.55677572249
8238.34270544128
8337.92900627107
8317.81874754454
8274.51255770040
8384.52343664355
8474.62017956437
7965.02357994799
8364.69588383304
8395.80147013586
8044.73639763018
8234.82796710066
7970.91565545617
8534.47439016311
7996.52726354800
8476.37995717672
8223.49068754132
7982.75081801580
8009.64899321647
8564.11232409987
8253.20574195854
8296.70981716055
8432.77849008686
8445.67188403142
8171.49325833051
8552.48784625707
8108.63983963494
8449.27217697371
8213.62394388804
8336.73102978681
8524.22141431607
8394.24859086734
8449.09972499111
8613.46371410983
8361.00892727270
8214.31813302681
8665.85550026173
8399.87007537683
8647.10078318166
8143.60209931299
7932.12582474577
8051.36877200714
8419.60993268644
7896.38643441011
8005.41059256948
8358.90094457941
8497.65677001728
7920.07957599234
8397.42772773734
8335.75750038942
8471.41817639926
8287.40011517765
8386.23236488508
7963.32451839084
8249.46985618709
7917.18562760900
8459.76510421576
8538.65847964919
8388.38524635573
7756.05327163960
7713.03080885475
7856.91603900068
8240.99327300845
8118.93624657716
8232.76696266906
7803.02727147159
7810.83712485868
8282.68230420583
8056.20816182598
7890.81279430570
8442.96808347693
8286.51349402869
8101.72309435984
8294.77990983397
8275.22654244122
8479.50432910968
8522.46794645841
8180.34828209822
8602.11772407000
8499.87307985015
8540.90334638377
9038.14536614855
7931.47953432534
8595.71069798520
8087.32975399853
8083.33848733588
8226.96320128726
8046.41602910244
8371.61995887023
8076.88088775772
8197.18895026207
7990.86595719731
8082.49080055247
8070.84444002402
7895.16687101379
7821.56004886490
8156.15604517979
8275.66558557716
8207.37353211088
7654.01644630102
7712.57154814359
8026.00280063850
7434.44723735204
7256.82564405274
7600.76307379020
7480.81855388571
7408.43466798304
7401.19572393060
7622.89206777786
7827.24938364878
7790.03322040392
7634.81868140523
7762.11663924301
8213.84632036917
7531.23119508018
8190.54231380309
7295.24963475378
7503.24028742952
7839.28150118082
7993.67106592012
7834.43599260046
8246.60564295908
7768.37278670533
7768.71439434138
8112.67965528176
7765.35240807818
7866.28268904020
7792.49697742085
7595.63951242702
7933.17761188555
7373.05293942152
8177.69642530715
7709.38890189929
7741.71242130285
7828.09991278480
7918.96016453489
7802.85840441744
8226.52089391951
8220.70927819879
7721.40835855491
7946.64342573374
7516.50373872376
7736.81530416635
7932.58105795587
8138.37620774273
7996.22234550433
7545.39616269838
7940.12924517943
7976.43924145040
7758.88814018234
7606.61750249897
7615.10312127572
7425.40958640653
7945.84222124705
7350.79412817892
7878.93957866188
7826.40502201948
7863.39029773533
7915.38331546471
8456.89047692865
7776.21827373635
7958.45816667271
7716.28893030269
8006.13529146514
7968.70372736779
7805.68232295232
7969.94317011651
7867.24056000207
8044.46210596657
7814.63609250344
7682.45926001173
7910.90664044274
7955.85876776779
8207.77806690894
8117.13811596574
8139.85782030653
8413.65043960261
8582.37286812350
7673.69609728043
7763.42040134840
7979.86465122885
7904.08409704230
7895.54662055606
7674.11921712208
7710.45150876436
7602.13728005178
7371.31935025232
8289.43125425405
7876.30227078957
7605.76259104909
8202.44179494403
7759.89199461945
7683.12748702002
8018.79505233905
7983.57780144502
7929.28703051757
7771.31341024661
7697.86863801388
7861.66167777994
7312.78680458250
7713.95476768089
8002.86960604329
7943.42956032630
8359.03164215527
8505.87048796106
7807.29858319492
7640.97842095959
8055.69058370926
7471.09159397861
7313.02286974273
7950.77936017145
7818.47277749344
7973.05460581052
7375.29770109240
7592.09579347845
7666.30861455846
8172.36559699377
7708.26953899181
6950.96791675016
8110.89738519304
7318.01040290751
7946.68690112051
7778.78327320004
7891.51493925942
7890.32539912152
8012.19227678210
8097.50563857527
7862.62872809263
7999.58489657327
7863.46166731414
7425.33715511421
7459.85212287617
7666.40962505157
7392.90217239822
7411.84808933752
7894.93803141041
7661.77227272116
7795.77216183072
7610.28847624883
7932.97478255900
7888.92693794290
7363.07760205224
7923.11680289780
7653.07585871457
7685.02188834860
7903.15296714983
7807.30139126041
7760.08001200846
7842.54347612220
7483.13300349056
7998.54856739469
7507.08277766038
7533.24647486389
7744.07297530315
7179.07015820211
7775.43352590449
7417.92413232017
7574.21241419226
7080.12526006868
7795.57193317910
7314.98710217165
7444.98827770538
7254.62176175862
7635.23470428220
6935.72532008707
7119.14921147535
7388.94491037190
7114.20213150502
7678.97040737380
7387.27681598946
7027.84938922478
7337.75105453038
7095.50657082172
7232.01933028723
7248.46186772799
7183.01847942059
7032.03284937929
7636.96812564885
7131.69330033502
7751.69545575808
6890.82527143551
7352.29201171103
7307.86318982068
7743.19873283685
7172.60541568274
7436.34167880218
7255.47774388700
7113.96706062520
7588.69436618610
7682.25893871492
7446.30428998454
7463.61593409185
7485.89131817997
7390.05472276804
7272.96572704705
7458.37835642745
7497.67760939516
7630.95120708226
7163.56524428809
7781.93930573447
7147.03949025647
7311.59484866195
7728.56337773703
7457.68993093282
7656.00334262980
7429.42290544271
7668.27681533599
7236.98579253667
7254.43482446286
7690.00151070393
6996.00693586274
7386.87972547571
7048.88174399617
7236.12159549942
7259.35365312185
7408.63661438213
7243.80895225993
7128.14052436147
7218.96514473261
7183.03041532254
7170.32998552971
8203.87964502197
7322.67953503934
7250.72721101358
7370.46230908214
7074.31636267379
7402.76885291220
7368.50579360294
7412.86236105461
6901.86957006853
7484.50253587636
7697.23905652317
7333.75601743523
7733.36949582493
7561.37860491815
7600.40474405421
7391.55182027148
6946.10306822945
7630.41562466829
7127.67792552283
7323.01055949480
7662.89317846725
7275.32506194958
7294.33448006837
7536.61733399065
7186.65163628906
7125.44188801494
7181.51469846925
8034.81076957502
7679.38480992445
7683.66006021514
7575.82260293267
7351.38458211348
7421.85639589076
7105.82869279064
7567.60674776160
7636.83431461589
7127.61543232344
7451.84181044372
7409.29646857601
7358.69887980426
7404.06035217128
7790.14257432992
7263.10746899649
7385.15892177981
7148.49016023510
7139.53281638011
7069.45319951138
7399.31118964428
7492.86882841707
7782.07325183436
7239.97938212480
7577.01413843148
7081.32608743118
7753.18111878260
8068.21998083164
7992.98072573949
7749.06476013300
7403.58264462927
7822.03872631425
7807.78144317362
7340.11620824523