task结果
最优解为:417.1802
最优解路径:

Best_route =

     3     4     1     2     0
     0     0     0     0     0

本次运算用时:0.937秒
算法在第1代时收敛

best
417.180197113415
417.180197113415
417.180197113415
417.180197113415
417.180197113415
417.180197113415
417.180197113415
417.180197113415
417.180197113415
417.180197113415
417.180197113415
417.180197113415
417.180197113415
417.180197113415
417.180197113415
417.180197113415
417.180197113415
417.180197113415
417.180197113415
417.180197113415
417.180197113415
417.180197113415
417.180197113415
417.180197113415
417.180197113415
417.180197113415
417.180197113415
417.180197113415
417.180197113415
417.180197113415
417.180197113415
417.180197113415
417.180197113415
417.180197113415
417.180197113415
417.180197113415
417.180197113415
417.180197113415
417.180197113415
417.180197113415
417.180197113415
417.180197113415
417.180197113415
417.180197113415
417.180197113415
417.180197113415
417.180197113415
417.180197113415
417.180197113415
417.180197113415
417.180197113415
417.180197113415
417.180197113415
417.180197113415
417.180197113415
417.180197113415
417.180197113415
417.180197113415
417.180197113415
417.180197113415
417.180197113415
417.180197113415
417.180197113415
417.180197113415
417.180197113415
417.180197113415
417.180197113415
417.180197113415
417.180197113415
417.180197113415
417.180197113415
417.180197113415
417.180197113415
417.180197113415
417.180197113415
417.180197113415
417.180197113415
417.180197113415
417.180197113415
417.180197113415
417.180197113415
417.180197113415
417.180197113415
417.180197113415
417.180197113415
417.180197113415
417.180197113415
417.180197113415
417.180197113415
417.180197113415
417.180197113415
417.180197113415
417.180197113415
417.180197113415
417.180197113415
417.180197113415
417.180197113415
417.180197113415
417.180197113415
417.180197113415

ave
418.250987546402
418.607917690732
417.894057402073
418.250987546402
417.894057402073
418.250987546402
418.964847835061
418.607917690732
417.180197113415
418.250987546402
418.250987546402
417.894057402073
417.180197113415
418.250987546402
418.607917690732
417.894057402073
417.537127257744
417.180197113415
432.894057402073
417.180197113415
417.894057402073
417.537127257744
417.537127257744
417.180197113415
417.180197113415
417.537127257744
417.894057402073
417.537127257744
417.180197113415
417.180197113415
417.180197113415
417.537127257744
417.180197113415
417.537127257744
417.537127257744
417.537127257744
417.180197113415
417.180197113415
417.180197113415
417.180197113415
417.180197113415
417.180197113415
417.537127257744
417.180197113415
417.537127257744
417.180197113415
417.180197113415
417.180197113415
417.180197113415
417.180197113415
417.180197113415
417.537127257744
417.180197113415
417.180197113415
417.180197113415
417.180197113415
417.537127257744
417.894057402073
417.894057402073
417.537127257744
417.537127257744
417.537127257744
417.180197113415
417.894057402073
417.180197113415
417.180197113415
417.537127257744
417.180197113415
417.537127257744
417.537127257744
417.180197113415
417.180197113415
417.537127257744
417.537127257744
417.180197113415
417.180197113415
417.894057402073
417.180197113415
417.180197113415
417.537127257744
417.537127257744
417.180197113415
417.180197113415
417.180197113415
417.180197113415
417.537127257744
417.180197113415
417.180197113415
417.180197113415
417.180197113415
432.537127257744
417.180197113415
417.180197113415
417.180197113415
417.537127257744
417.180197113415
417.537127257744
417.537127257744
417.180197113415
417.537127257744