实验环境：
VeiNum = 2
Q_ant =130
AntNum = 30
iter_max = 200

cus：
40	50
40	50
40	50
15	80
50	40
38	68
32	30
45	30
42	10
45	68
65	55
60	55
45	65

task：
2	4	1	0	1
4	3	2	1	0
2	5	1	0	1
5	3	2	3	0
3	6	3	0	1
6	2	4	5	0
3	7	3	0	1
7	2	4	7	0
2	8	1	0	1
8	3	2	9	0
3	9	3	0	1
9	2	4	11	0
2	10	1	0	1
10	3	2	13	0
2	11	1	0	1
11	3	2	15	0
3	12	3	0	1
12	2	4	17	0
3	13	3	0	1
13	2	4	19	0


抽取的客户节点编号为

Cus_select =

    19    63     8    44    68    54     1    87    90    75

各任务对应的的客户节点编号为

Task_Cus =

    19    63     8    44    68    54     1    87    90    75


Task_size: 20

vNum:2

Tasktime:
0
1.64294787615500
0.166666666666667
1.02022005725994
0.166666666666667
0.166666666666667
1.11943592357354
0.166666666666667
1.20518314738012
1.18205486986887
0.166666666666667
0.166666666666667
1.66791588639171
1.13370520897340
0.166666666666667
1.30404410586577
0.166666666666667
0.166666666666667
1.18205486986887
0.166666666666667
1.06195137418771


Linktime:
0	0	0.976281209488332	0	0.353553390593274	0.952769256906871	0.452769256906871	1.03851648071345	0.538516480713450	0	0.515388203202208	1.50124921972504	1.00124921972504	0	0.467038542306735	0	0.637377439199098	1.01538820320221	0.515388203202208	0.895284707521048	0.395284707521047
0.976281209488332	1.14294787615500	0	1.14294787615500	53.1507290636732	2.09571713306187	0.648556088553642	2.18146435686845	1.32027459265109	1.14294787615500	58.3095189484530	2.64419709588004	1.87566654819027	1.14294787615500	32.3109888428070	1.14294787615500	55.9016994374947	2.15833607935721	1.28695376762338	2.03823258367605	0.838525491562421
1.47628120948833	1.47628120948833	2.61922908564333	1.47628120948833	1.99650126674827	0.648556088553642	2.09571713306187	1.32027459265109	2.18146435686845	1.47628120948833	2.15833607935721	1.87566654819027	2.64419709588004	1.47628120948833	2.10998641846173	1.47628120948833	2.28032531535410	1.28695376762338	2.15833607935721	0.838525491562421	2.03823258367605
0.353553390593274	0.520220057259941	53.1507290636732	0.520220057259941	0	1.47298931416681	0.761577310586391	1.55873653797339	0.514781507049350	0.520220057259941	11.1803398874989	2.02146927698498	0.776208734813001	0.520220057259941	28.4429253066558	0.520220057259941	21.2132034355964	1.53560826046215	0.450693909432999	1.41550476478099	0.637377439199098
0.853553390593274	0.853553390593274	1.99650126674827	0.853553390593274	1.37377344785321	0.761577310586391	1.47298931416681	0.514781507049350	1.55873653797339	0.853553390593274	1.53560826046215	0.776208734813001	2.02146927698498	0.853553390593274	1.48725859956668	0.853553390593274	1.65759749645904	0.450693909432999	1.53560826046215	0.637377439199098	1.41550476478099
0.452769256906871	0.619435923573538	0.648556088553642	0.619435923573538	0.761577310586391	1.57220518048041	0	1.65795240428699	0.961769203083567	0.619435923573538	0.965983954318083	2.12068514329858	1.45344418537486	0.619435923573538	0.175000000000000	0.619435923573538	0.749166203188585	1.63482412677575	0.638846616959032	1.51472063109458	0.190394327646598
0	0	1.14294787615500	0	0.520220057259941	0.952769256906871	0.619435923573538	1.03851648071345	0.705183147380117	0	0.682054869868874	1.50124921972504	1.16791588639171	0	0.633705208973402	0	0.804044105865765	1.01538820320221	0.682054869868874	0.895284707521048	0.561951374187714
0.538516480713450	0.705183147380117	1.32027459265109	0.705183147380117	0.514781507049350	1.65795240428699	0.961769203083567	1.74369962809357	0	0.705183147380117	0.325000000000000	2.20643236710516	0.559016994374948	0.705183147380117	1.00405428140116	0.705183147380117	1.03501207722422	1.72057135058232	0.938416218956173	1.60046785490116	0.933407735129724
0	0	1.14294787615500	0	0.520220057259941	0.952769256906871	0.619435923573538	1.03851648071345	0.705183147380117	0	0.682054869868874	1.50124921972504	1.16791588639171	0	0.633705208973402	0	0.804044105865765	1.01538820320221	0.682054869868874	0.895284707521048	0.561951374187714
0.515388203202208	0.682054869868874	58.3095189484530	0.682054869868874	11.1803398874989	1.63482412677575	0.965983954318083	1.72057135058232	0.325000000000000	0.682054869868874	0	2.18330408959391	0.505593710403917	0.682054869868874	38	0.682054869868874	32.0156211871642	1.69744307307108	0.728868986855663	1.57733957738992	0.875000000000000
1.01538820320221	1.01538820320221	2.15833607935721	1.01538820320221	1.53560826046215	0.965983954318083	1.63482412677575	0.325000000000000	1.72057135058232	1.01538820320221	1.69744307307108	0.505593710403917	2.18330408959391	1.01538820320221	1.64909341217561	1.01538820320221	1.81943230906797	0.728868986855663	1.69744307307108	0.875000000000000	1.57733957738992
1.00124921972504	1.16791588639171	1.87566654819027	1.16791588639171	0.776208734813001	2.12068514329858	1.45344418537486	2.20643236710516	0.559016994374948	1.16791588639171	0.505593710403917	2.66916510611675	0	1.16791588639171	1.45193835957316	1.16791588639171	1.26342787684933	2.18330408959391	1.21166208160526	2.06320059391275	1.37704393539204
0	0	1.14294787615500	0	0.520220057259941	0.952769256906871	0.619435923573538	1.03851648071345	0.705183147380117	0	0.682054869868874	1.50124921972504	1.16791588639171	0	0.633705208973402	0	0.804044105865765	1.01538820320221	0.682054869868874	0.895284707521048	0.561951374187714
0.467038542306735	0.633705208973402	32.3109888428070	0.633705208973402	28.4429253066558	1.58647446588027	0.175000000000000	1.67222168968685	1.00405428140116	0.633705208973402	38	2.13495442869844	1.45193835957316	0.633705208973402	0	0.633705208973402	23.8537208837531	1.64909341217561	0.496235831031980	1.52898991649445	0.0750000000000000
0.967038542306735	0.967038542306735	2.10998641846173	0.967038542306735	1.48725859956668	0.175000000000000	1.58647446588027	1.00405428140116	1.67222168968685	0.967038542306735	1.64909341217561	1.45193835957316	2.13495442869844	0.967038542306735	1.60074375128014	0.967038542306735	1.77108264817250	0.496235831031980	1.64909341217561	0.0750000000000000	1.52898991649445
0.637377439199098	0.804044105865765	55.9016994374947	0.804044105865765	21.2132034355964	1.75681336277264	0.749166203188585	1.84256058657922	1.03501207722422	0.804044105865765	32.0156211871642	2.30529332559080	1.26342787684933	0.804044105865765	23.8537208837531	0.804044105865765	0	1.81943230906797	0.125000000000000	1.69932881338681	0.559016994374948
1.13737743919910	1.13737743919910	2.28032531535410	1.13737743919910	1.65759749645904	0.749166203188585	1.75681336277264	1.03501207722422	1.84256058657922	1.13737743919910	1.81943230906797	1.26342787684933	2.30529332559080	1.13737743919910	1.77108264817250	1.13737743919910	1.94142154506486	0.125000000000000	1.81943230906797	0.559016994374948	1.69932881338681
0.515388203202208	0.682054869868874	1.28695376762338	0.682054869868874	0.450693909432999	1.63482412677575	0.638846616959032	1.72057135058232	0.938416218956173	0.682054869868874	0.728868986855663	2.18330408959391	1.21166208160526	0.682054869868874	0.496235831031980	0.682054869868874	0.125000000000000	1.69744307307108	0	1.57733957738992	0.450693909432999
0	0	1.14294787615500	0	0.520220057259941	0.952769256906871	0.619435923573538	1.03851648071345	0.705183147380117	0	0.682054869868874	1.50124921972504	1.16791588639171	0	0.633705208973402	0	0.804044105865765	1.01538820320221	0.682054869868874	0.895284707521048	0.561951374187714
0.395284707521047	0.561951374187714	0.838525491562421	0.561951374187714	0.637377439199098	1.51472063109459	0.190394327646598	1.60046785490116	0.933407735129724	0.561951374187714	0.875000000000000	2.06320059391275	1.37704393539204	0.561951374187714	0.0750000000000000	0.561951374187714	0.559016994374948	1.57733957738992	0.450693909432999	1.45723608170876	0
0	0	1.14294787615500	0	0.520220057259941	0.952769256906871	0.619435923573538	1.03851648071345	0.705183147380117	0	0.682054869868874	1.50124921972504	1.16791588639171	0	0.633705208973402	0	0.804044105865765	1.01538820320221	0.682054869868874	0.895284707521048	0.561951374187714



2	4	1	0	1
2	5	1	0	1
6	2	4	0	0
7	2	4	0	0
2	8	1	0	1
9	2	4	0	0
2	10	1	0	1
2	11	1	0	1
12	2	4	0	0
13	2	4	0	0


4	3	2	0	0
5	3	2	0	0
3	6	3	0	1
3	7	3	0	1
8	3	2	0	0
3	9	3	0	1
10	3	2	0	0
11	3	2	0	0
3	12	3	0	1
3	13	3	0	1




linktime（task1）
0	0	0	0.452769256906871	0.538516480713450	0	1.00124921972504	0	0	0.515388203202208	0.395284707521047
0.976281209488332	1.14294787615500	1.14294787615500	0.648556088553642	1.32027459265109	1.14294787615500	1.87566654819027	1.14294787615500	1.14294787615500	1.28695376762338	0.838525491562421
0.353553390593274	0.520220057259941	0.520220057259941	0.761577310586391	0.514781507049350	0.520220057259941	0.776208734813001	0.520220057259941	0.520220057259941	0.450693909432999	0.637377439199098
0	0	0	0.619435923573538	0.705183147380117	0	1.16791588639171	0	0	0.682054869868874	0.561951374187714
0	0	0	0.619435923573538	0.705183147380117	0	1.16791588639171	0	0	0.682054869868874	0.561951374187714
0.515388203202208	0.682054869868874	0.682054869868874	0.965983954318083	0.325000000000000	0.682054869868874	0.505593710403917	0.682054869868874	0.682054869868874	0.728868986855663	0.875000000000000
0	0	0	0.619435923573538	0.705183147380117	0	1.16791588639171	0	0	0.682054869868874	0.561951374187714
0.467038542306735	0.633705208973402	0.633705208973402	0.175000000000000	1.00405428140116	0.633705208973402	1.45193835957316	0.633705208973402	0.633705208973402	0.496235831031980	0.0750000000000000
0.637377439199098	0.804044105865765	0.804044105865765	0.749166203188585	1.03501207722422	0.804044105865765	1.26342787684933	0.804044105865765	0.804044105865765	0.125000000000000	0.559016994374948
0	0	0	0.619435923573538	0.705183147380117	0	1.16791588639171	0	0	0.682054869868874	0.561951374187714
0	0	0	0.619435923573538	0.705183147380117	0	1.16791588639171	0	0	0.682054869868874	0.561951374187714


linktime（task2）
0	0.976281209488332	0.353553390593274	0.952769256906871	1.03851648071345	0.515388203202208	1.50124921972504	0.467038542306735	0.637377439199098	1.01538820320221	0.895284707521048
1.47628120948833	2.61922908564333	1.99650126674827	0.648556088553642	1.32027459265109	2.15833607935721	1.87566654819027	2.10998641846173	2.28032531535410	1.28695376762338	0.838525491562421
0.853553390593274	1.99650126674827	1.37377344785321	0.761577310586391	0.514781507049350	1.53560826046215	0.776208734813001	1.48725859956668	1.65759749645904	0.450693909432999	0.637377439199098
0.452769256906871	0.648556088553642	0.761577310586391	1.57220518048041	1.65795240428699	0.965983954318083	2.12068514329858	0.175000000000000	0.749166203188585	1.63482412677575	1.51472063109458
0.538516480713450	1.32027459265109	0.514781507049350	1.65795240428699	1.74369962809357	0.325000000000000	2.20643236710516	1.00405428140116	1.03501207722422	1.72057135058232	1.60046785490116
1.01538820320221	2.15833607935721	1.53560826046215	0.965983954318083	0.325000000000000	1.69744307307108	0.505593710403917	1.64909341217561	1.81943230906797	0.728868986855663	0.875000000000000
1.00124921972504	1.87566654819027	0.776208734813001	2.12068514329858	2.20643236710516	0.505593710403917	2.66916510611675	1.45193835957316	1.26342787684933	2.18330408959391	2.06320059391275
0.967038542306735	2.10998641846173	1.48725859956668	0.175000000000000	1.00405428140116	1.64909341217561	1.45193835957316	1.60074375128014	1.77108264817250	0.496235831031980	0.0750000000000000
1.13737743919910	2.28032531535410	1.65759749645904	0.749166203188585	1.03501207722422	1.81943230906797	1.26342787684933	1.77108264817250	1.94142154506486	0.125000000000000	0.559016994374948
0.515388203202208	1.28695376762338	0.450693909432999	1.63482412677575	1.72057135058232	0.728868986855663	2.18330408959391	0.496235831031980	0.125000000000000	1.69744307307108	1.57733957738992
0.395284707521047	0.838525491562421	0.637377439199098	1.51472063109459	1.60046785490116	0.875000000000000	2.06320059391275	0.0750000000000000	0.559016994374948	1.57733957738992	1.45723608170876

tasktime（1）
0
1.64294787615500
1.02022005725994
1.11943592357354
1.20518314738012
1.18205486986887
1.66791588639171
1.13370520897340
1.30404410586577
1.18205486986887
1.06195137418771


tasktime（2）
0
0.166666666666667
0.166666666666667
0.166666666666667
0.166666666666667
0.166666666666667
0.166666666666667
0.166666666666667
0.166666666666667
0.166666666666667
0.166666666666667
