最优解为:3160.977
最优解路径:

Best_route =

  1 至 24 列

    53    54    38    45    46    40     4    17    18     0     0     0     0     0     0     0     0     0     0     0     0     0     0     0
     0     0     0     0     0     0     0     0     0     0     0     0     0     0     0     0     0     0     0     0     0     0     0     0
     0     0     0     0     0     0     0     0     0     0     0     0     0     0     0     0     0     0     0     0     0     0     0     0
    19     1     3    35    36    31    32    57    58     0     0     0     0     0     0     0     0     0     0     0     0     0     0     0
    33    34     2    21    22     8    41    42    26    50     0     0     0     0     0     0     0     0     0     0     0     0     0     0
    49     7    55    56    39    25    13    14    43    44     0     0     0     0     0     0     0     0     0     0     0     0     0     0
     9    37    29    30    11    12    23    24    15    16    47    48     0     0     0     0     0     0     0     0     0     0     0     0
    51    52    10    59    60    20    27    28     5     6     0     0     0     0     0     0     0     0     0     0     0     0     0     0

  25 至 48 列

     0     0     0     0     0     0     0     0     0     0     0     0     0     0     0     0     0     0     0     0     0     0     0     0
     0     0     0     0     0     0     0     0     0     0     0     0     0     0     0     0     0     0     0     0     0     0     0     0
     0     0     0     0     0     0     0     0     0     0     0     0     0     0     0     0     0     0     0     0     0     0     0     0
     0     0     0     0     0     0     0     0     0     0     0     0     0     0     0     0     0     0     0     0     0     0     0     0
     0     0     0     0     0     0     0     0     0     0     0     0     0     0     0     0     0     0     0     0     0     0     0     0
     0     0     0     0     0     0     0     0     0     0     0     0     0     0     0     0     0     0     0     0     0     0     0     0
     0     0     0     0     0     0     0     0     0     0     0     0     0     0     0     0     0     0     0     0     0     0     0     0
     0     0     0     0     0     0     0     0     0     0     0     0     0     0     0     0     0     0     0     0     0     0     0     0

  49 至 61 列

     0     0     0     0     0     0     0     0     0     0     0     0     0
     0     0     0     0     0     0     0     0     0     0     0     0     0
     0     0     0     0     0     0     0     0     0     0     0     0     0
     0     0     0     0     0     0     0     0     0     0     0     0     0
     0     0     0     0     0     0     0     0     0     0     0     0     0
     0     0     0     0     0     0     0     0     0     0     0     0     0
     0     0     0     0     0     0     0     0     0     0     0     0     0
     0     0     0     0     0     0     0     0     0     0     0     0     0

本次运算用时:398.669秒
算法在第7代时收敛

best
3284.18374794201
3284.18374794201
3284.18374794201
3284.18374794201
3284.18374794201
3284.18374794201
3160.97698710243
3160.97698710243
3160.97698710243
3160.97698710243
3160.97698710243
3160.97698710243
3160.97698710243
3160.97698710243
3160.97698710243
3160.97698710243
3160.97698710243
3160.97698710243
3160.97698710243
3160.97698710243
3160.97698710243
3160.97698710243
3160.97698710243
3160.97698710243
3160.97698710243
3160.97698710243
3160.97698710243
3160.97698710243
3160.97698710243
3160.97698710243
3160.97698710243
3160.97698710243
3160.97698710243
3160.97698710243
3160.97698710243
3160.97698710243
3160.97698710243
3160.97698710243
3160.97698710243
3160.97698710243
3160.97698710243
3160.97698710243
3160.97698710243
3160.97698710243
3160.97698710243
3160.97698710243
3160.97698710243
3160.97698710243
3160.97698710243
3160.97698710243
3160.97698710243
3160.97698710243
3160.97698710243
3160.97698710243
3160.97698710243
3160.97698710243
3160.97698710243
3160.97698710243
3160.97698710243
3160.97698710243
3160.97698710243
3160.97698710243
3160.97698710243
3160.97698710243
3160.97698710243
3160.97698710243
3160.97698710243
3160.97698710243
3160.97698710243
3160.97698710243
3160.97698710243
3160.97698710243
3160.97698710243
3160.97698710243
3160.97698710243
3160.97698710243
3160.97698710243
3160.97698710243
3160.97698710243
3160.97698710243
3160.97698710243
3160.97698710243
3160.97698710243
3160.97698710243
3160.97698710243
3160.97698710243
3160.97698710243
3160.97698710243
3160.97698710243
3160.97698710243
3160.97698710243
3160.97698710243
3160.97698710243
3160.97698710243
3160.97698710243
3160.97698710243
3160.97698710243
3160.97698710243
3160.97698710243
3160.97698710243
3160.97698710243
3160.97698710243
3160.97698710243
3160.97698710243
3160.97698710243
3160.97698710243
3160.97698710243
3160.97698710243
3160.97698710243
3160.97698710243
3160.97698710243
3160.97698710243
3160.97698710243
3160.97698710243
3160.97698710243
3160.97698710243
3160.97698710243
3160.97698710243
3160.97698710243
3160.97698710243
3160.97698710243
3160.97698710243
3160.97698710243
3160.97698710243
3160.97698710243
3160.97698710243
3160.97698710243
3160.97698710243
3160.97698710243
3160.97698710243
3160.97698710243
3160.97698710243
3160.97698710243
3160.97698710243
3160.97698710243
3160.97698710243
3160.97698710243
3160.97698710243
3160.97698710243
3160.97698710243
3160.97698710243
3160.97698710243
3160.97698710243
3160.97698710243
3160.97698710243
3160.97698710243
3160.97698710243
3160.97698710243
3160.97698710243
3160.97698710243
3160.97698710243
3160.97698710243
3160.97698710243
3160.97698710243
3160.97698710243
3160.97698710243
3160.97698710243
3160.97698710243
3160.97698710243
3160.97698710243
3160.97698710243
3160.97698710243
3160.97698710243
3160.97698710243
3160.97698710243
3160.97698710243
3160.97698710243
3160.97698710243
3160.97698710243
3160.97698710243
3160.97698710243
3160.97698710243
3160.97698710243
3160.97698710243
3160.97698710243
3160.97698710243
3160.97698710243
3160.97698710243
3160.97698710243
3160.97698710243
3160.97698710243
3160.97698710243
3160.97698710243
3160.97698710243
3160.97698710243
3160.97698710243
3160.97698710243
3160.97698710243
3160.97698710243
3160.97698710243
3160.97698710243
3160.97698710243
3160.97698710243
3160.97698710243
3160.97698710243
3160.97698710243
3160.97698710243
3160.97698710243
3160.97698710243
3160.97698710243
3160.97698710243
3160.97698710243
3160.97698710243
3160.97698710243
3160.97698710243
3160.97698710243
3160.97698710243
3160.97698710243
3160.97698710243
3160.97698710243
3160.97698710243
3160.97698710243
3160.97698710243
3160.97698710243
3160.97698710243
3160.97698710243
3160.97698710243
3160.97698710243
3160.97698710243
3160.97698710243
3160.97698710243
3160.97698710243
3160.97698710243
3160.97698710243
3160.97698710243
3160.97698710243
3160.97698710243
3160.97698710243
3160.97698710243
3160.97698710243
3160.97698710243
3160.97698710243
3160.97698710243
3160.97698710243
3160.97698710243
3160.97698710243
3160.97698710243
3160.97698710243
3160.97698710243
3160.97698710243
3160.97698710243
3160.97698710243
3160.97698710243
3160.97698710243
3160.97698710243
3160.97698710243
3160.97698710243
3160.97698710243
3160.97698710243
3160.97698710243
3160.97698710243
3160.97698710243
3160.97698710243
3160.97698710243
3160.97698710243
3160.97698710243
3160.97698710243
3160.97698710243
3160.97698710243
3160.97698710243
3160.97698710243
3160.97698710243
3160.97698710243
3160.97698710243
3160.97698710243
3160.97698710243
3160.97698710243
3160.97698710243
3160.97698710243
3160.97698710243
3160.97698710243
3160.97698710243
3160.97698710243
3160.97698710243
3160.97698710243
3160.97698710243
3160.97698710243
3160.97698710243
3160.97698710243
3160.97698710243
3160.97698710243
3160.97698710243
3160.97698710243
3160.97698710243
3160.97698710243
3160.97698710243
3160.97698710243
3160.97698710243
3160.97698710243
3160.97698710243
3160.97698710243
3160.97698710243
3160.97698710243
3160.97698710243
3160.97698710243
3160.97698710243
3160.97698710243
3160.97698710243
3160.97698710243
3160.97698710243
3160.97698710243
3160.97698710243
3160.97698710243
3160.97698710243
3160.97698710243
3160.97698710243
3160.97698710243
3160.97698710243
3160.97698710243
3160.97698710243
3160.97698710243
3160.97698710243
3160.97698710243
3160.97698710243
3160.97698710243
3160.97698710243
3160.97698710243
3160.97698710243
3160.97698710243
3160.97698710243
3160.97698710243
3160.97698710243
3160.97698710243
3160.97698710243
3160.97698710243
3160.97698710243
3160.97698710243
3160.97698710243
3160.97698710243
3160.97698710243
3160.97698710243
3160.97698710243
3160.97698710243
3160.97698710243
3160.97698710243
3160.97698710243
3160.97698710243
3160.97698710243
3160.97698710243
3160.97698710243
3160.97698710243
3160.97698710243
3160.97698710243
3160.97698710243
3160.97698710243
3160.97698710243
3160.97698710243
3160.97698710243
3160.97698710243
3160.97698710243
3160.97698710243
3160.97698710243
3160.97698710243
3160.97698710243
3160.97698710243
3160.97698710243
3160.97698710243
3160.97698710243
3160.97698710243
3160.97698710243
3160.97698710243
3160.97698710243
3160.97698710243
3160.97698710243
3160.97698710243
3160.97698710243
3160.97698710243
3160.97698710243
3160.97698710243
3160.97698710243
3160.97698710243
3160.97698710243
3160.97698710243
3160.97698710243
3160.97698710243
3160.97698710243
3160.97698710243
3160.97698710243
3160.97698710243
3160.97698710243
3160.97698710243
3160.97698710243
3160.97698710243
3160.97698710243
3160.97698710243
3160.97698710243
3160.97698710243
3160.97698710243
3160.97698710243
3160.97698710243
3160.97698710243
3160.97698710243
3160.97698710243
3160.97698710243
3160.97698710243
3160.97698710243
3160.97698710243
3160.97698710243
3160.97698710243
3160.97698710243
3160.97698710243
3160.97698710243
3160.97698710243
3160.97698710243
3160.97698710243
3160.97698710243
3160.97698710243
3160.97698710243
3160.97698710243
3160.97698710243
3160.97698710243
3160.97698710243
3160.97698710243
3160.97698710243
3160.97698710243
3160.97698710243
3160.97698710243
3160.97698710243
3160.97698710243
3160.97698710243
3160.97698710243
3160.97698710243
3160.97698710243
3160.97698710243
3160.97698710243
3160.97698710243
3160.97698710243
3160.97698710243
3160.97698710243
3160.97698710243
3160.97698710243
3160.97698710243
3160.97698710243
3160.97698710243
3160.97698710243
3160.97698710243
3160.97698710243
3160.97698710243
3160.97698710243
3160.97698710243
3160.97698710243
3160.97698710243
3160.97698710243
3160.97698710243
3160.97698710243
3160.97698710243
3160.97698710243
3160.97698710243
3160.97698710243
3160.97698710243
3160.97698710243
3160.97698710243
3160.97698710243
3160.97698710243
3160.97698710243
3160.97698710243
3160.97698710243
3160.97698710243
3160.97698710243
3160.97698710243
3160.97698710243
3160.97698710243
3160.97698710243
3160.97698710243
3160.97698710243
3160.97698710243
3160.97698710243
3160.97698710243
3160.97698710243
3160.97698710243
3160.97698710243
3160.97698710243
3160.97698710243
3160.97698710243
3160.97698710243
3160.97698710243
3160.97698710243
3160.97698710243
3160.97698710243
3160.97698710243
3160.97698710243
3160.97698710243
3160.97698710243
3160.97698710243
3160.97698710243
3160.97698710243
3160.97698710243
3160.97698710243
3160.97698710243
3160.97698710243
3160.97698710243
3160.97698710243
3160.97698710243
3160.97698710243
3160.97698710243
3160.97698710243
3160.97698710243
3160.97698710243
3160.97698710243
3160.97698710243

ave
4949.13254877144
4890.34834723022
4571.12107169235
4996.18629586814
4681.03311928912
4808.03235365163
4588.53390957916
4783.99784106698
4702.78916757985
4624.28107975442
4723.06684077807
4538.44655881030
4865.23236856597
4880.03498933938
4901.34925655966
5056.14598997201
4723.53491038832
4870.76642109993
4886.21423038677
5015.10903828074
4839.68188477516
4881.32895748789
4828.77394355192
4823.78156397962
4967.44622053775
4668.84723829742
4691.90050892921
4787.38274662708
4832.03529376368
4722.46524219920
4959.95643451489
4767.05442138232
4860.65086279868
4702.83299788729
4631.21737142967
4694.32911284361
4729.71388240564
4700.88314824646
4999.72897044419
4627.07399769507
4448.16012528617
4646.08785770055
4298.59714231867
4530.83615215993
4791.41016154193
4425.18023479162
4241.66501062871
4370.14052355047
4580.46262759849
4344.08405713305
4437.67224136425
4486.74623947431
4531.00440599692
4343.71236954291
4322.96869415935
4351.16330381439
4360.44827072466
4096.32061404678
4182.72764951992
4521.33129839685
4062.99441800439
4096.48837223497
4260.66496211590
4171.82993865215
4234.65687014635
4280.74458705461
4431.78426325720
4311.49365378544
4327.89786591118
4285.29495155625
4055.95483285971
4293.59774816752
4265.08507248384
4143.01111930319
4222.67369091676
4252.35388685964
4022.59982923072
4331.06815150456
4096.92185726736
4201.94811525947
3994.04846994523
4112.68708982535
4369.13371077729
4070.33627257145
3915.52147558553
3991.79991006501
4036.58813362002
4147.78384936592
3964.32249498497
4382.94587214950
4210.46258104478
4209.97245297422
4118.83221713230
4334.22847994502
4150.48570174399
4229.74843895476
4389.06693379794
4057.94961210803
4067.94725021973
4093.60513862676
4052.98934408875
4117.94153306390
4028.57304972423
4104.48938915030
3969.55940957849
4079.32652494147
4118.35496056071
4125.43428400228
4154.45609984975
4157.36705084397
4136.17477045994
4204.15181597871
4194.21100529330
3875.29959983491
4020.65471496809
4161.08786633224
4006.00368585354
3987.19837405793
4058.11668884639
3929.11366685132
4091.14363106591
4178.25062774101
3968.67317003408
3931.54001182946
4477.61252105325
3903.13187986829
3905.39027120521
3931.92730154951
4149.25638396846
4060.43265706222
4486.92557868020
3955.63496224200
4162.28159508108
4085.02525097478
4049.07391858107
4083.72065814662
3773.44488336578
4090.97725581096
3909.17350221360
4080.67733481419
3840.03035937191
3797.53753570319
4059.42316871195
4103.07464144786
3909.15161290036
3907.15819821545
4023.07377497824
4106.10645085864
4111.18500446013
4234.48520922193
3725.15407898502
4275.69461431424
4375.41607645090
3883.24635098691
3835.23016240513
3937.32658887700
3698.36875371420
3986.28176006923
3973.53428713992
3886.00516006707
4093.85249171049
4004.96493693736
3930.20238746149
4002.95978627358
4171.19389117294
4080.44083456799
3887.24816008875
4162.02533103788
3907.05746490616
3811.10155032020
4072.90399982268
3719.45668497059
4160.08383726267
3888.71621351664
3964.70764160769
4056.53666630634
3892.66051914988
4196.35252769944
4193.84528499882
3980.22994848946
3963.33960694489
3934.31227471413
4243.24172907697
3938.84194444628
4267.38243610161
4050.37754336140
4107.92829500275
3768.30777885704
3829.21112167270
3858.71756487785
3756.27246413922
3960.06469694073
4042.01939574511
3852.51532941915
4082.95496621986
3874.09736148484
3922.54905202251
3679.08123736712
4307.50535666424
3993.75730653789
3871.66141923976
4097.41847863987
4003.12937361319
3988.67965705075
4147.68917648631
4000.12151569274
3811.02765500321
4086.67592050013
3974.93804090296
3900.71456317579
3859.90308994857
3853.32162564606
4034.93078298338
3870.50488735253
4098.22783993280
4015.89899635123
3919.82414219903
3914.39998683018
4060.88133157025
3926.63265125012
4238.87508486333
4333.43306086008
3989.27146426740
4062.67455416946
4002.43327905030
3832.26206295532
4136.76108562906
3923.34598535512
3595.27050898071
4123.09799075925
4051.33304387123
3955.71020852255
3843.31301762356
3867.12723579575
3946.83215443428
3842.81378655017
4099.52728578118
4034.51409646408
3667.97623905043
3917.68550886995
4042.67041347262
4173.90755823619
3718.40198707354
4086.22753855596
4025.73932336432
4405.58914388698
4021.92132040881
3915.50561576251
4184.56835414331
3937.14197347074
4264.17675879376
4037.53801210356
3939.17273903897
4107.81332809342
4385.61791642752
3922.47920621899
4233.70434513079
4408.77323481601
3868.86548379355
4439.01445199295
4219.57534419074
4234.79108673183
4037.85836121244
4402.35355159588
3953.64999416248
3944.49835725833
3873.16483613661
4231.23806731924
3879.81495961063
4118.39431854631
3888.94466294523
3947.46306612739
4080.12478049897
3987.99838917218
3881.76585238944
3877.02779591924
4089.37758278563
4161.24828591981
4229.69724344519
3840.25813289252
3924.75975124834
4135.26831726944
3924.85363905379
3646.00612580584
4209.69738059470
4132.76655215773
4076.39692834055
4074.35894561820
4112.94038275886
3877.03631882539
4081.74438553614
3894.65230232287
3916.58075649186
4219.85739718236
4009.21503130892
3855.00598030479
4173.07418257319
3852.28944477128
4119.89415862525
4005.38168857341
3809.89942805057
3968.95416628584
3861.48257630839
3887.45031500517
4081.93182178560
4127.52463273026
3769.35069028766
3723.13583282908
3882.64235431907
3672.21627114475
3806.37045796010
3918.03597355388
3701.79331108118
3933.57208629130
3723.66785157364
3962.28095890591
3728.13330991282
3837.94671422847
3692.24392733563
3858.79288474403
4026.07063151992
3699.63516388959
3788.05321288959
4231.63888489288
3877.46989294836
3766.55433206943
3553.17009650782
4113.07155637709
3685.84150553873
3706.32288298213
3979.91070843941
4126.20357774966
3540.37641380272
3825.28733856723
3736.59642271581
3699.38298371151
3633.48393659949
3846.93379956373
3975.38790556998
3887.15163529519
3917.95561657239
3876.92725812508
3929.02924961569
4090.20188029366
3837.74500707538
3681.63890560696
3972.95740831189
3856.25858756089
4191.89479644807
3826.81334012716
3856.41319112206
3930.15072718636
4146.00386197264
3759.12138326775
3998.08258252631
4031.38950793907
3847.17759706827
3729.82762399414
4030.08444523755
3912.05382749210
3856.86011045718
3737.54057539621
3898.06634908312
3618.89637994276
3772.84153118831
3799.37282426274
3848.11848741546
3774.03080878102
3891.24630962827
3807.91486794963
3812.27957243301
3844.89654375761
3850.08906431013
3795.60161666373
3791.02637322780
3780.59860353894
3754.20831949752
3768.27320069256
3610.64594493431
3952.32333453920
3833.46857424238
3931.44824830322
3859.25155896575
3927.89048710008
4153.47694428126
3866.12894059768
3778.42009171182
3809.02450911064
3865.00311708038
3865.26995365936
3835.13295374000
4011.70920491000
3836.07184999341
3970.74668513400
3802.00740422300
3742.86179895262
3996.67754871390
4095.65492511662
3626.97611559693
4071.21779720629
3820.85827613062
3884.59015631317
4088.77936128964
3921.20858247254
3816.49822882355
3758.55770760349
3642.72354177530
3985.44190346896
3994.11874951638
3991.19186237295
3675.10038090974
4066.78678693857
4075.83984816317
3770.54624184186
3851.41894975952
4176.84830468709
3788.07145716808
4022.75793854930
3977.52834481916
4128.72105680324
3957.76303298559
3992.38741728375
3827.00749118975
3758.19202006966
3697.82198301443
3850.25155423550
3835.99957808493
3994.61807285383
3947.31003240746
4112.76310584229
3838.77246698600
3880.48291495555
3852.81672284570
4091.76619663261
3651.41484546839
3960.09664867486
3837.06502443517
4031.11520599914
3893.45970586359
3931.82070111623
3918.36466356168
3902.96990215959
3785.67103177297
3770.51259930833
3954.36360849383
3850.22920080555
4086.53660236082
3995.58671112124
4129.00832809379
3816.83001896519
3961.02118625390
3625.36240208068
3732.09494631058
3869.49145373896
3888.86488759043
3873.43656278272
3631.81767839858
3912.45401509234
4001.68475082537
4091.10774938804
3882.47262292795
3868.37020248284
3870.87061217970
4039.51409045670
3798.24521238677
4160.69888366995
3804.19080966251
3947.14420906387
3847.12401090300
3927.00337581275
4066.01505718773
4011.68606890362
3857.73393634455
4053.50287715523
3970.30792907892
4029.66774803805
4017.89164378931
4054.53318212413
4020.48810922699
3715.28664365808
3912.39657283705
3924.65721248570
3650.20226826360
3929.41987374025
3910.97927262021
3938.19498968310
3848.84275143567
3638.51266814538
3753.22564548313
3946.59944461278
3962.25179376863
4047.11871150312
4108.77874009370
3850.29206098453
3971.30319269122
4012.65615877452
4225.07798115418
3993.06950802870
4153.14128756574
3928.85208346476