实验环境：
VeiNum = 6（drop是8）
Q_ant =300
AntNum = 25
iter_max = 500

cus：
40	50
40	50
40	50
25	35
48	30
65	82
30	35
70	58
85	35
47	40
23	52
35	30
85	25
26	32
25	50
45	35
95	35
72	55
20	80
38	5
35	66
60	55
42	66
33	35
50	35
68	60
65	60
35	69
50	30
88	30
87	30
95	30
30	30

task：
2	4	1	0	1
4	3	2	1	0
3	5	3	0	1
5	2	4	3	0
2	6	1	0	1
6	3	2	5	0
3	7	3	0	1
7	2	4	7	0
2	8	1	0	1
8	3	2	9	0
2	9	1	0	1
9	3	2	11	0
2	10	1	0	1
10	3	2	13	0
2	11	1	0	1
11	3	2	15	0
2	12	1	0	1
12	3	2	17	0
3	13	3	0	1
13	2	4	19	0
2	14	1	0	1
14	3	2	21	0
3	15	3	0	1
15	2	4	23	0
3	16	3	0	1
16	2	4	25	0
2	17	1	0	1
17	3	2	27	0
3	18	3	0	1
18	2	4	29	0
3	19	3	0	1
19	2	4	31	0
3	20	3	0	1
20	2	4	33	0
3	21	3	0	1
21	2	4	35	0
2	22	1	0	1
22	3	2	37	0
2	23	1	0	1
23	3	2	39	0
3	24	3	0	1
24	2	4	41	0
3	25	3	0	1
25	2	4	43	0
3	26	3	0	1
26	2	4	45	0
3	27	3	0	1
27	2	4	47	0
3	28	3	0	1
28	2	4	49	0
3	29	3	0	1
29	2	4	51	0
2	30	1	0	1
30	3	2	53	0
2	31	1	0	1
31	3	2	55	0
2	32	1	0	1
32	3	2	57	0
2	33	1	0	1
33	3	2	59	0


抽取的客户节点编号为

Cus_select =

  1 至 25 列

    52    64    94    47    84    81    67    27    40    80    50    24    69    71    83    15    58    10    90     3    43    62    85    88    11

  26 至 30 列

    61    77    79    70    45

各任务对应的的客户节点编号为

Task_Cus =

  1 至 25 列

    52    64    94    47    84    81    67    27    40    80    50    24    69    71    83    15    58    10    90     3    43    62    85    88    11

  26 至 30 列

    61    77    79    70    45



Task_size: 40



Tasktime:
0
1.19699675255658
0.166666666666667
1.20518314738012
0.166666666666667
0.166666666666667
1.68186369187901
1.11736057609967
0.166666666666667
1.44287540147967
0.166666666666667
0.166666666666667
1.85252078922981
0.971830557060009
0.166666666666667
0.166666666666667
1.09459773588226
0.166666666666667
1.18205486986887
1.95362043429004
0.166666666666667
0.166666666666667
1.23675437921624
1.04166666666667
0.166666666666667
1.06195137418771
0.166666666666667
0.166666666666667
2.09188594804059
1.47637340370175
0.166666666666667
0.166666666666667
1.56805448553266
0.166666666666667
1.79277722962219
1.08574303202267
0.166666666666667
1.18205486986887
0.166666666666667
1.06977955408159
0.166666666666667
0.166666666666667
1.08049030059784
0.166666666666667
1.11736057609967
0.166666666666667
1.40997010403259
1.33981226755848
0.166666666666667
1.15783873427638
0.166666666666667
0.166666666666667
1.22568366104161
0.166666666666667
1.96666666666667
0.166666666666667
1.94362594557888
2.12975415550662
0.166666666666667
0.166666666666667
1.22568366104161





Linktime:
0	0	0.530330085889911	0	0.538516480713450	1.51519702521235	1.01519702521235	0	0.450693909432999	0	0.776208734813001	1.68585412256314	1.18585412256314	0	0.305163890393343	0.927931069215592	0.427931069215592	1.01538820320221	0.515388203202208	0	1.28695376762338	1.07008771254957	0.570087712549569	0	0.375000000000000	0	0.395284707521047	1.92521928137392	1.42521928137392	0	0.809706737035082	1.40138781886600	0.901387818865997	1.62611056295552	1.12611056295552	0	0.419076365356005	0	0.515388203202208	0	0.403112887414927	0.913823633931171	0.413823633931171	0.950693909432999	0.450693909432999	1.24330343736593	0.743303437365925	0	0.673145600891813	0	0.491172067609713	1.05901699437495	0.559016994374948	1.80000000000000	1.30000000000000	1.77695927891221	1.27695927891221	0	1.46308748883995	1.05901699437495	0.559016994374948
0.530330085889911	0.696996752556577	0	0.696996752556577	23.5372045918796	2.21219377776893	1.54292741242095	0.696996752556577	5	0.696996752556577	50.5371150739731	2.38285087511972	1.50000000000000	0.696996752556577	22.5610283453570	1.62492782177217	0.427931069215592	1.71238495575879	0.279508497187474	0.696996752556577	60.8276253029822	1.76708446510615	0.0790569415042095	0.696996752556577	15	0.696996752556577	20	2.62221603393050	1.75000000000000	0.696996752556577	51.0783711564885	2.09838457142258	1.13192314226718	2.32310731551210	0.817389136213591	0.696996752556577	32.5729949498047	0.696996752556577	40.3112887414927	0.696996752556577	35.3553390593274	1.61082038648775	0.200000000000000	1.64769066198958	0.625000000000000	1.94030018992250	1.24348301154459	0.696996752556577	47.1699056602830	0.696996752556577	35.4400902933387	1.75601374693153	0.637377439199098	2.49699675255658	1.57995253093250	2.47395603146879	1.55503215400840	0.696996752556577	70.1783442380910	1.75601374693153	0.176776695296637
1.03033008588991	1.03033008588991	1.72732683844649	1.03033008588991	1.73551323327003	1.54292741242095	2.21219377776893	1.03033008588991	1.64769066198958	1.03033008588991	1.97320548736958	1.50000000000000	2.38285087511972	1.03033008588991	1.50216064294992	0.427931069215592	1.62492782177217	0.279508497187474	1.71238495575879	1.03033008588991	2.48395052017995	0.0790569415042095	1.76708446510615	1.03033008588991	1.57199675255658	1.03033008588991	1.59228146007763	1.75000000000000	2.62221603393050	1.03033008588991	2.00670348959166	1.13192314226718	2.09838457142258	0.817389136213591	2.32310731551210	1.03033008588991	1.61607311791258	1.03033008588991	1.71238495575879	1.03033008588991	1.60010963997151	0.200000000000000	1.61082038648775	0.625000000000000	1.64769066198958	1.24348301154459	1.94030018992250	1.03033008588991	1.87014235344839	1.03033008588991	1.68816882016629	0.637377439199098	1.75601374693153	1.57995253093250	2.49699675255658	1.55503215400840	2.47395603146879	1.03033008588991	2.66008424139653	0.176776695296637	1.75601374693153
0.538516480713450	0.705183147380117	23.5372045918796	0.705183147380117	0	2.22038017259246	1.36770793665899	0.705183147380117	18.6815416922694	0.705183147380117	35.6089876295297	2.39103726994326	0.933407735129724	0.705183147380117	10.0498756211209	1.63311421659571	0.832541290267336	1.72057135058232	0.325000000000000	0.705183147380117	37.3363094051889	1.77527085992969	0.552268050859363	0.705183147380117	30.4795013082563	0.705183147380117	5.83095189484530	2.63040242875404	1.18163022980965	0.705183147380117	34.6554469023269	2.10657096624611	1.43265487818944	2.33129371033564	0.673145600891813	0.705183147380117	38.2753184180093	0.705183147380117	27.7308492477241	0.705183147380117	36.4965751817893	1.61900678131129	0.395284707521047	1.65587705681312	0.134629120178363	1.94848658474604	0.901387818865997	0.705183147380117	34.4818792991333	0.705183147380117	41.1096095821889	1.76420014175506	0.0500000000000000	2.50518314738012	1	2.48214242629233	0.975000000000000	0.705183147380117	47	1.76420014175506	0.450000000000000
1.03851648071345	1.03851648071345	1.73551323327003	1.03851648071345	1.74369962809357	1.36770793665899	2.22038017259247	1.03851648071345	1.65587705681312	1.03851648071345	1.98139188219312	0.933407735129724	2.39103726994326	1.03851648071345	1.51034703777346	0.832541290267336	1.63311421659571	0.325000000000000	1.72057135058232	1.03851648071345	2.49213691500349	0.552268050859363	1.77527085992969	1.03851648071345	1.58018314738012	1.03851648071345	1.60046785490116	1.18163022980965	2.63040242875404	1.03851648071345	2.01488988441520	1.43265487818944	2.10657096624611	0.673145600891813	2.33129371033564	1.03851648071345	1.62425951273612	1.03851648071345	1.72057135058232	1.03851648071345	1.60829603479504	0.395284707521047	1.61900678131129	0.134629120178363	1.65587705681312	0.901387818865997	1.94848658474604	1.03851648071345	1.87832874827193	1.03851648071345	1.69635521498983	0.0500000000000000	1.76420014175506	1	2.50518314738012	0.975000000000000	2.48214242629233	1.03851648071345	2.66827063622007	0.450000000000000	1.76420014175506
1.01519702521235	1.18186369187901	1.54292741242095	1.18186369187901	1.36770793665899	2.69706071709136	0	1.18186369187901	1.46500853239836	1.18186369187901	0.612882533606563	2.86771781444216	1.27695927891221	1.18186369187901	1.14236596587959	2.10979476109461	1.29034879005639	2.19725189508122	1.50083310198036	1.18186369187901	1.51017383105390	2.25195140442858	1.58528388624877	1.18186369187901	1.28062484748657	1.18186369187901	1.27695927891221	3.10708297325294	1.39396018594507	1.18186369187901	0.697316284049068	2.58325151074501	1.12611056295552	2.80797425483454	2.03991421388254	1.18186369187901	0.850000000000000	1.18186369187901	0.686476510887299	1.18186369187901	0.700446286306095	2.09568732581019	1.42148689758295	2.13255760131201	1.23338963835440	2.42516712924494	0.555090082779363	1.18186369187901	0.550000000000000	1.18186369187901	0.817389136213591	2.24088068625396	1.35300591277348	2.98186369187901	1.42148689758295	2.95882297079123	1.41155942134931	1.18186369187901	1.50083310198036	2.24088068625396	1.56704339442148
0	0	0.696996752556577	0	0.705183147380117	1.51519702521235	1.18186369187901	0	0.617360576099665	0	0.942875401479668	1.68585412256314	1.35252078922981	0	0.471830557060009	0.927931069215592	0.594597735882259	1.01538820320221	0.682054869868874	0	1.45362043429004	1.07008771254957	0.736754379216236	0	0.541666666666667	0	0.561951374187714	1.92521928137392	1.59188594804059	0	0.976373403701749	1.40138781886600	1.06805448553266	1.62611056295552	1.29277722962219	0	0.585743032022672	0	0.682054869868874	0	0.569779554081594	0.913823633931171	0.580490300597838	0.950693909432999	0.617360576099665	1.24330343736593	0.909970104032592	0	0.839812267558480	0	0.657838734276379	1.05901699437495	0.725683661041614	1.80000000000000	1.46666666666667	1.77695927891221	1.44362594557888	0	1.62975415550662	1.05901699437495	0.725683661041614
0.450693909432999	0.617360576099665	5	0.617360576099665	18.6815416922694	2.13255760131201	1.46500853239836	0.617360576099665	0	0.617360576099665	46.1410879802373	2.30321469866281	1.37500000000000	0.617360576099665	17.7200451466694	1.54529164531526	0.459619407771256	1.63274877930187	0.176776695296637	0.617360576099665	55.9016994374947	1.68744828864923	0.125000000000000	0.617360576099665	15.8113883008419	0.617360576099665	15	2.54257985747359	1.62500000000000	0.617360576099665	46.5188133984520	2.01874839496566	1.15244305716161	2.24347113905519	0.776208734813001	0.617360576099665	31.4006369362152	0.617360576099665	36.0555127546399	0.617360576099665	33.2415402771893	1.53118421003084	0.0750000000000000	1.56805448553266	0.500000000000000	1.86066401346559	1.13715654155442	0.617360576099665	43.0116263352131	0.617360576099665	34.3656805548792	1.67637757047461	0.515388203202208	2.41736057609967	1.45537795778279	2.39431985501188	1.43047195009200	0.617360576099665	65.1920240520265	1.67637757047461	0.125000000000000
0.950693909432999	0.950693909432999	1.64769066198958	0.950693909432999	1.65587705681312	1.46500853239836	2.13255760131201	0.950693909432999	1.56805448553266	0.950693909432999	1.89356931091267	1.37500000000000	2.30321469866281	0.950693909432999	1.42252446649301	0.459619407771256	1.54529164531526	0.176776695296637	1.63274877930187	0.950693909432999	2.40431434372304	0.125000000000000	1.68744828864923	0.950693909432999	1.49236057609967	0.950693909432999	1.51264528362071	1.62500000000000	2.54257985747359	0.950693909432999	1.92706731313475	1.15244305716161	2.01874839496566	0.776208734813001	2.24347113905519	0.950693909432999	1.53643694145567	0.950693909432999	1.63274877930187	0.950693909432999	1.52047346351459	0.0750000000000000	1.53118421003084	0.500000000000000	1.56805448553266	1.13715654155442	1.86066401346559	0.950693909432999	1.79050617699148	0.950693909432999	1.60853264370938	0.515388203202208	1.67637757047461	1.45537795778279	2.41736057609967	1.43047195009200	2.39431985501188	0.950693909432999	2.58044806493962	0.125000000000000	1.67637757047461
0.776208734813001	0.942875401479668	50.5371150739731	0.942875401479668	35.6089876295297	2.45807242669202	0.612882533606563	0.942875401479668	46.1410879802373	0.942875401479668	0	2.62872952404281	0.686476510887299	0.942875401479668	29.2061637330205	1.87080647069526	1.18453577404821	1.95826360468188	1.12054674155075	0.942875401479668	36.2491379207837	2.01296311402924	1.27769323391806	0.942875401479668	45.7055795281058	0.942875401479668	33.9705755029261	2.86809468285359	0.849264387573152	0.942875401479668	3.60555127546399	2.34426322034567	1.36565002837477	2.56898596443519	1.54778066921641	0.942875401479668	35.9026461420325	0.942875401479668	10.4403065089106	0.942875401479668	29.1204395571221	1.85669903541084	1.08915104553960	1.89356931091267	0.761987532706409	2.18617883884559	0.0707106781186548	0.942875401479668	5.38516480713450	0.942875401479668	36.6878726556883	2.00189239585462	0.860232526704263	2.74287540147967	0.832165848854662	2.71983468039188	0.818916967707960	0.942875401479668	37.5366487582469	2.00189239585462	1.22065556157337
1.27620873481300	1.27620873481300	1.97320548736958	1.27620873481300	1.98139188219312	0.612882533606563	2.45807242669202	1.27620873481300	1.89356931091267	1.27620873481300	2.21908413629267	0.686476510887299	2.62872952404281	1.27620873481300	1.74803929187301	1.18453577404821	1.87080647069526	1.12054674155075	1.95826360468188	1.27620873481300	2.72982916910304	1.27769323391806	2.01296311402924	1.27620873481300	1.81787540147967	1.27620873481300	1.83816010900072	0.849264387573152	2.86809468285359	1.27620873481300	2.25258213851475	1.36565002837477	2.34426322034567	1.54778066921641	2.56898596443519	1.27620873481300	1.86195176683567	1.27620873481300	1.95826360468188	1.27620873481300	1.84598828889460	1.08915104553960	1.85669903541084	0.761987532706409	1.89356931091267	0.0707106781186548	2.18617883884559	1.27620873481300	2.11602100237148	1.27620873481300	1.93404746908938	0.860232526704263	2.00189239585462	0.832165848854662	2.74287540147967	0.818916967707960	2.71983468039188	1.27620873481300	2.90596289031962	1.22065556157337	2.00189239585462
1.18585412256314	1.35252078922981	1.50000000000000	1.35252078922981	0.933407735129724	2.86771781444216	1.27695927891221	1.35252078922981	1.37500000000000	1.35252078922981	0.686476510887299	3.03837491179295	0	1.35252078922981	0.958188394836840	2.28045185844540	1.60721031604454	2.36790899243202	1.25623445264011	1.35252078922981	0.250000000000000	2.42260850177938	1.47690554877419	1.35252078922981	1.54616460960662	1.35252078922981	1	3.27774007060373	0.250000000000000	1.35252078922981	0.596343022093828	2.75390860809581	1.97642353760524	2.97863135218533	1.39396018594507	1.35252078922981	1.47075660800827	1.35252078922981	0.800390529679106	1.35252078922981	1.32523582806986	2.26634442316098	1.30000000000000	2.30321469866281	0.875000000000000	2.59582422659573	0.755810822891549	1.35252078922981	0.800390529679106	1.35252078922981	1.51162164578310	2.41153778360476	0.883883476483184	3.15252078922981	0.145773797371133	3.12948006814202	0.134629120178363	1.35252078922981	0.279508497187474	2.41153778360476	1.38067012714841
0	0	0.696996752556577	0	0.705183147380117	1.51519702521235	1.18186369187901	0	0.617360576099665	0	0.942875401479668	1.68585412256314	1.35252078922981	0	0.471830557060009	0.927931069215592	0.594597735882259	1.01538820320221	0.682054869868874	0	1.45362043429004	1.07008771254957	0.736754379216236	0	0.541666666666667	0	0.561951374187714	1.92521928137392	1.59188594804059	0	0.976373403701749	1.40138781886600	1.06805448553266	1.62611056295552	1.29277722962219	0	0.585743032022672	0	0.682054869868874	0	0.569779554081594	0.913823633931171	0.580490300597838	0.950693909432999	0.617360576099665	1.24330343736593	0.909970104032592	0	0.839812267558480	0	0.657838734276379	1.05901699437495	0.725683661041614	1.80000000000000	1.46666666666667	1.77695927891221	1.44362594557888	0	1.62975415550662	1.05901699437495	0.725683661041614
0.305163890393343	0.471830557060009	22.5610283453570	0.471830557060009	10.0498756211209	1.98702758227236	1.14236596587959	0.471830557060009	17.7200451466694	0.471830557060009	29.2061637330205	2.15768467962315	0.958188394836840	0.471830557060009	0	1.39976162627560	0.670820393249937	1.48721876026222	0.390512483795333	0.471830557060009	40.8533964316310	1.54191826960958	0.561805126356106	0.471830557060009	24.1660919471891	0.471830557060009	5.38516480713450	2.39704983843393	1.20649285120137	0.471830557060009	29.1547594742265	1.87321837592601	1.20649285120137	2.09794112001553	0.903465549979633	0.471830557060009	28.6356421265527	0.471830557060009	19.8494332412792	0.471830557060009	26.4764045897475	1.38565419099118	0.371651718682963	1.42252446649301	0.145773797371133	1.71513399442593	0.725000000000000	0.471830557060009	26.9072480941474	0.471830557060009	31.3847096529504	1.53084755143496	0.261007662722764	2.27183055706001	1.05504739230046	2.24878983597222	1.03077640640442	0.471830557060009	49.0306026885251	1.53084755143496	0.493077073082901
0.805163890393343	0.805163890393343	1.50216064294992	0.805163890393343	1.51034703777346	1.14236596587959	1.98702758227236	0.805163890393343	1.42252446649301	0.805163890393343	1.74803929187301	0.958188394836840	2.15768467962315	0.805163890393343	1.27699444745335	0.670820393249937	1.39976162627560	0.390512483795333	1.48721876026222	0.805163890393343	2.25878432468338	0.561805126356106	1.54191826960958	0.805163890393343	1.34683055706001	0.805163890393343	1.36711526458106	1.20649285120137	2.39704983843393	0.805163890393343	1.78153729409509	1.20649285120137	1.87321837592601	0.903465549979633	2.09794112001553	0.805163890393343	1.39090692241601	0.805163890393343	1.48721876026222	0.805163890393343	1.37494344447494	0.371651718682963	1.38565419099118	0.145773797371133	1.42252446649301	0.725000000000000	1.71513399442593	0.805163890393343	1.64497615795182	0.805163890393343	1.46300262466972	0.261007662722764	1.53084755143496	1.05504739230046	2.27183055706001	1.03077640640442	2.24878983597222	0.805163890393343	2.43491804589996	0.493077073082901	1.53084755143496
0.427931069215592	0.594597735882259	0.427931069215592	0.594597735882259	0.832541290267336	2.10979476109461	1.29034879005639	0.594597735882259	0.459619407771256	0.594597735882259	1.18453577404821	2.28045185844540	1.60721031604454	0.594597735882259	0.670820393249937	1.52252880509785	0	1.60998593908447	0.626498204307084	0.594597735882259	1.69059900626967	1.66468544843183	0.505593710403917	0.594597735882259	0.0707106781186548	0.594597735882259	0.695071938722892	2.51981701725618	1.84949317381817	0.594597735882259	1.22729377086336	1.99598555474826	0.704006392016436	2.22070829883778	1.23338963835440	0.594597735882259	0.460977222864644	0.594597735882259	0.928035559663529	0.594597735882259	0.590021186060297	1.50842136981343	0.493077073082901	1.54529164531526	0.797652806677191	1.83790117324818	1.14263948820264	0.594597735882259	1.06887791632160	0.594597735882259	0.520216301167120	1.65361473025721	0.870703738363400	2.39459773588226	1.71555384642978	2.37155701479447	1.69189243156886	0.594597735882259	1.88215302247187	1.65361473025721	0.577169819030760
0	0	0.696996752556577	0	0.705183147380117	1.51519702521235	1.18186369187901	0	0.617360576099665	0	0.942875401479668	1.68585412256314	1.35252078922981	0	0.471830557060009	0.927931069215592	0.594597735882259	1.01538820320221	0.682054869868874	0	1.45362043429004	1.07008771254957	0.736754379216236	0	0.541666666666667	0	0.561951374187714	1.92521928137392	1.59188594804059	0	0.976373403701749	1.40138781886600	1.06805448553266	1.62611056295552	1.29277722962219	0	0.585743032022672	0	0.682054869868874	0	0.569779554081594	0.913823633931171	0.580490300597838	0.950693909432999	0.617360576099665	1.24330343736593	0.909970104032592	0	0.839812267558480	0	0.657838734276379	1.05901699437495	0.725683661041614	1.80000000000000	1.46666666666667	1.77695927891221	1.44362594557888	0	1.62975415550662	1.05901699437495	0.725683661041614
0.515388203202208	0.682054869868874	0.279508497187474	0.682054869868874	0.325000000000000	2.19725189508122	1.50083310198036	0.682054869868874	0.176776695296637	0.682054869868874	1.12054674155075	2.36790899243202	1.25623445264011	0.682054869868874	0.390512483795333	1.60998593908447	0.626498204307084	1.69744307307108	0	0.682054869868874	1.25623445264011	1.75214258241844	0.230488611432322	0.682054869868874	0.559016994374948	0.682054869868874	0.279508497187474	2.60727415124280	1.50519932234904	0.682054869868874	1.11635567808831	2.08344268873487	1.30503831361382	2.30816543282440	0.629483915600709	0.682054869868874	0.900000000000000	0.682054869868874	0.883883476483184	0.682054869868874	0.916856041044613	1.59587850380005	0.134629120178363	1.63274877930187	0.395284707521047	1.92535830723480	1.11495515604889	0.682054869868874	1.06066017177982	0.682054869868874	0.975000000000000	1.74107186424382	0.375000000000000	2.48205486986887	1.32500000000000	2.45901414878109	1.30000000000000	0.682054869868874	1.50000000000000	1.74107186424382	0.125000000000000
0	0	0.696996752556577	0	0.705183147380117	1.51519702521235	1.18186369187901	0	0.617360576099665	0	0.942875401479668	1.68585412256314	1.35252078922981	0	0.471830557060009	0.927931069215592	0.594597735882259	1.01538820320221	0.682054869868874	0	1.45362043429004	1.07008771254957	0.736754379216236	0	0.541666666666667	0	0.561951374187714	1.92521928137392	1.59188594804059	0	0.976373403701749	1.40138781886600	1.06805448553266	1.62611056295552	1.29277722962219	0	0.585743032022672	0	0.682054869868874	0	0.569779554081594	0.913823633931171	0.580490300597838	0.950693909432999	0.617360576099665	1.24330343736593	0.909970104032592	0	0.839812267558480	0	0.657838734276379	1.05901699437495	0.725683661041614	1.80000000000000	1.46666666666667	1.77695927891221	1.44362594557888	0	1.62975415550662	1.05901699437495	0.725683661041614
1.28695376762338	1.45362043429004	60.8276253029822	1.45362043429004	37.3363094051889	2.96881745950239	1.51017383105390	1.45362043429004	55.9016994374947	1.45362043429004	36.2491379207837	3.13947455685318	0.250000000000000	1.45362043429004	40.8533964316310	2.38155150350563	1.69059900626967	2.46900863749225	1.25623445264011	1.45362043429004	0	2.52370814683961	1.48534507775129	1.45362043429004	65	1.45362043429004	41.2310562561766	3.37883971566396	0.353553390593274	1.45362043429004	32.6955654485436	2.85500825315604	2.12867329574080	3.07973099724556	1.27695927891221	1.45362043429004	64.6606526413088	1.45362043429004	39.0512483795333	1.45362043429004	59.4138031100518	2.36744406822121	1.32382022948737	2.40431434372304	0.910013736160065	2.69692387165597	0.972753822917186	1.45362043429004	40.3112887414927	1.45362043429004	66.6033032213869	2.51263742866499	0.883883476483184	3.25362043429004	0.145773797371133	3.23057971320226	0.134629120178363	1.45362043429004	11.1803398874989	2.51263742866499	1.38067012714841
1.78695376762338	1.78695376762338	2.48395052017995	1.78695376762338	2.49213691500349	1.51017383105390	2.96881745950239	1.78695376762338	2.40431434372304	1.78695376762338	2.72982916910304	0.250000000000000	3.13947455685318	1.78695376762338	2.25878432468338	1.69059900626967	2.38155150350563	1.25623445264011	2.46900863749225	1.78695376762338	3.24057420191342	1.48534507775129	2.52370814683961	1.78695376762338	2.32862043429004	1.78695376762338	2.34890514181109	0.353553390593274	3.37883971566396	1.78695376762338	2.76332717132512	2.12867329574080	2.85500825315604	1.27695927891221	3.07973099724556	1.78695376762338	2.37269679964605	1.78695376762338	2.46900863749225	1.78695376762338	2.35673332170497	1.32382022948737	2.36744406822121	0.910013736160065	2.40431434372304	0.972753822917186	2.69692387165597	1.78695376762338	2.62676603518185	1.78695376762338	2.44479250189975	0.883883476483184	2.51263742866499	0.145773797371133	3.25362043429004	0.134629120178363	3.23057971320226	1.78695376762338	3.41670792313000	1.38067012714841	2.51263742866499
0.570087712549569	0.736754379216236	0.0790569415042095	0.736754379216236	0.552268050859363	2.25195140442858	1.58528388624877	0.736754379216236	0.125000000000000	0.736754379216236	1.27769323391806	2.42260850177938	1.47690554877419	0.736754379216236	0.561805126356106	1.66468544843183	0.505593710403917	1.75214258241844	0.230488611432322	0.736754379216236	1.48534507775129	1.80684209176580	0	0.736754379216236	0.450693909432999	0.736754379216236	0.480884601541784	2.66197366059016	1.72662966498320	0.736754379216236	1.28573908706238	2.13814219808223	1.20933866224478	2.36286494217176	0.738664335134708	0.736754379216236	0.879275269753449	0.736754379216236	1.02621878758869	0.736754379216236	0.939414711402797	1.65057801314741	0.190394327646598	1.68744828864923	0.604669331122391	1.98005781658216	1.26194294641240	0.736754379216236	1.20026038841578	0.736754379216236	0.951971638232989	1.79577137359118	0.602079728939615	2.53675437921624	1.55080624192708	2.51371365812845	1.52581945196671	0.736754379216236	1.72572448554223	1.79577137359118	0.111803398874990
0	0	0.696996752556577	0	0.705183147380117	1.51519702521235	1.18186369187901	0	0.617360576099665	0	0.942875401479668	1.68585412256314	1.35252078922981	0	0.471830557060009	0.927931069215592	0.594597735882259	1.01538820320221	0.682054869868874	0	1.45362043429004	1.07008771254957	0.736754379216236	0	0.541666666666667	0	0.561951374187714	1.92521928137392	1.59188594804059	0	0.976373403701749	1.40138781886600	1.06805448553266	1.62611056295552	1.29277722962219	0	0.585743032022672	0	0.682054869868874	0	0.569779554081594	0.913823633931171	0.580490300597838	0.950693909432999	0.617360576099665	1.24330343736593	0.909970104032592	0	0.839812267558480	0	0.657838734276379	1.05901699437495	0.725683661041614	1.80000000000000	1.46666666666667	1.77695927891221	1.44362594557888	0	1.62975415550662	1.05901699437495	0.725683661041614
0.375000000000000	0.541666666666667	15	0.541666666666667	30.4795013082563	2.05686369187901	1.28062484748657	0.541666666666667	15.8113883008419	0.541666666666667	45.7055795281058	2.22752078922981	1.54616460960662	0.541666666666667	24.1660919471891	1.46959773588226	0.0707106781186548	1.55705486986887	0.559016994374948	0.541666666666667	65	1.61175437921624	0.450693909432999	0.541666666666667	0	0.541666666666667	25	2.46688594804059	1.78972763290954	0.541666666666667	47.2652091923859	1.94305448553266	0.760345316287278	2.16777722962219	1.17100384286304	0.541666666666667	18.8679622641132	0.541666666666667	35.3553390593274	0.541666666666667	23.3452350598575	1.45549030059784	0.425000000000000	1.49236057609967	0.728868986855663	1.78497010403259	1.10368700273221	0.541666666666667	41.2310562561766	0.541666666666667	21.4709105535839	1.60068366104161	0.800390529679106	2.34166666666667	1.65246028696607	2.31862594557888	1.62864974749023	0.541666666666667	72.8010988928052	1.60068366104161	0.515388203202208
0.875000000000000	0.875000000000000	1.57199675255658	0.875000000000000	1.58018314738012	1.28062484748657	2.05686369187901	0.875000000000000	1.49236057609967	0.875000000000000	1.81787540147967	1.54616460960662	2.22752078922981	0.875000000000000	1.34683055706001	0.0707106781186548	1.46959773588226	0.559016994374948	1.55705486986887	0.875000000000000	2.32862043429004	0.450693909432999	1.61175437921624	0.875000000000000	1.41666666666667	0.875000000000000	1.43695137418771	1.78972763290954	2.46688594804059	0.875000000000000	1.85137340370175	0.760345316287278	1.94305448553266	1.17100384286304	2.16777722962219	0.875000000000000	1.46074303202267	0.875000000000000	1.55705486986887	0.875000000000000	1.44477955408159	0.425000000000000	1.45549030059784	0.728868986855663	1.49236057609967	1.10368700273221	1.78497010403259	0.875000000000000	1.71481226755848	0.875000000000000	1.53283873427638	0.800390529679106	1.60068366104161	1.65246028696607	2.34166666666667	1.62864974749023	2.31862594557888	0.875000000000000	2.50475415550662	0.515388203202208	1.60068366104161
0.395284707521047	0.561951374187714	20	0.561951374187714	5.83095189484530	2.07714839940006	1.27695927891221	0.561951374187714	15	0.561951374187714	33.9705755029261	2.24780549675086	1	0.561951374187714	5.38516480713450	1.48988244340331	0.695071938722892	1.57733957738992	0.279508497187474	0.561951374187714	41.2310562561766	1.63203908673728	0.480884601541784	0.561951374187714	25	0.561951374187714	0	2.48717065556164	1.25000000000000	0.561951374187714	33.6005952328229	1.96333919305371	1.28695376762338	2.18806193714324	0.770146090037468	0.561951374187714	32.5729949498047	0.561951374187714	25	0.561951374187714	31.1448230047949	1.47577500811889	0.300000000000000	1.51264528362071	0.125000000000000	1.80525481155364	0.849264387573152	0.561951374187714	32.0156211871642	0.561951374187714	35.4400902933387	1.62096836856266	0.176776695296637	2.36195137418771	1.08224304109567	2.33891065309993	1.05741429912783	0.561951374187714	50.2493781056045	1.62096836856266	0.395284707521047
0.895284707521048	0.895284707521048	1.59228146007763	0.895284707521048	1.60046785490116	1.27695927891221	2.07714839940006	0.895284707521048	1.51264528362071	0.895284707521048	1.83816010900072	1	2.24780549675086	0.895284707521048	1.36711526458106	0.695071938722892	1.48988244340331	0.279508497187474	1.57733957738992	0.895284707521048	2.34890514181109	0.480884601541784	1.63203908673728	0.895284707521048	1.43695137418771	0.895284707521048	1.45723608170876	1.25000000000000	2.48717065556164	0.895284707521048	1.87165811122280	1.28695376762338	1.96333919305371	0.770146090037468	2.18806193714324	0.895284707521048	1.48102773954372	0.895284707521048	1.57733957738992	0.895284707521048	1.46506426160264	0.300000000000000	1.47577500811889	0.125000000000000	1.51264528362071	0.849264387573152	1.80525481155364	0.895284707521048	1.73509697507953	0.895284707521048	1.55312344179743	0.176776695296637	1.62096836856266	1.08224304109567	2.36195137418771	1.05741429912783	2.33891065309993	0.895284707521048	2.52503886302767	0.395284707521047	1.62096836856266
1.42521928137392	1.59188594804059	1.75000000000000	1.59188594804059	1.18163022980965	3.10708297325294	1.39396018594507	1.59188594804059	1.62500000000000	1.59188594804059	0.849264387573152	3.27774007060373	0.250000000000000	1.59188594804059	1.20649285120137	2.51981701725618	1.84949317381817	2.60727415124280	1.50519932234904	1.59188594804059	0.353553390593274	2.66197366059016	1.72662966498320	1.59188594804059	1.78972763290954	1.59188594804059	1.25000000000000	3.51710522941451	0	1.59188594804059	0.761987532706409	2.99327376690659	2.18660696056699	3.21799651099611	1.61031829151879	1.59188594804059	1.68837940049030	1.59188594804059	1.00778221853732	1.59188594804059	1.53500814330088	2.50570958197176	1.55000000000000	2.54257985747359	1.12500000000000	2.83518938540652	0.919918474648705	1.59188594804059	0.976281209488332	1.59188594804059	1.72409396495667	2.65090294241554	1.13192314226718	3.39188594804059	0.215058131676066	3.36884522695280	0.235849528301415	1.59188594804059	0.125000000000000	2.65090294241554	1.62980060130066
0	0	0.696996752556577	0	0.705183147380117	1.51519702521235	1.18186369187901	0	0.617360576099665	0	0.942875401479668	1.68585412256314	1.35252078922981	0	0.471830557060009	0.927931069215592	0.594597735882259	1.01538820320221	0.682054869868874	0	1.45362043429004	1.07008771254957	0.736754379216236	0	0.541666666666667	0	0.561951374187714	1.92521928137392	1.59188594804059	0	0.976373403701749	1.40138781886600	1.06805448553266	1.62611056295552	1.29277722962219	0	0.585743032022672	0	0.682054869868874	0	0.569779554081594	0.913823633931171	0.580490300597838	0.950693909432999	0.617360576099665	1.24330343736593	0.909970104032592	0	0.839812267558480	0	0.657838734276379	1.05901699437495	0.725683661041614	1.80000000000000	1.46666666666667	1.77695927891221	1.44362594557888	0	1.62975415550662	1.05901699437495	0.725683661041614
0.809706737035082	0.976373403701749	51.0783711564885	0.976373403701749	34.6554469023269	2.49157042891410	0.697316284049068	0.976373403701749	46.5188133984520	0.976373403701749	3.60555127546399	2.66222752626489	0.596343022093828	0.976373403701749	29.1547594742265	1.90430447291734	1.22729377086336	1.99176160690396	1.11635567808831	0.976373403701749	32.6955654485436	2.04646111625132	1.28573908706238	0.976373403701749	47.2652091923859	0.976373403701749	33.6005952328229	2.90159268507567	0.761987532706409	0.976373403701749	0	2.37776122256775	1.44243717367517	2.60248396665727	1.51162164578310	0.976373403701749	38.6005181312376	0.976373403701749	12	0.976373403701749	31.9530906173409	1.89019703763292	1.09573035004056	1.92706731313475	0.743303437365925	2.21967684106767	0.160078105935821	0.976373403701749	8.60232526704263	0.976373403701749	39.5600808897050	2.03539039807670	0.832541290267336	2.77637340370175	0.742041103982792	2.75333268261396	0.728868986855663	0.976373403701749	33.9705755029261	2.03539039807670	1.22193494098499
1.30970673703508	1.30970673703508	2.00670348959166	1.30970673703508	2.01488988441520	0.697316284049068	2.49157042891410	1.30970673703508	1.92706731313475	1.30970673703508	2.25258213851475	0.596343022093828	2.66222752626489	1.30970673703508	1.78153729409509	1.22729377086336	1.90430447291734	1.11635567808831	1.99176160690396	1.30970673703508	2.76332717132512	1.28573908706238	2.04646111625132	1.30970673703508	1.85137340370175	1.30970673703508	1.87165811122280	0.761987532706409	2.90159268507567	1.30970673703508	2.28608014073683	1.44243717367517	2.37776122256775	1.51162164578310	2.60248396665727	1.30970673703508	1.89544976905775	1.30970673703508	1.99176160690396	1.30970673703508	1.87948629111668	1.09573035004056	1.89019703763292	0.743303437365925	1.92706731313475	0.160078105935821	2.21967684106767	1.30970673703508	2.14951900459356	1.30970673703508	1.96754547131146	0.832541290267336	2.03539039807670	0.742041103982792	2.77637340370175	0.728868986855663	2.75333268261396	1.30970673703508	2.93946089254170	1.22193494098499	2.03539039807670
0.901387818865997	1.06805448553266	1.13192314226718	1.06805448553266	1.43265487818944	2.58325151074501	1.12611056295552	1.06805448553266	1.15244305716161	1.06805448553266	1.36565002837477	2.75390860809581	1.97642353760524	1.06805448553266	1.20649285120137	1.99598555474826	0.704006392016436	2.08344268873487	1.30503831361382	1.06805448553266	2.12867329574080	2.13814219808223	1.20933866224478	1.06805448553266	0.760345316287278	1.06805448553266	1.28695376762338	2.99327376690659	2.18660696056699	1.06805448553266	1.44243717367517	2.46944230439866	0	2.69416504848819	1.92824401982737	1.06805448553266	0.512957113217080	1.06805448553266	1.17924764150708	1.06805448553266	0.651920240520265	1.98187811946384	1.17100384286304	2.01874839496566	1.35208172829900	2.31135792289859	1.30000000000000	1.06805448553266	1.23110722522451	1.06805448553266	0.465026880943457	2.12707147990761	1.45773797371133	2.86805448553266	2.11009478460092	2.84501376444488	2.09000598085269	1.06805448553266	2.25346954716499	2.12707147990761	1.27475487839820
0	0	0.696996752556577	0	0.705183147380117	1.51519702521235	1.18186369187901	0	0.617360576099665	0	0.942875401479668	1.68585412256314	1.35252078922981	0	0.471830557060009	0.927931069215592	0.594597735882259	1.01538820320221	0.682054869868874	0	1.45362043429004	1.07008771254957	0.736754379216236	0	0.541666666666667	0	0.561951374187714	1.92521928137392	1.59188594804059	0	0.976373403701749	1.40138781886600	1.06805448553266	1.62611056295552	1.29277722962219	0	0.585743032022672	0	0.682054869868874	0	0.569779554081594	0.913823633931171	0.580490300597838	0.950693909432999	0.617360576099665	1.24330343736593	0.909970104032592	0	0.839812267558480	0	0.657838734276379	1.05901699437495	0.725683661041614	1.80000000000000	1.46666666666667	1.77695927891221	1.44362594557888	0	1.62975415550662	1.05901699437495	0.725683661041614
1.12611056295552	1.29277722962219	0.817389136213591	1.29277722962219	0.673145600891813	2.80797425483454	2.03991421388254	1.29277722962219	0.776208734813001	1.29277722962219	1.54778066921641	2.97863135218533	1.39396018594507	1.29277722962219	0.903465549979633	2.22070829883778	1.23338963835440	2.30816543282440	0.629483915600709	1.29277722962219	1.27695927891221	2.36286494217176	0.738664335134708	1.29277722962219	1.17100384286304	1.29277722962219	0.770146090037468	3.21799651099611	1.61031829151879	1.29277722962219	1.51162164578310	2.69416504848819	1.92824401982737	2.91888779257771	0	1.29277722962219	1.52684314846025	1.29277722962219	1.36565002837477	1.29277722962219	1.52827517155779	2.20660086355336	0.760345316287278	2.24347113905519	0.807774721070176	2.53608066698811	1.56624551076771	1.29277722962219	1.53174736820404	1.29277722962219	1.60175684796413	2.35179422399714	0.693271231193102	3.09277722962219	1.39754248593737	3.06973650853440	1.37522725394751	1.29277722962219	1.55603663195954	2.35179422399714	0.656220237420334
0	0	0.696996752556577	0	0.705183147380117	1.51519702521235	1.18186369187901	0	0.617360576099665	0	0.942875401479668	1.68585412256314	1.35252078922981	0	0.471830557060009	0.927931069215592	0.594597735882259	1.01538820320221	0.682054869868874	0	1.45362043429004	1.07008771254957	0.736754379216236	0	0.541666666666667	0	0.561951374187714	1.92521928137392	1.59188594804059	0	0.976373403701749	1.40138781886600	1.06805448553266	1.62611056295552	1.29277722962219	0	0.585743032022672	0	0.682054869868874	0	0.569779554081594	0.913823633931171	0.580490300597838	0.950693909432999	0.617360576099665	1.24330343736593	0.909970104032592	0	0.839812267558480	0	0.657838734276379	1.05901699437495	0.725683661041614	1.80000000000000	1.46666666666667	1.77695927891221	1.44362594557888	0	1.62975415550662	1.05901699437495	0.725683661041614
0.419076365356005	0.585743032022672	32.5729949498047	0.585743032022672	38.2753184180093	2.10094005723502	0.850000000000000	0.585743032022672	31.4006369362152	0.585743032022672	35.9026461420325	2.27159715458581	1.47075660800827	0.585743032022672	28.6356421265527	1.51367410123826	0.460977222864644	1.60113123522488	0.900000000000000	0.585743032022672	64.6606526413088	1.65583074457224	0.879275269753449	0.585743032022672	18.8679622641132	0.585743032022672	32.5729949498047	2.51096231339659	1.68837940049030	0.585743032022672	38.6005181312376	1.98713085088867	0.512957113217080	2.21185359497819	1.52684314846025	0.585743032022672	0	0.585743032022672	27.3130005674953	0.585743032022672	7	1.49956666595384	0.776611228350453	1.53643694145567	0.860958767886128	1.82904646938860	0.838525491562421	0.585743032022672	30.5941170815567	0.585743032022672	3	1.64476002639762	0.975000000000000	2.38574303202267	1.60175684796413	2.36270231093489	1.58113883008419	0.585743032022672	69.9714227381436	1.64476002639762	0.908639092269312
0.919076365356005	0.919076365356005	1.61607311791258	0.919076365356005	1.62425951273612	0.850000000000000	2.10094005723502	0.919076365356005	1.53643694145567	0.919076365356005	1.86195176683567	1.47075660800827	2.27159715458581	0.919076365356005	1.39090692241601	0.460977222864644	1.51367410123826	0.900000000000000	1.60113123522488	0.919076365356005	2.37269679964605	0.879275269753449	1.65583074457224	0.919076365356005	1.46074303202267	0.919076365356005	1.48102773954372	1.68837940049030	2.51096231339659	0.919076365356005	1.89544976905775	0.512957113217080	1.98713085088867	1.52684314846025	2.21185359497819	0.919076365356005	1.50481939737868	0.919076365356005	1.60113123522488	0.919076365356005	1.48885591943760	0.776611228350453	1.49956666595384	0.860958767886128	1.53643694145567	0.838525491562421	1.82904646938860	0.919076365356005	1.75888863291449	0.919076365356005	1.57691509963238	0.975000000000000	1.64476002639762	1.60175684796413	2.38574303202267	1.58113883008419	2.36270231093489	0.919076365356005	2.54883052086263	0.908639092269312	1.64476002639762
0.515388203202208	0.682054869868874	40.3112887414927	0.682054869868874	27.7308492477241	2.19725189508122	0.686476510887299	0.682054869868874	36.0555127546399	0.682054869868874	10.4403065089106	2.36790899243202	0.800390529679106	0.682054869868874	19.8494332412792	1.60998593908447	0.928035559663529	1.69744307307108	0.883883476483184	0.682054869868874	39.0512483795333	1.75214258241844	1.02621878758869	0.682054869868874	35.3553390593274	0.682054869868874	25	2.60727415124280	1.00778221853732	0.682054869868874	12	2.08344268873487	1.17924764150708	2.30816543282440	1.36565002837477	0.682054869868874	27.3130005674953	0.682054869868874	0	0.682054869868874	21.0950231097290	1.59587850380005	0.840014880820572	1.63274877930187	0.559016994374948	1.92535830723480	0.235849528301415	0.682054869868874	7.07106781186548	0.682054869868874	28.6530975637888	1.74107186424382	0.673145600891813	2.48205486986887	0.938416218956173	2.45901414878109	0.919918474648705	0.682054869868874	43.0116263352131	1.74107186424382	0.976281209488332
1.01538820320221	1.01538820320221	1.71238495575879	1.01538820320221	1.72057135058232	0.686476510887299	2.19725189508122	1.01538820320221	1.63274877930187	1.01538820320221	1.95826360468188	0.800390529679106	2.36790899243202	1.01538820320221	1.48721876026222	0.928035559663529	1.60998593908447	0.883883476483184	1.69744307307108	1.01538820320221	2.46900863749225	1.02621878758869	1.75214258241844	1.01538820320221	1.55705486986887	1.01538820320221	1.57733957738992	1.00778221853732	2.60727415124280	1.01538820320221	1.99176160690396	1.17924764150708	2.08344268873487	1.36565002837477	2.30816543282440	1.01538820320221	1.60113123522488	1.01538820320221	1.69744307307108	1.01538820320221	1.58516775728380	0.840014880820572	1.59587850380005	0.559016994374948	1.63274877930187	0.235849528301415	1.92535830723480	1.01538820320221	1.85520047076069	1.01538820320221	1.67322693747859	0.673145600891813	1.74107186424382	0.938416218956173	2.48205486986887	0.919918474648705	2.45901414878109	1.01538820320221	2.64514235870883	0.976281209488332	1.74107186424382
0.403112887414927	0.569779554081594	35.3553390593274	0.569779554081594	36.4965751817893	2.08497657929394	0.700446286306095	0.569779554081594	33.2415402771893	0.569779554081594	29.1204395571221	2.25563367664474	1.32523582806986	0.569779554081594	26.4764045897475	1.49771062329719	0.590021186060297	1.58516775728380	0.916856041044613	0.569779554081594	59.4138031100518	1.63986726663116	0.939414711402797	0.569779554081594	23.3452350598575	0.569779554081594	31.1448230047949	2.49499883545552	1.53500814330088	0.569779554081594	31.9530906173409	1.97116737294759	0.651920240520265	2.19589011703711	1.52827517155779	0.569779554081594	7	0.569779554081594	21.0950231097290	0.569779554081594	0	1.48360318801277	0.807000619578449	1.52047346351459	0.800390529679106	1.81308299144752	0.667083203206317	0.569779554081594	23.7697286480094	0.569779554081594	7.61577310586391	1.62879654845654	0.921954445729289	2.36977955408159	1.46030818665102	2.34673883299381	1.44070295342239	0.569779554081594	64.0702739185654	1.62879654845654	0.948683298050514
0.903112887414928	0.903112887414928	1.60010963997151	0.903112887414928	1.60829603479504	0.700446286306095	2.08497657929394	0.903112887414928	1.52047346351459	0.903112887414928	1.84598828889460	1.32523582806986	2.25563367664474	0.903112887414928	1.37494344447494	0.590021186060297	1.49771062329719	0.916856041044613	1.58516775728380	0.903112887414928	2.35673332170497	0.939414711402797	1.63986726663116	0.903112887414928	1.44477955408159	0.903112887414928	1.46506426160264	1.53500814330088	2.49499883545552	0.903112887414928	1.87948629111668	0.651920240520265	1.97116737294759	1.52827517155779	2.19589011703712	0.903112887414928	1.48885591943760	0.903112887414928	1.58516775728380	0.903112887414928	1.47289244149652	0.807000619578449	1.48360318801277	0.800390529679106	1.52047346351459	0.667083203206317	1.81308299144752	0.903112887414928	1.74292515497341	0.903112887414928	1.56095162169131	0.921954445729289	1.62879654845654	1.46030818665102	2.36977955408159	1.44070295342239	2.34673883299381	0.903112887414928	2.53286704292155	0.948683298050514	1.62879654845654
0.413823633931171	0.580490300597838	0.200000000000000	0.580490300597838	0.395284707521047	2.09568732581019	1.42148689758295	0.580490300597838	0.0750000000000000	0.580490300597838	1.08915104553960	2.26634442316098	1.30000000000000	0.580490300597838	0.371651718682963	1.50842136981343	0.493077073082901	1.59587850380005	0.134629120178363	0.580490300597838	1.32382022948737	1.65057801314741	0.190394327646598	0.580490300597838	0.425000000000000	0.580490300597838	0.300000000000000	2.50570958197176	1.55000000000000	0.580490300597838	1.09573035004056	1.98187811946384	1.17100384286304	2.20660086355336	0.760345316287278	0.580490300597838	0.776611228350453	0.580490300597838	0.840014880820572	0.580490300597838	0.807000619578449	1.49431393452901	0	1.53118421003084	0.425000000000000	1.82379373796376	1.07529065838033	0.580490300597838	1.01519702521235	0.580490300597838	0.851469318296320	1.63950729497279	0.443001128666734	2.38049030059784	1.38067012714841	2.35744957951005	1.35577468629563	0.580490300597838	1.55503215400840	1.63950729497279	0.145773797371133
0	0	0.696996752556577	0	0.705183147380117	1.51519702521235	1.18186369187901	0	0.617360576099665	0	0.942875401479668	1.68585412256314	1.35252078922981	0	0.471830557060009	0.927931069215592	0.594597735882259	1.01538820320221	0.682054869868874	0	1.45362043429004	1.07008771254957	0.736754379216236	0	0.541666666666667	0	0.561951374187714	1.92521928137392	1.59188594804059	0	0.976373403701749	1.40138781886600	1.06805448553266	1.62611056295552	1.29277722962219	0	0.585743032022672	0	0.682054869868874	0	0.569779554081594	0.913823633931171	0.580490300597838	0.950693909432999	0.617360576099665	1.24330343736593	0.909970104032592	0	0.839812267558480	0	0.657838734276379	1.05901699437495	0.725683661041614	1.80000000000000	1.46666666666667	1.77695927891221	1.44362594557888	0	1.62975415550662	1.05901699437495	0.725683661041614
0.450693909432999	0.617360576099665	0.625000000000000	0.617360576099665	0.134629120178363	2.13255760131201	1.23338963835440	0.617360576099665	0.500000000000000	0.617360576099665	0.761987532706409	2.30321469866281	0.875000000000000	0.617360576099665	0.145773797371133	1.54529164531526	0.797652806677191	1.63274877930187	0.395284707521047	0.617360576099665	0.910013736160065	1.68744828864923	0.604669331122391	0.617360576099665	0.728868986855663	0.617360576099665	0.125000000000000	2.54257985747359	1.12500000000000	0.617360576099665	0.743303437365925	2.01874839496566	1.35208172829900	2.24347113905519	0.807774721070176	0.617360576099665	0.860958767886128	0.617360576099665	0.559016994374948	0.617360576099665	0.800390529679106	1.53118421003084	0.425000000000000	1.56805448553266	0	1.86066401346559	0.770146090037468	0.617360576099665	0.728868986855663	0.617360576099665	0.929045208803102	1.67637757047461	0.125000000000000	2.41736057609967	0.958188394836840	2.39431985501188	0.933407735129724	0.617360576099665	1.13192314226718	1.67637757047461	0.515388203202208
0	0	0.696996752556577	0	0.705183147380117	1.51519702521235	1.18186369187901	0	0.617360576099665	0	0.942875401479668	1.68585412256314	1.35252078922981	0	0.471830557060009	0.927931069215592	0.594597735882259	1.01538820320221	0.682054869868874	0	1.45362043429004	1.07008771254957	0.736754379216236	0	0.541666666666667	0	0.561951374187714	1.92521928137392	1.59188594804059	0	0.976373403701749	1.40138781886600	1.06805448553266	1.62611056295552	1.29277722962219	0	0.585743032022672	0	0.682054869868874	0	0.569779554081594	0.913823633931171	0.580490300597838	0.950693909432999	0.617360576099665	1.24330343736593	0.909970104032592	0	0.839812267558480	0	0.657838734276379	1.05901699437495	0.725683661041614	1.80000000000000	1.46666666666667	1.77695927891221	1.44362594557888	0	1.62975415550662	1.05901699437495	0.725683661041614
0.743303437365925	0.909970104032592	1.24348301154459	0.909970104032592	0.901387818865997	2.42516712924494	0.555090082779363	0.909970104032592	1.13715654155442	0.909970104032592	0.0707106781186548	2.59582422659573	0.755810822891549	0.909970104032592	0.725000000000000	1.83790117324818	1.14263948820264	1.92535830723480	1.11495515604889	0.909970104032592	0.972753822917186	1.98005781658216	1.26194294641240	0.909970104032592	1.10368700273221	0.909970104032592	0.849264387573152	2.83518938540651	0.919918474648705	0.909970104032592	0.160078105935821	2.31135792289859	1.30000000000000	2.53608066698811	1.56624551076771	0.909970104032592	0.838525491562421	0.909970104032592	0.235849528301415	0.909970104032592	0.667083203206317	1.82379373796376	1.07529065838033	1.86066401346559	0.770146090037468	2.15327354139852	0	0.909970104032592	0.0750000000000000	0.909970104032592	0.855131568824354	1.96898709840754	0.874642784226795	2.70997010403259	0.901387818865997	2.68692938294481	0.887764045228235	0.909970104032592	1.00902180353053	1.96898709840754	1.21037184369102
0	0	0.696996752556577	0	0.705183147380117	1.51519702521235	1.18186369187901	0	0.617360576099665	0	0.942875401479668	1.68585412256314	1.35252078922981	0	0.471830557060009	0.927931069215592	0.594597735882259	1.01538820320221	0.682054869868874	0	1.45362043429004	1.07008771254957	0.736754379216236	0	0.541666666666667	0	0.561951374187714	1.92521928137392	1.59188594804059	0	0.976373403701749	1.40138781886600	1.06805448553266	1.62611056295552	1.29277722962219	0	0.585743032022672	0	0.682054869868874	0	0.569779554081594	0.913823633931171	0.580490300597838	0.950693909432999	0.617360576099665	1.24330343736593	0.909970104032592	0	0.839812267558480	0	0.657838734276379	1.05901699437495	0.725683661041614	1.80000000000000	1.46666666666667	1.77695927891221	1.44362594557888	0	1.62975415550662	1.05901699437495	0.725683661041614
0.673145600891813	0.839812267558480	47.1699056602830	0.839812267558480	34.4818792991333	2.35500929277083	0.550000000000000	0.839812267558480	43.0116263352131	0.839812267558480	5.38516480713450	2.52566639012162	0.800390529679106	0.839812267558480	26.9072480941474	1.76774333677407	1.06887791632160	1.85520047076069	1.06066017177982	0.839812267558480	40.3112887414927	1.90989998010805	1.20026038841578	0.839812267558480	41.2310562561766	0.839812267558480	32.0156211871642	2.76503154893240	0.976281209488332	0.839812267558480	8.60232526704263	2.24120008642448	1.23110722522451	2.46592283051400	1.53174736820404	0.839812267558480	30.5941170815567	0.839812267558480	7.07106781186548	0.839812267558480	23.7697286480094	1.75363590148965	1.01519702521235	1.79050617699148	0.728868986855663	2.08311570492441	0.0750000000000000	0.839812267558480	0	0.839812267558480	31.3209195267317	1.89882926193343	0.838525491562421	2.63981226755848	0.945052908571790	2.61677154647069	0.930053761886914	0.839812267558480	42.4264068711929	1.89882926193343	1.15244305716161
1.17314560089181	1.17314560089181	1.87014235344839	1.17314560089181	1.87832874827193	0.550000000000000	2.35500929277083	1.17314560089181	1.79050617699148	1.17314560089181	2.11602100237148	0.800390529679106	2.52566639012162	1.17314560089181	1.64497615795182	1.06887791632160	1.76774333677407	1.06066017177982	1.85520047076069	1.17314560089181	2.62676603518185	1.20026038841578	1.90989998010805	1.17314560089181	1.71481226755848	1.17314560089181	1.73509697507953	0.976281209488332	2.76503154893240	1.17314560089181	2.14951900459356	1.23110722522451	2.24120008642448	1.53174736820404	2.46592283051400	1.17314560089181	1.75888863291449	1.17314560089181	1.85520047076069	1.17314560089181	1.74292515497341	1.01519702521235	1.75363590148965	0.728868986855663	1.79050617699148	0.0750000000000000	2.08311570492441	1.17314560089181	2.01295786845029	1.17314560089181	1.83098433516819	0.838525491562421	1.89882926193343	0.945052908571790	2.63981226755848	0.930053761886914	2.61677154647069	1.17314560089181	2.80289975639843	1.15244305716161	1.89882926193343
0.491172067609713	0.657838734276379	35.4400902933387	0.657838734276379	41.1096095821889	2.17303575948873	0.817389136213591	0.657838734276379	34.3656805548792	0.657838734276379	36.6878726556883	2.34369285683952	1.51162164578310	0.657838734276379	31.3847096529504	1.58576980349197	0.520216301167120	1.67322693747859	0.975000000000000	0.657838734276379	66.6033032213869	1.72792644682595	0.951971638232989	0.657838734276379	21.4709105535839	0.657838734276379	35.4400902933387	2.58305801565030	1.72409396495667	0.657838734276379	39.5600808897050	2.05922655314238	0.465026880943457	2.28394929723190	1.60175684796413	0.657838734276379	3	0.657838734276379	28.6530975637888	0.657838734276379	7.61577310586391	1.57166236820755	0.851469318296320	1.60853264370938	0.929045208803102	1.90114217164230	0.855131568824354	0.657838734276379	31.3209195267317	0.657838734276379	0	1.71685572865133	1.04462912078881	2.45783873427638	1.64506838763621	2.43479801318859	1.62500000000000	0.657838734276379	71.5611626512594	1.71685572865133	0.982980162566875
0.991172067609712	0.991172067609712	1.68816882016629	0.991172067609712	1.69635521498983	0.817389136213591	2.17303575948873	0.991172067609712	1.60853264370938	0.991172067609712	1.93404746908938	1.51162164578310	2.34369285683952	0.991172067609712	1.46300262466972	0.520216301167120	1.58576980349197	0.975000000000000	1.67322693747859	0.991172067609712	2.44479250189975	0.951971638232989	1.72792644682595	0.991172067609712	1.53283873427638	0.991172067609712	1.55312344179743	1.72409396495667	2.58305801565030	0.991172067609712	1.96754547131146	0.465026880943457	2.05922655314238	1.60175684796413	2.28394929723190	0.991172067609712	1.57691509963238	0.991172067609712	1.67322693747859	0.991172067609712	1.56095162169131	0.851469318296320	1.57166236820755	0.929045208803102	1.60853264370938	0.855131568824354	1.90114217164230	0.991172067609712	1.83098433516819	0.991172067609712	1.64901080188609	1.04462912078881	1.71685572865133	1.64506838763621	2.45783873427638	1.62500000000000	2.43479801318859	0.991172067609712	2.62092622311633	0.982980162566875	1.71685572865133
0.559016994374948	0.725683661041614	0.637377439199098	0.725683661041614	0.0500000000000000	2.24088068625396	1.35300591277348	0.725683661041614	0.515388203202208	0.725683661041614	0.860232526704263	2.41153778360476	0.883883476483184	0.725683661041614	0.261007662722764	1.65361473025721	0.870703738363400	1.74107186424382	0.375000000000000	0.725683661041614	0.883883476483184	1.79577137359118	0.602079728939615	0.725683661041614	0.800390529679106	0.725683661041614	0.176776695296637	2.65090294241554	1.13192314226718	0.725683661041614	0.832541290267336	2.12707147990761	1.45773797371133	2.35179422399713	0.693271231193102	0.725683661041614	0.975000000000000	0.725683661041614	0.673145600891813	0.725683661041614	0.921954445729289	1.63950729497279	0.443001128666734	1.67637757047461	0.125000000000000	1.96898709840754	0.874642784226795	0.725683661041614	0.838525491562421	0.725683661041614	1.04462912078881	1.78470065541656	0	2.52568366104161	0.950000000000000	2.50264293995383	0.925000000000000	0.725683661041614	1.12500000000000	1.78470065541656	0.500000000000000
0	0	0.696996752556577	0	0.705183147380117	1.51519702521235	1.18186369187901	0	0.617360576099665	0	0.942875401479668	1.68585412256314	1.35252078922981	0	0.471830557060009	0.927931069215592	0.594597735882259	1.01538820320221	0.682054869868874	0	1.45362043429004	1.07008771254957	0.736754379216236	0	0.541666666666667	0	0.561951374187714	1.92521928137392	1.59188594804059	0	0.976373403701749	1.40138781886600	1.06805448553266	1.62611056295552	1.29277722962219	0	0.585743032022672	0	0.682054869868874	0	0.569779554081594	0.913823633931171	0.580490300597838	0.950693909432999	0.617360576099665	1.24330343736593	0.909970104032592	0	0.839812267558480	0	0.657838734276379	1.05901699437495	0.725683661041614	1.80000000000000	1.46666666666667	1.77695927891221	1.44362594557888	0	1.62975415550662	1.05901699437495	0.725683661041614
1.30000000000000	1.46666666666667	1.57995253093250	1.46666666666667	1	2.98186369187901	1.42148689758295	1.46666666666667	1.45537795778279	1.46666666666667	0.832165848854662	3.15252078922981	0.145773797371133	1.46666666666667	1.05504739230046	2.39459773588226	1.71555384642978	2.48205486986887	1.32500000000000	1.46666666666667	0.145773797371133	2.53675437921624	1.55080624192708	1.46666666666667	1.65246028696607	1.46666666666667	1.08224304109567	3.39188594804059	0.215058131676066	1.46666666666667	0.742041103982792	2.86805448553266	2.11009478460092	3.09277722962219	1.39754248593737	1.46666666666667	1.60175684796413	1.46666666666667	0.938416218956173	1.46666666666667	1.46030818665102	2.38049030059784	1.38067012714841	2.41736057609967	0.958188394836840	2.70997010403259	0.901387818865997	1.46666666666667	0.945052908571790	1.46666666666667	1.64506838763621	2.52568366104161	0.950000000000000	3.26666666666667	0	3.24362594557888	0.0250000000000000	1.46666666666667	0.175000000000000	2.52568366104161	1.45000000000000
0	0	0.696996752556577	0	0.705183147380117	1.51519702521235	1.18186369187901	0	0.617360576099665	0	0.942875401479668	1.68585412256314	1.35252078922981	0	0.471830557060009	0.927931069215592	0.594597735882259	1.01538820320221	0.682054869868874	0	1.45362043429004	1.07008771254957	0.736754379216236	0	0.541666666666667	0	0.561951374187714	1.92521928137392	1.59188594804059	0	0.976373403701749	1.40138781886600	1.06805448553266	1.62611056295552	1.29277722962219	0	0.585743032022672	0	0.682054869868874	0	0.569779554081594	0.913823633931171	0.580490300597838	0.950693909432999	0.617360576099665	1.24330343736593	0.909970104032592	0	0.839812267558480	0	0.657838734276379	1.05901699437495	0.725683661041614	1.80000000000000	1.46666666666667	1.77695927891221	1.44362594557888	0	1.62975415550662	1.05901699437495	0.725683661041614
1.27695927891221	1.44362594557888	1.55503215400840	1.44362594557888	0.975000000000000	2.95882297079123	1.41155942134931	1.44362594557888	1.43047195009200	1.44362594557888	0.818916967707960	3.12948006814202	0.134629120178363	1.44362594557888	1.03077640640442	2.37155701479447	1.69189243156886	2.45901414878109	1.30000000000000	1.44362594557888	0.134629120178363	2.51371365812845	1.52581945196671	1.44362594557888	1.62864974749023	1.44362594557888	1.05741429912783	3.36884522695280	0.235849528301415	1.44362594557888	0.728868986855663	2.84501376444488	2.09000598085269	3.06973650853440	1.37522725394751	1.44362594557888	1.58113883008419	1.44362594557888	0.919918474648705	1.44362594557888	1.44070295342239	2.35744957951005	1.35577468629563	2.39431985501188	0.933407735129724	2.68692938294481	0.887764045228235	1.44362594557888	0.930053761886914	1.44362594557888	1.62500000000000	2.50264293995383	0.925000000000000	3.24362594557888	0.0250000000000000	3.22058522449109	0	1.44362594557888	0.200000000000000	2.50264293995383	1.42500000000000
0	0	0.696996752556577	0	0.705183147380117	1.51519702521235	1.18186369187901	0	0.617360576099665	0	0.942875401479668	1.68585412256314	1.35252078922981	0	0.471830557060009	0.927931069215592	0.594597735882259	1.01538820320221	0.682054869868874	0	1.45362043429004	1.07008771254957	0.736754379216236	0	0.541666666666667	0	0.561951374187714	1.92521928137392	1.59188594804059	0	0.976373403701749	1.40138781886600	1.06805448553266	1.62611056295552	1.29277722962219	0	0.585743032022672	0	0.682054869868874	0	0.569779554081594	0.913823633931171	0.580490300597838	0.950693909432999	0.617360576099665	1.24330343736593	0.909970104032592	0	0.839812267558480	0	0.657838734276379	1.05901699437495	0.725683661041614	1.80000000000000	1.46666666666667	1.77695927891221	1.44362594557888	0	1.62975415550662	1.05901699437495	0.725683661041614
1.46308748883995	1.62975415550662	70.1783442380910	1.62975415550662	47	3.14495118071897	1.50083310198036	1.62975415550662	65.1920240520265	1.62975415550662	37.5366487582469	3.31560827806976	0.279508497187474	1.62975415550662	49.0306026885251	2.55768522472221	1.88215302247187	2.64514235870883	1.50000000000000	1.62975415550662	11.1803398874989	2.69984186805619	1.72572448554223	1.62975415550662	72.8010988928052	1.62975415550662	50.2493781056045	3.55497343688054	0.125000000000000	1.62975415550662	33.9705755029261	3.03114197437262	2.25346954716499	3.25586471846214	1.55603663195954	1.62975415550662	69.9714227381436	1.62975415550662	43.0116263352131	1.62975415550662	64.0702739185654	2.54357778943779	1.55503215400840	2.58044806493962	1.13192314226718	2.87305759287255	1.00902180353053	1.62975415550662	42.4264068711929	1.62975415550662	71.5611626512594	2.68877114988157	1.12500000000000	3.42975415550662	0.175000000000000	3.40671343441883	0.200000000000000	1.62975415550662	0	2.68877114988157	1.62500000000000
1.96308748883995	1.96308748883995	2.66008424139653	1.96308748883995	2.66827063622007	1.50083310198036	3.14495118071897	1.96308748883995	2.58044806493962	1.96308748883995	2.90596289031962	0.279508497187474	3.31560827806976	1.96308748883995	2.43491804589996	1.88215302247187	2.55768522472221	1.50000000000000	2.64514235870883	1.96308748883995	3.41670792313000	1.72572448554223	2.69984186805619	1.96308748883995	2.50475415550662	1.96308748883995	2.52503886302767	0.125000000000000	3.55497343688054	1.96308748883995	2.93946089254170	2.25346954716499	3.03114197437262	1.55603663195954	3.25586471846214	1.96308748883995	2.54883052086263	1.96308748883995	2.64514235870883	1.96308748883995	2.53286704292155	1.55503215400840	2.54357778943779	1.13192314226718	2.58044806493962	1.00902180353053	2.87305759287255	1.96308748883995	2.80289975639843	1.96308748883995	2.62092622311633	1.12500000000000	2.68877114988157	0.175000000000000	3.42975415550662	0.200000000000000	3.40671343441883	1.96308748883995	3.59284164434657	1.62500000000000	2.68877114988157
0.559016994374948	0.725683661041614	0.176776695296637	0.725683661041614	0.450000000000000	2.24088068625396	1.56704339442148	0.725683661041614	0.125000000000000	0.725683661041614	1.22065556157337	2.41153778360476	1.38067012714841	0.725683661041614	0.493077073082901	1.65361473025721	0.577169819030760	1.74107186424382	0.125000000000000	0.725683661041614	1.38067012714841	1.79577137359118	0.111803398874990	0.725683661041614	0.515388203202208	0.725683661041614	0.395284707521047	2.65090294241554	1.62980060130066	0.725683661041614	1.22193494098499	2.12707147990761	1.27475487839820	2.35179422399713	0.656220237420334	0.725683661041614	0.908639092269312	0.725683661041614	0.976281209488332	0.725683661041614	0.948683298050514	1.63950729497279	0.145773797371133	1.67637757047461	0.515388203202208	1.96898709840754	1.21037184369102	0.725683661041614	1.15244305716161	0.725683661041614	0.982980162566875	1.78470065541656	0.500000000000000	2.52568366104161	1.45000000000000	2.50264293995383	1.42500000000000	0.725683661041614	1.62500000000000	1.78470065541656	0
0	0	0.696996752556577	0	0.705183147380117	1.51519702521235	1.18186369187901	0	0.617360576099665	0	0.942875401479668	1.68585412256314	1.35252078922981	0	0.471830557060009	0.927931069215592	0.594597735882259	1.01538820320221	0.682054869868874	0	1.45362043429004	1.07008771254957	0.736754379216236	0	0.541666666666667	0	0.561951374187714	1.92521928137392	1.59188594804059	0	0.976373403701749	1.40138781886600	1.06805448553266	1.62611056295552	1.29277722962219	0	0.585743032022672	0	0.682054869868874	0	0.569779554081594	0.913823633931171	0.580490300597838	0.950693909432999	0.617360576099665	1.24330343736593	0.909970104032592	0	0.839812267558480	0	0.657838734276379	1.05901699437495	0.725683661041614	1.80000000000000	1.46666666666667	1.77695927891221	1.44362594557888	0	1.62975415550662	1.05901699437495	0.725683661041614



2	4	1	0	1
2	5	1	0	1
6	2	4	0	0
2	7	1	0	1
2	8	1	0	1
9	2	4	0	0
2	10	1	0	1
11	2	4	0	0
12	2	4	0	0
2	13	1	0	1
14	2	4	0	0
2	15	1	0	1
2	16	1	0	1
17	2	4	0	0
2	18	1	0	1
19	2	4	0	0
20	2	4	0	0
2	21	1	0	1
2	22	1	0	1
2	23	1	0	1
24	2	4	0	0
25	2	4	0	0
26	2	4	0	0
2	27	1	0	1
2	28	1	0	1
29	2	4	0	0
30	2	4	0	0
31	2	4	0	0
2	32	1	0	1
33	2	4	0	0







4	3	2	0	0
5	3	2	0	0
3	6	3	0	1
7	3	2	0	0
8	3	2	0	0
3	9	3	0	1
10	3	2	0	0
3	11	3	0	1
3	12	3	0	1
13	3	2	0	0
3	14	3	0	1
15	3	2	0	0
16	3	2	0	0
3	17	3	0	1
18	3	2	0	0
3	19	3	0	1
3	20	3	0	1
21	3	2	0	0
22	3	2	0	0
23	3	2	0	0
3	24	3	0	1
3	25	3	0	1
3	26	3	0	1
27	3	2	0	0
28	3	2	0	0
3	29	3	0	1
3	30	3	0	1
3	31	3	0	1
32	3	2	0	0
3	33	3	0	1








linktime（task1）
0	0	0	1.01519702521235	0	0	1.18585412256314	0	0.427931069215592	0.515388203202208	0	0.570087712549569	0	0	1.42521928137392	0	0.901387818865997	1.12611056295552	0	0	0	0.413823633931171	0.450693909432999	0.743303437365925	0	0	0.559016994374948	1.30000000000000	1.27695927891221	0	0.559016994374948
0.530330085889911	0.696996752556577	0.696996752556577	1.54292741242095	0.696996752556577	0.696996752556577	1.50000000000000	0.696996752556577	0.427931069215592	0.279508497187474	0.696996752556577	0.0790569415042095	0.696996752556577	0.696996752556577	1.75000000000000	0.696996752556577	1.13192314226718	0.817389136213591	0.696996752556577	0.696996752556577	0.696996752556577	0.200000000000000	0.625000000000000	1.24348301154459	0.696996752556577	0.696996752556577	0.637377439199098	1.57995253093250	1.55503215400840	0.696996752556577	0.176776695296637
0.538516480713450	0.705183147380117	0.705183147380117	1.36770793665899	0.705183147380117	0.705183147380117	0.933407735129724	0.705183147380117	0.832541290267336	0.325000000000000	0.705183147380117	0.552268050859363	0.705183147380117	0.705183147380117	1.18163022980965	0.705183147380117	1.43265487818944	0.673145600891813	0.705183147380117	0.705183147380117	0.705183147380117	0.395284707521047	0.134629120178363	0.901387818865997	0.705183147380117	0.705183147380117	0.0500000000000000	1	0.975000000000000	0.705183147380117	0.450000000000000
0	0	0	1.18186369187901	0	0	1.35252078922981	0	0.594597735882259	0.682054869868874	0	0.736754379216236	0	0	1.59188594804059	0	1.06805448553266	1.29277722962219	0	0	0	0.580490300597838	0.617360576099665	0.909970104032592	0	0	0.725683661041614	1.46666666666667	1.44362594557888	0	0.725683661041614
0.450693909432999	0.617360576099665	0.617360576099665	1.46500853239836	0.617360576099665	0.617360576099665	1.37500000000000	0.617360576099665	0.459619407771256	0.176776695296637	0.617360576099665	0.125000000000000	0.617360576099665	0.617360576099665	1.62500000000000	0.617360576099665	1.15244305716161	0.776208734813001	0.617360576099665	0.617360576099665	0.617360576099665	0.0750000000000000	0.500000000000000	1.13715654155442	0.617360576099665	0.617360576099665	0.515388203202208	1.45537795778279	1.43047195009200	0.617360576099665	0.125000000000000
0.776208734813001	0.942875401479668	0.942875401479668	0.612882533606563	0.942875401479668	0.942875401479668	0.686476510887299	0.942875401479668	1.18453577404821	1.12054674155075	0.942875401479668	1.27769323391806	0.942875401479668	0.942875401479668	0.849264387573152	0.942875401479668	1.36565002837477	1.54778066921641	0.942875401479668	0.942875401479668	0.942875401479668	1.08915104553960	0.761987532706409	0.0707106781186548	0.942875401479668	0.942875401479668	0.860232526704263	0.832165848854662	0.818916967707960	0.942875401479668	1.22065556157337
0	0	0	1.18186369187901	0	0	1.35252078922981	0	0.594597735882259	0.682054869868874	0	0.736754379216236	0	0	1.59188594804059	0	1.06805448553266	1.29277722962219	0	0	0	0.580490300597838	0.617360576099665	0.909970104032592	0	0	0.725683661041614	1.46666666666667	1.44362594557888	0	0.725683661041614
0.305163890393343	0.471830557060009	0.471830557060009	1.14236596587959	0.471830557060009	0.471830557060009	0.958188394836840	0.471830557060009	0.670820393249937	0.390512483795333	0.471830557060009	0.561805126356106	0.471830557060009	0.471830557060009	1.20649285120137	0.471830557060009	1.20649285120137	0.903465549979633	0.471830557060009	0.471830557060009	0.471830557060009	0.371651718682963	0.145773797371133	0.725000000000000	0.471830557060009	0.471830557060009	0.261007662722764	1.05504739230046	1.03077640640442	0.471830557060009	0.493077073082901
0	0	0	1.18186369187901	0	0	1.35252078922981	0	0.594597735882259	0.682054869868874	0	0.736754379216236	0	0	1.59188594804059	0	1.06805448553266	1.29277722962219	0	0	0	0.580490300597838	0.617360576099665	0.909970104032592	0	0	0.725683661041614	1.46666666666667	1.44362594557888	0	0.725683661041614
0	0	0	1.18186369187901	0	0	1.35252078922981	0	0.594597735882259	0.682054869868874	0	0.736754379216236	0	0	1.59188594804059	0	1.06805448553266	1.29277722962219	0	0	0	0.580490300597838	0.617360576099665	0.909970104032592	0	0	0.725683661041614	1.46666666666667	1.44362594557888	0	0.725683661041614
1.28695376762338	1.45362043429004	1.45362043429004	1.51017383105390	1.45362043429004	1.45362043429004	0.250000000000000	1.45362043429004	1.69059900626967	1.25623445264011	1.45362043429004	1.48534507775129	1.45362043429004	1.45362043429004	0.353553390593274	1.45362043429004	2.12867329574080	1.27695927891221	1.45362043429004	1.45362043429004	1.45362043429004	1.32382022948737	0.910013736160065	0.972753822917186	1.45362043429004	1.45362043429004	0.883883476483184	0.145773797371133	0.134629120178363	1.45362043429004	1.38067012714841
0	0	0	1.18186369187901	0	0	1.35252078922981	0	0.594597735882259	0.682054869868874	0	0.736754379216236	0	0	1.59188594804059	0	1.06805448553266	1.29277722962219	0	0	0	0.580490300597838	0.617360576099665	0.909970104032592	0	0	0.725683661041614	1.46666666666667	1.44362594557888	0	0.725683661041614
0.375000000000000	0.541666666666667	0.541666666666667	1.28062484748657	0.541666666666667	0.541666666666667	1.54616460960662	0.541666666666667	0.0707106781186548	0.559016994374948	0.541666666666667	0.450693909432999	0.541666666666667	0.541666666666667	1.78972763290954	0.541666666666667	0.760345316287278	1.17100384286304	0.541666666666667	0.541666666666667	0.541666666666667	0.425000000000000	0.728868986855663	1.10368700273221	0.541666666666667	0.541666666666667	0.800390529679106	1.65246028696607	1.62864974749023	0.541666666666667	0.515388203202208
0.395284707521047	0.561951374187714	0.561951374187714	1.27695927891221	0.561951374187714	0.561951374187714	1	0.561951374187714	0.695071938722892	0.279508497187474	0.561951374187714	0.480884601541784	0.561951374187714	0.561951374187714	1.25000000000000	0.561951374187714	1.28695376762338	0.770146090037468	0.561951374187714	0.561951374187714	0.561951374187714	0.300000000000000	0.125000000000000	0.849264387573152	0.561951374187714	0.561951374187714	0.176776695296637	1.08224304109567	1.05741429912783	0.561951374187714	0.395284707521047
0	0	0	1.18186369187901	0	0	1.35252078922981	0	0.594597735882259	0.682054869868874	0	0.736754379216236	0	0	1.59188594804059	0	1.06805448553266	1.29277722962219	0	0	0	0.580490300597838	0.617360576099665	0.909970104032592	0	0	0.725683661041614	1.46666666666667	1.44362594557888	0	0.725683661041614
0.809706737035082	0.976373403701749	0.976373403701749	0.697316284049068	0.976373403701749	0.976373403701749	0.596343022093828	0.976373403701749	1.22729377086336	1.11635567808831	0.976373403701749	1.28573908706238	0.976373403701749	0.976373403701749	0.761987532706409	0.976373403701749	1.44243717367517	1.51162164578310	0.976373403701749	0.976373403701749	0.976373403701749	1.09573035004056	0.743303437365925	0.160078105935821	0.976373403701749	0.976373403701749	0.832541290267336	0.742041103982792	0.728868986855663	0.976373403701749	1.22193494098499
0	0	0	1.18186369187901	0	0	1.35252078922981	0	0.594597735882259	0.682054869868874	0	0.736754379216236	0	0	1.59188594804059	0	1.06805448553266	1.29277722962219	0	0	0	0.580490300597838	0.617360576099665	0.909970104032592	0	0	0.725683661041614	1.46666666666667	1.44362594557888	0	0.725683661041614
0	0	0	1.18186369187901	0	0	1.35252078922981	0	0.594597735882259	0.682054869868874	0	0.736754379216236	0	0	1.59188594804059	0	1.06805448553266	1.29277722962219	0	0	0	0.580490300597838	0.617360576099665	0.909970104032592	0	0	0.725683661041614	1.46666666666667	1.44362594557888	0	0.725683661041614
0.419076365356005	0.585743032022672	0.585743032022672	0.850000000000000	0.585743032022672	0.585743032022672	1.47075660800827	0.585743032022672	0.460977222864644	0.900000000000000	0.585743032022672	0.879275269753449	0.585743032022672	0.585743032022672	1.68837940049030	0.585743032022672	0.512957113217080	1.52684314846025	0.585743032022672	0.585743032022672	0.585743032022672	0.776611228350453	0.860958767886128	0.838525491562421	0.585743032022672	0.585743032022672	0.975000000000000	1.60175684796413	1.58113883008419	0.585743032022672	0.908639092269312
0.515388203202208	0.682054869868874	0.682054869868874	0.686476510887299	0.682054869868874	0.682054869868874	0.800390529679106	0.682054869868874	0.928035559663529	0.883883476483184	0.682054869868874	1.02621878758869	0.682054869868874	0.682054869868874	1.00778221853732	0.682054869868874	1.17924764150708	1.36565002837477	0.682054869868874	0.682054869868874	0.682054869868874	0.840014880820572	0.559016994374948	0.235849528301415	0.682054869868874	0.682054869868874	0.673145600891813	0.938416218956173	0.919918474648705	0.682054869868874	0.976281209488332
0.403112887414927	0.569779554081594	0.569779554081594	0.700446286306095	0.569779554081594	0.569779554081594	1.32523582806986	0.569779554081594	0.590021186060297	0.916856041044613	0.569779554081594	0.939414711402797	0.569779554081594	0.569779554081594	1.53500814330088	0.569779554081594	0.651920240520265	1.52827517155779	0.569779554081594	0.569779554081594	0.569779554081594	0.807000619578449	0.800390529679106	0.667083203206317	0.569779554081594	0.569779554081594	0.921954445729289	1.46030818665102	1.44070295342239	0.569779554081594	0.948683298050514
0	0	0	1.18186369187901	0	0	1.35252078922981	0	0.594597735882259	0.682054869868874	0	0.736754379216236	0	0	1.59188594804059	0	1.06805448553266	1.29277722962219	0	0	0	0.580490300597838	0.617360576099665	0.909970104032592	0	0	0.725683661041614	1.46666666666667	1.44362594557888	0	0.725683661041614
0	0	0	1.18186369187901	0	0	1.35252078922981	0	0.594597735882259	0.682054869868874	0	0.736754379216236	0	0	1.59188594804059	0	1.06805448553266	1.29277722962219	0	0	0	0.580490300597838	0.617360576099665	0.909970104032592	0	0	0.725683661041614	1.46666666666667	1.44362594557888	0	0.725683661041614
0	0	0	1.18186369187901	0	0	1.35252078922981	0	0.594597735882259	0.682054869868874	0	0.736754379216236	0	0	1.59188594804059	0	1.06805448553266	1.29277722962219	0	0	0	0.580490300597838	0.617360576099665	0.909970104032592	0	0	0.725683661041614	1.46666666666667	1.44362594557888	0	0.725683661041614
0.673145600891813	0.839812267558480	0.839812267558480	0.550000000000000	0.839812267558480	0.839812267558480	0.800390529679106	0.839812267558480	1.06887791632160	1.06066017177982	0.839812267558480	1.20026038841578	0.839812267558480	0.839812267558480	0.976281209488332	0.839812267558480	1.23110722522451	1.53174736820404	0.839812267558480	0.839812267558480	0.839812267558480	1.01519702521235	0.728868986855663	0.0750000000000000	0.839812267558480	0.839812267558480	0.838525491562421	0.945052908571790	0.930053761886914	0.839812267558480	1.15244305716161
0.491172067609713	0.657838734276379	0.657838734276379	0.817389136213591	0.657838734276379	0.657838734276379	1.51162164578310	0.657838734276379	0.520216301167120	0.975000000000000	0.657838734276379	0.951971638232989	0.657838734276379	0.657838734276379	1.72409396495667	0.657838734276379	0.465026880943457	1.60175684796413	0.657838734276379	0.657838734276379	0.657838734276379	0.851469318296320	0.929045208803102	0.855131568824354	0.657838734276379	0.657838734276379	1.04462912078881	1.64506838763621	1.62500000000000	0.657838734276379	0.982980162566875
0	0	0	1.18186369187901	0	0	1.35252078922981	0	0.594597735882259	0.682054869868874	0	0.736754379216236	0	0	1.59188594804059	0	1.06805448553266	1.29277722962219	0	0	0	0.580490300597838	0.617360576099665	0.909970104032592	0	0	0.725683661041614	1.46666666666667	1.44362594557888	0	0.725683661041614
0	0	0	1.18186369187901	0	0	1.35252078922981	0	0.594597735882259	0.682054869868874	0	0.736754379216236	0	0	1.59188594804059	0	1.06805448553266	1.29277722962219	0	0	0	0.580490300597838	0.617360576099665	0.909970104032592	0	0	0.725683661041614	1.46666666666667	1.44362594557888	0	0.725683661041614
0	0	0	1.18186369187901	0	0	1.35252078922981	0	0.594597735882259	0.682054869868874	0	0.736754379216236	0	0	1.59188594804059	0	1.06805448553266	1.29277722962219	0	0	0	0.580490300597838	0.617360576099665	0.909970104032592	0	0	0.725683661041614	1.46666666666667	1.44362594557888	0	0.725683661041614
1.46308748883995	1.62975415550662	1.62975415550662	1.50083310198036	1.62975415550662	1.62975415550662	0.279508497187474	1.62975415550662	1.88215302247187	1.50000000000000	1.62975415550662	1.72572448554223	1.62975415550662	1.62975415550662	0.125000000000000	1.62975415550662	2.25346954716499	1.55603663195954	1.62975415550662	1.62975415550662	1.62975415550662	1.55503215400840	1.13192314226718	1.00902180353053	1.62975415550662	1.62975415550662	1.12500000000000	0.175000000000000	0.200000000000000	1.62975415550662	1.62500000000000
0	0	0	1.18186369187901	0	0	1.35252078922981	0	0.594597735882259	0.682054869868874	0	0.736754379216236	0	0	1.59188594804059	0	1.06805448553266	1.29277722962219	0	0	0	0.580490300597838	0.617360576099665	0.909970104032592	0	0	0.725683661041614	1.46666666666667	1.44362594557888	0	0.725683661041614



linktime（task2）
0	0.530330085889911	0.538516480713450	1.51519702521235	0.450693909432999	0.776208734813001	1.68585412256314	0.305163890393343	0.927931069215592	1.01538820320221	1.28695376762338	1.07008771254957	0.375000000000000	0.395284707521047	1.92521928137392	0.809706737035082	1.40138781886600	1.62611056295552	0.419076365356005	0.515388203202208	0.403112887414927	0.913823633931171	0.950693909432999	1.24330343736593	0.673145600891813	0.491172067609713	1.05901699437495	1.80000000000000	1.77695927891221	1.46308748883995	1.05901699437495
1.03033008588991	1.72732683844649	1.73551323327003	1.54292741242095	1.64769066198958	1.97320548736958	1.50000000000000	1.50216064294992	0.427931069215592	0.279508497187474	2.48395052017995	0.0790569415042095	1.57199675255658	1.59228146007763	1.75000000000000	2.00670348959166	1.13192314226718	0.817389136213591	1.61607311791258	1.71238495575879	1.60010963997151	0.200000000000000	0.625000000000000	1.24348301154459	1.87014235344839	1.68816882016629	0.637377439199098	1.57995253093250	1.55503215400840	2.66008424139653	0.176776695296637
1.03851648071345	1.73551323327003	1.74369962809357	1.36770793665899	1.65587705681312	1.98139188219312	0.933407735129724	1.51034703777346	0.832541290267336	0.325000000000000	2.49213691500349	0.552268050859363	1.58018314738012	1.60046785490116	1.18163022980965	2.01488988441520	1.43265487818944	0.673145600891813	1.62425951273612	1.72057135058232	1.60829603479504	0.395284707521047	0.134629120178363	0.901387818865997	1.87832874827193	1.69635521498983	0.0500000000000000	1	0.975000000000000	2.66827063622007	0.450000000000000
1.01519702521235	1.54292741242095	1.36770793665899	2.69706071709136	1.46500853239836	0.612882533606563	2.86771781444216	1.14236596587959	2.10979476109461	2.19725189508122	1.51017383105390	2.25195140442858	1.28062484748657	1.27695927891221	3.10708297325294	0.697316284049068	2.58325151074501	2.80797425483454	0.850000000000000	0.686476510887299	0.700446286306095	2.09568732581019	2.13255760131201	2.42516712924494	0.550000000000000	0.817389136213591	2.24088068625396	2.98186369187901	2.95882297079123	1.50083310198036	2.24088068625396
0.950693909432999	1.64769066198958	1.65587705681312	1.46500853239836	1.56805448553266	1.89356931091267	1.37500000000000	1.42252446649301	0.459619407771256	0.176776695296637	2.40431434372304	0.125000000000000	1.49236057609967	1.51264528362071	1.62500000000000	1.92706731313475	1.15244305716161	0.776208734813001	1.53643694145567	1.63274877930187	1.52047346351459	0.0750000000000000	0.500000000000000	1.13715654155442	1.79050617699148	1.60853264370938	0.515388203202208	1.45537795778279	1.43047195009200	2.58044806493962	0.125000000000000
1.27620873481300	1.97320548736958	1.98139188219312	0.612882533606563	1.89356931091267	2.21908413629267	0.686476510887299	1.74803929187301	1.18453577404821	1.12054674155075	2.72982916910304	1.27769323391806	1.81787540147967	1.83816010900072	0.849264387573152	2.25258213851475	1.36565002837477	1.54778066921641	1.86195176683567	1.95826360468188	1.84598828889460	1.08915104553960	0.761987532706409	0.0707106781186548	2.11602100237148	1.93404746908938	0.860232526704263	0.832165848854662	0.818916967707960	2.90596289031962	1.22065556157337
1.18585412256314	1.50000000000000	0.933407735129724	2.86771781444216	1.37500000000000	0.686476510887299	3.03837491179295	0.958188394836840	2.28045185844540	2.36790899243202	0.250000000000000	2.42260850177938	1.54616460960662	1	3.27774007060373	0.596343022093828	2.75390860809581	2.97863135218533	1.47075660800827	0.800390529679106	1.32523582806986	2.26634442316098	2.30321469866281	2.59582422659573	0.800390529679106	1.51162164578310	2.41153778360476	3.15252078922981	3.12948006814202	0.279508497187474	2.41153778360476
0.805163890393343	1.50216064294992	1.51034703777346	1.14236596587959	1.42252446649301	1.74803929187301	0.958188394836840	1.27699444745335	0.670820393249937	0.390512483795333	2.25878432468338	0.561805126356106	1.34683055706001	1.36711526458106	1.20649285120137	1.78153729409509	1.20649285120137	0.903465549979633	1.39090692241601	1.48721876026222	1.37494344447494	0.371651718682963	0.145773797371133	0.725000000000000	1.64497615795182	1.46300262466972	0.261007662722764	1.05504739230046	1.03077640640442	2.43491804589996	0.493077073082901
0.427931069215592	0.427931069215592	0.832541290267336	2.10979476109461	0.459619407771256	1.18453577404821	2.28045185844540	0.670820393249937	1.52252880509785	1.60998593908447	1.69059900626967	1.66468544843183	0.0707106781186548	0.695071938722892	2.51981701725618	1.22729377086336	1.99598555474826	2.22070829883778	0.460977222864644	0.928035559663529	0.590021186060297	1.50842136981343	1.54529164531526	1.83790117324818	1.06887791632160	0.520216301167120	1.65361473025721	2.39459773588226	2.37155701479447	1.88215302247187	1.65361473025721
0.515388203202208	0.279508497187474	0.325000000000000	2.19725189508122	0.176776695296637	1.12054674155075	2.36790899243202	0.390512483795333	1.60998593908447	1.69744307307108	1.25623445264011	1.75214258241844	0.559016994374948	0.279508497187474	2.60727415124280	1.11635567808831	2.08344268873487	2.30816543282440	0.900000000000000	0.883883476483184	0.916856041044613	1.59587850380005	1.63274877930187	1.92535830723480	1.06066017177982	0.975000000000000	1.74107186424382	2.48205486986887	2.45901414878109	1.50000000000000	1.74107186424382
1.78695376762338	2.48395052017995	2.49213691500349	1.51017383105390	2.40431434372304	2.72982916910304	0.250000000000000	2.25878432468338	1.69059900626967	1.25623445264011	3.24057420191342	1.48534507775129	2.32862043429004	2.34890514181109	0.353553390593274	2.76332717132512	2.12867329574080	1.27695927891221	2.37269679964605	2.46900863749225	2.35673332170497	1.32382022948737	0.910013736160065	0.972753822917186	2.62676603518185	2.44479250189975	0.883883476483184	0.145773797371133	0.134629120178363	3.41670792313000	1.38067012714841
0.570087712549569	0.0790569415042095	0.552268050859363	2.25195140442858	0.125000000000000	1.27769323391806	2.42260850177938	0.561805126356106	1.66468544843183	1.75214258241844	1.48534507775129	1.80684209176580	0.450693909432999	0.480884601541784	2.66197366059016	1.28573908706238	2.13814219808223	2.36286494217176	0.879275269753449	1.02621878758869	0.939414711402797	1.65057801314741	1.68744828864923	1.98005781658216	1.20026038841578	0.951971638232989	1.79577137359118	2.53675437921624	2.51371365812845	1.72572448554223	1.79577137359118
0.875000000000000	1.57199675255658	1.58018314738012	1.28062484748657	1.49236057609967	1.81787540147967	1.54616460960662	1.34683055706001	0.0707106781186548	0.559016994374948	2.32862043429004	0.450693909432999	1.41666666666667	1.43695137418771	1.78972763290954	1.85137340370175	0.760345316287278	1.17100384286304	1.46074303202267	1.55705486986887	1.44477955408159	0.425000000000000	0.728868986855663	1.10368700273221	1.71481226755848	1.53283873427638	0.800390529679106	1.65246028696607	1.62864974749023	2.50475415550662	0.515388203202208
0.895284707521048	1.59228146007763	1.60046785490116	1.27695927891221	1.51264528362071	1.83816010900072	1	1.36711526458106	0.695071938722892	0.279508497187474	2.34890514181109	0.480884601541784	1.43695137418771	1.45723608170876	1.25000000000000	1.87165811122280	1.28695376762338	0.770146090037468	1.48102773954372	1.57733957738992	1.46506426160264	0.300000000000000	0.125000000000000	0.849264387573152	1.73509697507953	1.55312344179743	0.176776695296637	1.08224304109567	1.05741429912783	2.52503886302767	0.395284707521047
1.42521928137392	1.75000000000000	1.18163022980965	3.10708297325294	1.62500000000000	0.849264387573152	3.27774007060373	1.20649285120137	2.51981701725618	2.60727415124280	0.353553390593274	2.66197366059016	1.78972763290954	1.25000000000000	3.51710522941451	0.761987532706409	2.99327376690659	3.21799651099611	1.68837940049030	1.00778221853732	1.53500814330088	2.50570958197176	2.54257985747359	2.83518938540652	0.976281209488332	1.72409396495667	2.65090294241554	3.39188594804059	3.36884522695280	0.125000000000000	2.65090294241554
1.30970673703508	2.00670348959166	2.01488988441520	0.697316284049068	1.92706731313475	2.25258213851475	0.596343022093828	1.78153729409509	1.22729377086336	1.11635567808831	2.76332717132512	1.28573908706238	1.85137340370175	1.87165811122280	0.761987532706409	2.28608014073683	1.44243717367517	1.51162164578310	1.89544976905775	1.99176160690396	1.87948629111668	1.09573035004056	0.743303437365925	0.160078105935821	2.14951900459356	1.96754547131146	0.832541290267336	0.742041103982792	0.728868986855663	2.93946089254170	1.22193494098499
0.901387818865997	1.13192314226718	1.43265487818944	2.58325151074501	1.15244305716161	1.36565002837477	2.75390860809581	1.20649285120137	1.99598555474826	2.08344268873487	2.12867329574080	2.13814219808223	0.760345316287278	1.28695376762338	2.99327376690659	1.44243717367517	2.46944230439866	2.69416504848819	0.512957113217080	1.17924764150708	0.651920240520265	1.98187811946384	2.01874839496566	2.31135792289859	1.23110722522451	0.465026880943457	2.12707147990761	2.86805448553266	2.84501376444488	2.25346954716499	2.12707147990761
1.12611056295552	0.817389136213591	0.673145600891813	2.80797425483454	0.776208734813001	1.54778066921641	2.97863135218533	0.903465549979633	2.22070829883778	2.30816543282440	1.27695927891221	2.36286494217176	1.17100384286304	0.770146090037468	3.21799651099611	1.51162164578310	2.69416504848819	2.91888779257771	1.52684314846025	1.36565002837477	1.52827517155779	2.20660086355336	2.24347113905519	2.53608066698811	1.53174736820404	1.60175684796413	2.35179422399714	3.09277722962219	3.06973650853440	1.55603663195954	2.35179422399714
0.919076365356005	1.61607311791258	1.62425951273612	0.850000000000000	1.53643694145567	1.86195176683567	1.47075660800827	1.39090692241601	0.460977222864644	0.900000000000000	2.37269679964605	0.879275269753449	1.46074303202267	1.48102773954372	1.68837940049030	1.89544976905775	0.512957113217080	1.52684314846025	1.50481939737868	1.60113123522488	1.48885591943760	0.776611228350453	0.860958767886128	0.838525491562421	1.75888863291449	1.57691509963238	0.975000000000000	1.60175684796413	1.58113883008419	2.54883052086263	0.908639092269312
1.01538820320221	1.71238495575879	1.72057135058232	0.686476510887299	1.63274877930187	1.95826360468188	0.800390529679106	1.48721876026222	0.928035559663529	0.883883476483184	2.46900863749225	1.02621878758869	1.55705486986887	1.57733957738992	1.00778221853732	1.99176160690396	1.17924764150708	1.36565002837477	1.60113123522488	1.69744307307108	1.58516775728380	0.840014880820572	0.559016994374948	0.235849528301415	1.85520047076069	1.67322693747859	0.673145600891813	0.938416218956173	0.919918474648705	2.64514235870883	0.976281209488332
0.903112887414928	1.60010963997151	1.60829603479504	0.700446286306095	1.52047346351459	1.84598828889460	1.32523582806986	1.37494344447494	0.590021186060297	0.916856041044613	2.35673332170497	0.939414711402797	1.44477955408159	1.46506426160264	1.53500814330088	1.87948629111668	0.651920240520265	1.52827517155779	1.48885591943760	1.58516775728380	1.47289244149652	0.807000619578449	0.800390529679106	0.667083203206317	1.74292515497341	1.56095162169131	0.921954445729289	1.46030818665102	1.44070295342239	2.53286704292155	0.948683298050514
0.413823633931171	0.200000000000000	0.395284707521047	2.09568732581019	0.0750000000000000	1.08915104553960	2.26634442316098	0.371651718682963	1.50842136981343	1.59587850380005	1.32382022948737	1.65057801314741	0.425000000000000	0.300000000000000	2.50570958197176	1.09573035004056	1.98187811946384	2.20660086355336	0.776611228350453	0.840014880820572	0.807000619578449	1.49431393452901	1.53118421003084	1.82379373796376	1.01519702521235	0.851469318296320	1.63950729497279	2.38049030059784	2.35744957951005	1.55503215400840	1.63950729497279
0.450693909432999	0.625000000000000	0.134629120178363	2.13255760131201	0.500000000000000	0.761987532706409	2.30321469866281	0.145773797371133	1.54529164531526	1.63274877930187	0.910013736160065	1.68744828864923	0.728868986855663	0.125000000000000	2.54257985747359	0.743303437365925	2.01874839496566	2.24347113905519	0.860958767886128	0.559016994374948	0.800390529679106	1.53118421003084	1.56805448553266	1.86066401346559	0.728868986855663	0.929045208803102	1.67637757047461	2.41736057609967	2.39431985501188	1.13192314226718	1.67637757047461
0.743303437365925	1.24348301154459	0.901387818865997	2.42516712924494	1.13715654155442	0.0707106781186548	2.59582422659573	0.725000000000000	1.83790117324818	1.92535830723480	0.972753822917186	1.98005781658216	1.10368700273221	0.849264387573152	2.83518938540651	0.160078105935821	2.31135792289859	2.53608066698811	0.838525491562421	0.235849528301415	0.667083203206317	1.82379373796376	1.86066401346559	2.15327354139852	0.0750000000000000	0.855131568824354	1.96898709840754	2.70997010403259	2.68692938294481	1.00902180353053	1.96898709840754
1.17314560089181	1.87014235344839	1.87832874827193	0.550000000000000	1.79050617699148	2.11602100237148	0.800390529679106	1.64497615795182	1.06887791632160	1.06066017177982	2.62676603518185	1.20026038841578	1.71481226755848	1.73509697507953	0.976281209488332	2.14951900459356	1.23110722522451	1.53174736820404	1.75888863291449	1.85520047076069	1.74292515497341	1.01519702521235	0.728868986855663	0.0750000000000000	2.01295786845029	1.83098433516819	0.838525491562421	0.945052908571790	0.930053761886914	2.80289975639843	1.15244305716161
0.991172067609712	1.68816882016629	1.69635521498983	0.817389136213591	1.60853264370938	1.93404746908938	1.51162164578310	1.46300262466972	0.520216301167120	0.975000000000000	2.44479250189975	0.951971638232989	1.53283873427638	1.55312344179743	1.72409396495667	1.96754547131146	0.465026880943457	1.60175684796413	1.57691509963238	1.67322693747859	1.56095162169131	0.851469318296320	0.929045208803102	0.855131568824354	1.83098433516819	1.64901080188609	1.04462912078881	1.64506838763621	1.62500000000000	2.62092622311633	0.982980162566875
0.559016994374948	0.637377439199098	0.0500000000000000	2.24088068625396	0.515388203202208	0.860232526704263	2.41153778360476	0.261007662722764	1.65361473025721	1.74107186424382	0.883883476483184	1.79577137359118	0.800390529679106	0.176776695296637	2.65090294241554	0.832541290267336	2.12707147990761	2.35179422399713	0.975000000000000	0.673145600891813	0.921954445729289	1.63950729497279	1.67637757047461	1.96898709840754	0.838525491562421	1.04462912078881	1.78470065541656	2.52568366104161	2.50264293995383	1.12500000000000	1.78470065541656
1.30000000000000	1.57995253093250	1	2.98186369187901	1.45537795778279	0.832165848854662	3.15252078922981	1.05504739230046	2.39459773588226	2.48205486986887	0.145773797371133	2.53675437921624	1.65246028696607	1.08224304109567	3.39188594804059	0.742041103982792	2.86805448553266	3.09277722962219	1.60175684796413	0.938416218956173	1.46030818665102	2.38049030059784	2.41736057609967	2.70997010403259	0.945052908571790	1.64506838763621	2.52568366104161	3.26666666666667	3.24362594557888	0.175000000000000	2.52568366104161
1.27695927891221	1.55503215400840	0.975000000000000	2.95882297079123	1.43047195009200	0.818916967707960	3.12948006814202	1.03077640640442	2.37155701479447	2.45901414878109	0.134629120178363	2.51371365812845	1.62864974749023	1.05741429912783	3.36884522695280	0.728868986855663	2.84501376444488	3.06973650853440	1.58113883008419	0.919918474648705	1.44070295342239	2.35744957951005	2.39431985501188	2.68692938294481	0.930053761886914	1.62500000000000	2.50264293995383	3.24362594557888	3.22058522449109	0.200000000000000	2.50264293995383
1.96308748883995	2.66008424139653	2.66827063622007	1.50083310198036	2.58044806493962	2.90596289031962	0.279508497187474	2.43491804589996	1.88215302247187	1.50000000000000	3.41670792313000	1.72572448554223	2.50475415550662	2.52503886302767	0.125000000000000	2.93946089254170	2.25346954716499	1.55603663195954	2.54883052086263	2.64514235870883	2.53286704292155	1.55503215400840	1.13192314226718	1.00902180353053	2.80289975639843	2.62092622311633	1.12500000000000	0.175000000000000	0.200000000000000	3.59284164434657	1.62500000000000
0.559016994374948	0.176776695296637	0.450000000000000	2.24088068625396	0.125000000000000	1.22065556157337	2.41153778360476	0.493077073082901	1.65361473025721	1.74107186424382	1.38067012714841	1.79577137359118	0.515388203202208	0.395284707521047	2.65090294241554	1.22193494098499	2.12707147990761	2.35179422399713	0.908639092269312	0.976281209488332	0.948683298050514	1.63950729497279	1.67637757047461	1.96898709840754	1.15244305716161	0.982980162566875	1.78470065541656	2.52568366104161	2.50264293995383	1.62500000000000	1.78470065541656




tasktime（1）
0
1.19699675255658
1.20518314738012
1.68186369187901
1.11736057609967
1.44287540147967
1.85252078922981
0.971830557060009
1.09459773588226
1.18205486986887
1.95362043429004
1.23675437921624
1.04166666666667
1.06195137418771
2.09188594804059
1.47637340370175
1.56805448553266
1.79277722962219
1.08574303202267
1.18205486986887
1.06977955408159
1.08049030059784
1.11736057609967
1.40997010403259
1.33981226755848
1.15783873427638
1.22568366104161
1.96666666666667
1.94362594557888
2.12975415550662
1.22568366104161




tasktime（2）
0
0.166666666666667
0.166666666666667
0.166666666666667
0.166666666666667
0.166666666666667
0.166666666666667
0.166666666666667
0.166666666666667
0.166666666666667
0.166666666666667
0.166666666666667
0.166666666666667
0.166666666666667
0.166666666666667
0.166666666666667
0.166666666666667
0.166666666666667
0.166666666666667
0.166666666666667
0.166666666666667
0.166666666666667
0.166666666666667
0.166666666666667
0.166666666666667
0.166666666666667
0.166666666666667
0.166666666666667
0.166666666666667
0.166666666666667
0.166666666666667
