最优解为:340.0793
最优解路径:

Best_route =

     0     0     0     0     0     0
     3     1     4     5     2     0

本次运算用时:1.406秒
算法在第1代时收敛

best
340.079277386183
340.079277386183
340.079277386183
340.079277386183
340.079277386183
340.079277386183
340.079277386183
340.079277386183
340.079277386183
340.079277386183
340.079277386183
340.079277386183
340.079277386183
340.079277386183
340.079277386183
340.079277386183
340.079277386183
340.079277386183
340.079277386183
340.079277386183
340.079277386183
340.079277386183
340.079277386183
340.079277386183
340.079277386183
340.079277386183
340.079277386183
340.079277386183
340.079277386183
340.079277386183
340.079277386183
340.079277386183
340.079277386183
340.079277386183
340.079277386183
340.079277386183
340.079277386183
340.079277386183
340.079277386183
340.079277386183
340.079277386183
340.079277386183
340.079277386183
340.079277386183
340.079277386183
340.079277386183
340.079277386183
340.079277386183
340.079277386183
340.079277386183
340.079277386183
340.079277386183
340.079277386183
340.079277386183
340.079277386183
340.079277386183
340.079277386183
340.079277386183
340.079277386183
340.079277386183
340.079277386183
340.079277386183
340.079277386183
340.079277386183
340.079277386183
340.079277386183
340.079277386183
340.079277386183
340.079277386183
340.079277386183
340.079277386183
340.079277386183
340.079277386183
340.079277386183
340.079277386183
340.079277386183
340.079277386183
340.079277386183
340.079277386183
340.079277386183
340.079277386183
340.079277386183
340.079277386183
340.079277386183
340.079277386183
340.079277386183
340.079277386183
340.079277386183
340.079277386183
340.079277386183
340.079277386183
340.079277386183
340.079277386183
340.079277386183
340.079277386183
340.079277386183
340.079277386183
340.079277386183
340.079277386183
340.079277386183

ave
404.174841056657
347.595837348819
359.090326924191
377.115125069145
391.360438208808
362.419540161753
360.109459121862
374.328489587808
360.909982969872
344.159020948643
374.714435894900
343.916462226211
342.420080628561
358.060709642911
345.280056062325
358.303964806728
341.176194588572
356.493049707923
357.413070472270
358.450509200010
355.378486174204
357.113152900103
386.633340941662
340.599982432323
340.822143105136
340.132819801229
340.079277386183
371.464353531745
355.113021002091
340.079277386183
355.187944672611
370.221688288520
341.120587298129
355.432327468830
340.079277386183
355.081873865933
355.081873865933
354.981608828054
340.079277386183
340.873505725350
340.079277386183
340.079277386183
340.079277386183
340.079277386183
354.981608828054
340.079277386183
340.079277386183
340.079277386183
340.079277386183
340.079277386183
355.187944672611
340.079277386183
340.079277386183
340.079277386183
340.079277386183
340.079277386183
340.079277386183
355.113021002091
340.079277386183
340.079277386183
340.079277386183
340.873505725350
340.079277386183
355.187944672611
340.079277386183
340.079277386183
340.079277386183
340.079277386183
340.079277386183
340.079277386183
340.079277386183
355.187944672611
355.187944672611
340.079277386183
340.079277386183
340.079277386183
354.981608828054
340.079277386183
340.079277386183
340.079277386183
340.079277386183
340.079277386183
340.079277386183
340.079277386183
340.079277386183
355.081873865933
340.079277386183
340.079277386183
340.079277386183
340.079277386183
340.079277386183
340.079277386183
340.079277386183
354.981608828054
340.079277386183
340.079277386183
340.079277386183
340.268480635080
340.079277386183
340.079277386183