最优解为:326.2007
最优解路径:

Best_route =

     3     6     1     2     4     5     0
     0     0     0     0     0     0     0

本次运算用时:3.294秒
算法在第2代时收敛

best
326.532863066601
326.200673402249
326.200673402249
326.200673402249
326.200673402249
326.200673402249
326.200673402249
326.200673402249
326.200673402249
326.200673402249
326.200673402249
326.200673402249
326.200673402249
326.200673402249
326.200673402249
326.200673402249
326.200673402249
326.200673402249
326.200673402249
326.200673402249
326.200673402249
326.200673402249
326.200673402249
326.200673402249
326.200673402249
326.200673402249
326.200673402249
326.200673402249
326.200673402249
326.200673402249
326.200673402249
326.200673402249
326.200673402249
326.200673402249
326.200673402249
326.200673402249
326.200673402249
326.200673402249
326.200673402249
326.200673402249
326.200673402249
326.200673402249
326.200673402249
326.200673402249
326.200673402249
326.200673402249
326.200673402249
326.200673402249
326.200673402249
326.200673402249
326.200673402249
326.200673402249
326.200673402249
326.200673402249
326.200673402249
326.200673402249
326.200673402249
326.200673402249
326.200673402249
326.200673402249
326.200673402249
326.200673402249
326.200673402249
326.200673402249
326.200673402249
326.200673402249
326.200673402249
326.200673402249
326.200673402249
326.200673402249
326.200673402249
326.200673402249
326.200673402249
326.200673402249
326.200673402249
326.200673402249
326.200673402249
326.200673402249
326.200673402249
326.200673402249
326.200673402249
326.200673402249
326.200673402249
326.200673402249
326.200673402249
326.200673402249
326.200673402249
326.200673402249
326.200673402249
326.200673402249
326.200673402249
326.200673402249
326.200673402249
326.200673402249
326.200673402249
326.200673402249
326.200673402249
326.200673402249
326.200673402249
326.200673402249
326.200673402249
326.200673402249
326.200673402249
326.200673402249
326.200673402249
326.200673402249
326.200673402249
326.200673402249
326.200673402249
326.200673402249
326.200673402249
326.200673402249
326.200673402249
326.200673402249
326.200673402249
326.200673402249
326.200673402249
326.200673402249
326.200673402249
326.200673402249
326.200673402249
326.200673402249
326.200673402249
326.200673402249
326.200673402249
326.200673402249
326.200673402249
326.200673402249
326.200673402249
326.200673402249
326.200673402249
326.200673402249
326.200673402249
326.200673402249
326.200673402249
326.200673402249
326.200673402249
326.200673402249
326.200673402249
326.200673402249
326.200673402249
326.200673402249
326.200673402249
326.200673402249
326.200673402249
326.200673402249
326.200673402249
326.200673402249
326.200673402249
326.200673402249
326.200673402249
326.200673402249
326.200673402249
326.200673402249
326.200673402249
326.200673402249
326.200673402249
326.200673402249
326.200673402249
326.200673402249
326.200673402249
326.200673402249
326.200673402249
326.200673402249
326.200673402249
326.200673402249
326.200673402249
326.200673402249
326.200673402249
326.200673402249
326.200673402249
326.200673402249
326.200673402249
326.200673402249
326.200673402249
326.200673402249
326.200673402249
326.200673402249
326.200673402249
326.200673402249
326.200673402249
326.200673402249
326.200673402249
326.200673402249
326.200673402249
326.200673402249
326.200673402249
326.200673402249
326.200673402249
326.200673402249
326.200673402249
326.200673402249
326.200673402249
326.200673402249
326.200673402249
326.200673402249
326.200673402249
326.200673402249
326.200673402249
326.200673402249

ave
327.151244100166
356.913310611032
357.057404992530
341.262639784772
358.314227099272
326.697387329204
326.304801851902
326.267111335119
357.227890703371
341.664168362768
326.271582885467
326.217282885467
326.271582885467
326.718468362768
326.217282885467
326.254973402249
326.217282885467
326.200673402249
326.254973402249
371.108682885467
341.146373402249
326.200673402249
341.146373402249
326.200673402249
326.200673402249
326.217282885467
356.108682885466
371.723938610007
326.200673402249
326.200673402249
326.200673402249
341.200673402249
326.200673402249
326.200673402249
326.200673402249
326.200673402249
326.254973402249
326.200673402249
326.200673402249
326.200673402249
326.200673402249
326.200673402249
326.200673402249
326.200673402249
326.200673402249
326.200673402249
326.200673402249
326.200673402249
326.200673402249
341.610598124965
326.200673402249
326.200673402249
341.146373402249
326.200673402249
326.200673402249
326.200673402249
326.200673402249
326.200673402249
326.647558879551
326.200673402249
326.200673402249
326.200673402249
326.200673402249
326.200673402249
326.200673402249
326.200673402249
326.200673402249
326.200673402249
341.146373402249
326.200673402249
326.200673402249
326.200673402249
326.200673402249
326.200673402249
326.200673402249
326.200673402249
326.200673402249
326.200673402249
326.200673402249
326.200673402249
341.146373402249
326.200673402249
326.200673402249
326.200673402249
326.200673402249
326.200673402249
326.200673402249
341.146373402249
356.146373402249
326.200673402249
326.200673402249
326.200673402249
326.200673402249
326.200673402249
326.200673402249
326.200673402249
356.092073402249
326.200673402249
326.200673402249
326.200673402249
326.200673402249
326.200673402249
326.200673402249
326.200673402249
326.200673402249
326.200673402249
326.200673402249
326.200673402249
326.200673402249
326.200673402249
326.200673402249
326.200673402249
341.200673402249
326.200673402249
326.200673402249
326.200673402249
326.200673402249
326.200673402249
326.200673402249
326.200673402249
326.200673402249
326.200673402249
326.200673402249
326.200673402249
326.200673402249
326.200673402249
326.200673402249
326.200673402249
326.200673402249
326.200673402249
326.200673402249
326.200673402249
326.200673402249
326.200673402249
326.200673402249
326.200673402249
341.610598124965
326.200673402249
326.200673402249
326.200673402249
326.200673402249
341.200673402249
326.200673402249
326.200673402249
326.200673402249
326.200673402249
326.200673402249
326.200673402249
326.200673402249
326.200673402249
326.200673402249
326.200673402249
326.200673402249
326.200673402249
326.200673402249
326.200673402249
326.200673402249
326.200673402249
326.200673402249
326.200673402249
326.200673402249
326.200673402249
326.200673402249
326.200673402249
326.200673402249
326.200673402249
341.146373402249
326.200673402249
326.200673402249
326.200673402249
326.200673402249
326.200673402249
326.200673402249
326.200673402249
326.200673402249
326.200673402249
326.200673402249
326.200673402249
326.200673402249
326.200673402249
326.200673402249
326.200673402249
326.200673402249
326.200673402249
326.200673402249
326.200673402249
326.200673402249
326.200673402249
326.200673402249
326.200673402249
326.200673402249
326.200673402249
326.200673402249
326.200673402249
341.146373402249
326.217282885467
326.200673402249
326.200673402249
326.217282885467
326.200673402249