最优解为:1821.2576
最优解路径:

Best_route =

  1 至 24 列

     0     0     0     0     0     0     0     0     0     0     0     0     0     0     0     0     0     0     0     0     0     0     0     0
     7     8    29    23    24    15    16     1    14     2     0     0     0     0     0     0     0     0     0     0     0     0     0     0
    27     3     5    13     6    25    26    11    12     0     0     0     0     0     0     0     0     0     0     0     0     0     0     0
    17    18     4    21    22    30     9    10     0     0     0     0     0     0     0     0     0     0     0     0     0     0     0     0
    19    20    28     0     0     0     0     0     0     0     0     0     0     0     0     0     0     0     0     0     0     0     0     0

  25 至 31 列

     0     0     0     0     0     0     0
     0     0     0     0     0     0     0
     0     0     0     0     0     0     0
     0     0     0     0     0     0     0
     0     0     0     0     0     0     0

本次运算用时:273.891秒
算法在第310代时收敛

best
1899.80605875115
1899.80605875115
1873.51342543453
1873.51342543453
1873.51342543453
1873.51342543453
1873.51342543453
1873.51342543453
1873.51342543453
1838.29694009635
1838.29694009635
1838.29694009635
1838.29694009635
1838.29694009635
1838.29694009635
1838.29694009635
1838.29694009635
1838.29694009635
1838.29694009635
1838.29694009635
1838.29694009635
1838.29694009635
1838.29694009635
1838.29694009635
1838.29694009635
1838.29694009635
1838.29694009635
1838.29694009635
1838.29694009635
1838.29694009635
1838.29694009635
1838.29694009635
1838.29694009635
1838.29694009635
1838.29694009635
1838.29694009635
1838.29694009635
1838.29694009635
1838.29694009635
1838.29694009635
1838.29694009635
1838.29694009635
1838.29694009635
1838.29694009635
1838.29694009635
1838.29694009635
1838.29694009635
1838.29694009635
1838.29694009635
1838.29694009635
1838.29694009635
1838.29694009635
1838.29694009635
1838.29694009635
1838.29694009635
1838.29694009635
1838.29694009635
1838.29694009635
1838.29694009635
1838.29694009635
1838.29694009635
1838.29694009635
1838.29694009635
1838.29694009635
1838.29694009635
1838.29694009635
1838.29694009635
1838.29694009635
1838.29694009635
1838.29694009635
1838.29694009635
1838.29694009635
1838.29694009635
1838.29694009635
1838.29694009635
1838.29694009635
1838.29694009635
1838.29694009635
1838.29694009635
1838.29694009635
1838.29694009635
1838.29694009635
1838.29694009635
1838.29694009635
1838.29694009635
1838.29694009635
1838.29694009635
1838.29694009635
1838.29694009635
1838.29694009635
1838.29694009635
1838.29694009635
1838.29694009635
1838.29694009635
1838.29694009635
1838.29694009635
1838.29694009635
1838.29694009635
1838.29694009635
1838.29694009635
1838.29694009635
1838.29694009635
1838.29694009635
1838.29694009635
1838.29694009635
1838.29694009635
1838.29694009635
1838.29694009635
1838.29694009635
1838.29694009635
1838.29694009635
1838.29694009635
1838.29694009635
1838.29694009635
1838.29694009635
1838.29694009635
1838.29694009635
1838.29694009635
1838.29694009635
1838.29694009635
1838.29694009635
1838.29694009635
1838.29694009635
1838.29694009635
1838.29694009635
1838.29694009635
1838.29694009635
1838.29694009635
1838.29694009635
1838.29694009635
1838.29694009635
1838.29694009635
1838.29694009635
1838.29694009635
1838.29694009635
1838.29694009635
1838.29694009635
1838.29694009635
1838.29694009635
1838.29694009635
1838.29694009635
1838.29694009635
1838.29694009635
1838.29694009635
1838.29694009635
1838.29694009635
1838.29694009635
1838.29694009635
1838.29694009635
1838.29694009635
1838.29694009635
1838.29694009635
1838.29694009635
1838.29694009635
1838.29694009635
1838.29694009635
1838.29694009635
1838.29694009635
1838.29694009635
1838.29694009635
1838.29694009635
1838.29694009635
1838.29694009635
1838.29694009635
1838.29694009635
1838.29694009635
1838.29694009635
1838.29694009635
1838.29694009635
1838.29694009635
1838.29694009635
1838.29694009635
1838.29694009635
1838.29694009635
1838.29694009635
1838.29694009635
1838.29694009635
1838.29694009635
1838.29694009635
1838.29694009635
1838.29694009635
1838.29694009635
1838.29694009635
1838.29694009635
1838.29694009635
1838.29694009635
1838.29694009635
1838.29694009635
1838.29694009635
1838.29694009635
1838.29694009635
1838.29694009635
1838.29694009635
1838.29694009635
1838.29694009635
1838.29694009635
1838.29694009635
1838.29694009635
1838.29694009635
1838.29694009635
1838.29694009635
1838.29694009635
1838.29694009635
1838.29694009635
1838.29694009635
1838.29694009635
1838.29694009635
1838.29694009635
1838.29694009635
1838.29694009635
1838.29694009635
1838.29694009635
1838.29694009635
1838.29694009635
1838.29694009635
1838.29694009635
1838.29694009635
1838.29694009635
1838.29694009635
1838.29694009635
1838.29694009635
1838.29694009635
1838.29694009635
1838.29694009635
1838.29694009635
1838.29694009635
1838.29694009635
1838.29694009635
1838.29694009635
1838.29694009635
1838.29694009635
1838.29694009635
1838.29694009635
1838.29694009635
1838.29694009635
1838.29694009635
1838.29694009635
1838.29694009635
1838.29694009635
1838.29694009635
1838.29694009635
1838.29694009635
1838.29694009635
1838.29694009635
1838.29694009635
1838.29694009635
1838.29694009635
1838.29694009635
1838.29694009635
1838.29694009635
1838.29694009635
1838.29694009635
1838.29694009635
1838.29694009635
1838.29694009635
1838.29694009635
1838.29694009635
1829.57289350406
1829.57289350406
1829.57289350406
1829.57289350406
1829.57289350406
1829.57289350406
1829.57289350406
1829.57289350406
1829.57289350406
1829.57289350406
1829.57289350406
1829.57289350406
1829.57289350406
1829.57289350406
1829.57289350406
1829.57289350406
1829.57289350406
1829.57289350406
1829.57289350406
1829.57289350406
1829.57289350406
1829.57289350406
1829.57289350406
1829.57289350406
1829.57289350406
1829.57289350406
1829.57289350406
1829.57289350406
1829.57289350406
1829.57289350406
1829.57289350406
1829.57289350406
1829.57289350406
1829.57289350406
1829.57289350406
1829.57289350406
1829.57289350406
1829.57289350406
1829.57289350406
1829.57289350406
1829.57289350406
1829.57289350406
1829.57289350406
1829.57289350406
1829.57289350406
1829.57289350406
1829.57289350406
1829.57289350406
1829.57289350406
1829.57289350406
1829.57289350406
1829.57289350406
1821.25755060253
1821.25755060253
1821.25755060253
1821.25755060253
1821.25755060253
1821.25755060253
1821.25755060253
1821.25755060253
1821.25755060253
1821.25755060253
1821.25755060253
1821.25755060253
1821.25755060253
1821.25755060253
1821.25755060253
1821.25755060253
1821.25755060253
1821.25755060253
1821.25755060253
1821.25755060253
1821.25755060253
1821.25755060253
1821.25755060253
1821.25755060253
1821.25755060253
1821.25755060253
1821.25755060253
1821.25755060253
1821.25755060253
1821.25755060253
1821.25755060253
1821.25755060253
1821.25755060253
1821.25755060253
1821.25755060253
1821.25755060253
1821.25755060253
1821.25755060253
1821.25755060253
1821.25755060253
1821.25755060253
1821.25755060253
1821.25755060253
1821.25755060253
1821.25755060253
1821.25755060253
1821.25755060253
1821.25755060253
1821.25755060253
1821.25755060253
1821.25755060253
1821.25755060253
1821.25755060253
1821.25755060253
1821.25755060253
1821.25755060253
1821.25755060253
1821.25755060253
1821.25755060253
1821.25755060253
1821.25755060253
1821.25755060253
1821.25755060253
1821.25755060253
1821.25755060253
1821.25755060253
1821.25755060253
1821.25755060253
1821.25755060253
1821.25755060253
1821.25755060253
1821.25755060253
1821.25755060253
1821.25755060253
1821.25755060253
1821.25755060253
1821.25755060253
1821.25755060253
1821.25755060253
1821.25755060253
1821.25755060253
1821.25755060253
1821.25755060253
1821.25755060253
1821.25755060253
1821.25755060253
1821.25755060253
1821.25755060253
1821.25755060253
1821.25755060253
1821.25755060253
1821.25755060253
1821.25755060253
1821.25755060253
1821.25755060253
1821.25755060253
1821.25755060253
1821.25755060253
1821.25755060253
1821.25755060253
1821.25755060253
1821.25755060253
1821.25755060253
1821.25755060253
1821.25755060253
1821.25755060253
1821.25755060253
1821.25755060253
1821.25755060253
1821.25755060253
1821.25755060253
1821.25755060253
1821.25755060253
1821.25755060253
1821.25755060253
1821.25755060253
1821.25755060253
1821.25755060253
1821.25755060253
1821.25755060253
1821.25755060253
1821.25755060253
1821.25755060253
1821.25755060253
1821.25755060253
1821.25755060253
1821.25755060253
1821.25755060253
1821.25755060253
1821.25755060253
1821.25755060253
1821.25755060253
1821.25755060253
1821.25755060253
1821.25755060253
1821.25755060253
1821.25755060253
1821.25755060253
1821.25755060253
1821.25755060253
1821.25755060253
1821.25755060253
1821.25755060253
1821.25755060253
1821.25755060253
1821.25755060253
1821.25755060253
1821.25755060253
1821.25755060253
1821.25755060253
1821.25755060253
1821.25755060253
1821.25755060253
1821.25755060253
1821.25755060253
1821.25755060253
1821.25755060253
1821.25755060253
1821.25755060253
1821.25755060253
1821.25755060253
1821.25755060253
1821.25755060253
1821.25755060253
1821.25755060253
1821.25755060253
1821.25755060253
1821.25755060253
1821.25755060253
1821.25755060253
1821.25755060253
1821.25755060253
1821.25755060253
1821.25755060253
1821.25755060253
1821.25755060253
1821.25755060253
1821.25755060253
1821.25755060253
1821.25755060253
1821.25755060253
1821.25755060253
1821.25755060253
1821.25755060253
1821.25755060253
1821.25755060253
1821.25755060253
1821.25755060253
1821.25755060253
1821.25755060253
1821.25755060253

ave
2685.64428290053
2834.22918038690
2818.11865207127
2863.92205203863
2999.16035827999
2988.93306151334
2825.08153125295
2838.57979901244
2765.64426602115
2830.40896598567
2872.54237793865
2689.33228259998
2922.52912507488
2849.00506756394
2894.82678110915
2776.49057185423
2822.47009382968
2763.53169579842
2887.95420735276
2728.28466765408
2831.47920978561
2680.31331736073
2703.24298791525
2723.80736034539
2757.39190479623
2794.31841940760
2858.30107615531
2881.12738381919
2554.86782226642
2746.47148397520
2950.58466575635
2716.89563854474
2600.22971289895
2668.56094760074
2644.10920165201
2699.31704161241
2536.23097955012
2652.08161328784
2677.54133625796
2621.68401865609
2624.14248881228
2693.01441577505
2557.41604507041
2728.71763457178
2612.57528345008
2418.66070315083
2463.69938332311
2511.67369726824
2368.04881340880
2608.11316743279
2520.26854808426
2615.57650703387
2462.24566168134
2391.08254807082
2382.38784334070
2470.41915714153
2507.68370168032
2352.27821163293
2387.66869884506
2453.73517263198
2441.44342483123
2303.62281982804
2366.42311959499
2512.71393851360
2471.20880868875
2469.57916201062
2309.30636729315
2446.53362330620
2527.82368696933
2254.02374180657
2185.56522060843
2232.86835606106
2199.08045702941
2198.84652410777
2177.60300055864
2089.63086785658
2117.86319001486
2128.71620691018
2089.62594593076
2022.86876569009
2074.41856526303
2142.24090096841
2058.15719718503
2032.01735264733
2097.10326531262
2167.85772459043
2162.32502772482
2181.70901780264
2130.60263210533
2109.56402852905
2259.26007574854
2217.80999255731
2295.22025895537
2205.96640585210
2065.48878111799
2235.45861078622
2113.89676449951
2025.66745672595
2029.94695696277
2065.15854708284
2099.96376236797
2115.55225575834
2093.13216487360
2116.43534458338
2119.58442409575
1997.00700202290
2213.90815072720
2011.20448162469
2064.23812086708
2144.21053503060
2223.25988557990
2196.86028145111
2177.54293210611
2138.94383100502
2254.64654736636
2247.16118783265
2155.26470762016
2169.75938396872
2269.45294887667
2112.05356524432
2172.55943076447
2254.32320521146
2204.61048686754
2088.93632141113
2292.39879634339
2271.84188886924
2241.20546126939
2136.40969006057
2399.54923385199
2049.74575809679
2064.17659010126
2358.44023355050
2263.06138679182
2237.82107648055
2296.35963739333
2227.96661939665
2263.07405976142
2308.08226018197
2174.76943917914
2380.79172445264
2338.36402190464
2294.94073870433
2259.70863823270
2294.39869569640
2087.94597594264
2282.38267281568
2091.71831073141
2151.36394046346
2248.39581989922
2336.75128276406
2198.11585648513
2157.16631204912
2197.88207981907
2187.40650863140
2371.16278522486
2253.11559472264
2159.77757156533
2321.98875078734
2365.28087929557
2354.76147611442
2186.00907095827
2274.04797090038
2366.16938282752
2330.16571824518
2347.31029994144
2336.81735347902
2308.05160993272
2279.32943685836
2245.55783461024
2222.34180643175
2250.48533068048
2193.49753921642
2130.97168085393
2442.88585687693
2253.38805295326
2277.92960717082
2156.85448169788
2275.08799490201
2327.84162162089
2106.03330374690
2286.06414703694
2225.55863739875
2174.87962119168
2393.84956883556
2380.19397819800
2214.29271507436
2220.33873913241
2313.50747006809
2281.28031234568
2235.05539653084
2412.15380655057
2095.59607525646
2231.99622413728
2226.56973888984
2191.28359848412
2238.63574560768
2283.74434818911
2337.50109471807
2241.65827434864
2217.14273943693
2309.29620516670
2194.18010104827
2308.95848136351
2223.09760308212
2339.50867014203
2212.19523852204
2409.94975406356
2382.43179430667
2325.08836158099
2162.51341553923
2286.63634687474
2492.23536112373
2114.96727722561
2418.18239300328
2293.85087321209
2305.98797008962
2404.08222229306
2226.30510683552
2144.81434278661
2265.28304494701
2257.01611089863
2418.06646125048
2125.47253787497
2219.65041998910
2179.12446807711
2374.92605662204
2169.51107737213
2239.27554757885
2308.96190747670
2292.46581056437
2285.72059250269
2347.78874793346
2310.66215819474
2322.30464323525
2444.09438209802
2355.72589263346
2222.35088805400
2188.52419951684
2388.13522606819
2344.28499051177
2233.42703044538
2231.60785978388
2171.09800453998
2138.42959493850
2369.20122461222
2284.11805014286
2334.34860325199
2346.38031090241
2218.74865598770
2235.38626575896
2368.06732170020
2293.95160870909
2438.80924583076
2271.89889428141
2243.70643101124
2226.15236258417
2325.15275411248
2282.62620942926
2108.08303505437
2484.36415219277
2289.15213429979
2297.15439931522
2527.60098610304
2324.92400302317
2277.68553753204
2407.39647846016
2193.02335267779
2290.67114822034
2426.94682633622
2290.31812287558
2315.25553271659
2292.95570449648
2355.97694054288
2364.68823863812
2330.61874614063
2310.76847957328
2279.58853645520
2348.38218168735
2188.12917345375
2321.32549328343
2297.23390999245
2442.59508824305
2465.14466416921
2424.89270338710
2367.06733035426
2263.52189870550
2216.60220850530
2228.63852515303
2325.94460595015
2234.15502325016
2310.35342208483
2328.15922866450
2262.02801970686
2317.66907568416
2306.26936517708
2348.92943960857
2281.00199784411
2297.17761032721
2077.13098852547
2296.81324297711
2286.54180673586
2186.67912943367
2299.58310152443
2313.51478942893
2324.80168951375
2201.80276582155
2279.60855310163
2143.51055793536
2317.82455332037
2256.42567210401
2403.52680507664
2453.89847657138
2175.19717753303
2255.08614980538
2276.51040153750
2232.11021677228
2217.94241479464
2217.37712943911
2465.99430328716
2383.80189740221
2271.75363276776
2220.93820937666
2213.57894364422
2432.79289362291
2124.03335031504
2220.58354301148
2220.98016693123
2290.64432296917
2324.25217140619
2293.96799665486
2422.02774734683
2324.41593975998
2341.27453532651
2350.76327076487
2451.73219194084
2511.62228989218
2403.98622302343
2337.40648524502
2316.39177744967
2396.44305868510
2282.96503606124
2168.57698394276
2398.98633560456
2329.88143343322
2481.80252793361
2365.79795674222
2302.55298047807
2362.91899266432
2355.41911736050
2422.65375543190
2489.65893018486
2371.02398688361
2339.80215260552
2285.43934943218
2488.26342432184
2334.76387086760
2500.41675804897
2422.13723129859
2404.83791794530
2272.73303942242
2459.94613238869
2441.00413421596
2421.04892552483
2584.88606793328
2460.66891258939
2311.94494036450
2383.86678346051
2405.16078807459
2311.31095258973
2391.44026180888
2271.36565914830
2559.02469615069
2246.27679031097
2454.70951910215
2279.43202962473
2260.60466958452
2279.79844522754
2361.44556901435
2366.52546021773
2161.07206183815
2402.75246071162
2274.77150806607
2319.31560684141
2249.89622076938
2322.41036308764
2348.19479014478
2254.31273835097
2274.41801875493
2214.73456231518
2351.44620836523
2226.20902047686
2346.83280652398
2282.19161061836
2138.17294628810
2341.22984908851
2327.60346835672
2227.34233712822
2400.27237767314
2366.15504381863
2249.32364887018
2186.68327933286
2269.66419356804
2259.21246191556
2249.79886438595
2602.20765358740
2294.87291970986
2321.15037938152
2520.08544199090
2280.50282430604
2274.86047721790
2240.97719979450
2204.98323638686
2427.71918388215
2390.07759574330
2474.42183156643
2301.62534415470
2238.78018248617
2304.54041845754
2216.39195321138
2224.01161366484
2361.09481810814
2426.86988103648
2121.99343066717
2305.53018576582
2349.47621002476
2363.05016287299
2330.64958439366
2126.28642414543
2364.57332246160
2443.98942974796
2303.88987207193
2403.51144485896
2162.38789208471
2382.54582249810
2279.80920727443
2366.70004883367
2196.88774142386
2470.28001956228
2394.52435131795
2255.88652289660
2347.40702162941
2221.78381010651
2306.21289195820
2237.45296652429
2248.06966771389
2173.41180470377
2243.68808482146
2185.66405422890
2194.58184251809
2259.16649196473
2317.22487153048
2266.77249536797
2118.49338310968
2225.70488315983
2275.85817553357
2318.72278118966
2309.04085104260
2275.41734050324
2282.73030674428
2274.76762334895
2411.04936892370
2350.97012302469
2386.99613073751
2214.90423391809
2253.45746802487
2246.81914304678
2278.66145089443
2233.84841062403
2285.47846917942
2517.41297449916
2192.67079523257
2321.43085569369
2427.97184245704
2320.31476916437
2323.08840153766
2270.43922773181
2142.34815914293
2141.45377606762
2217.21388349219
2142.85564694558
2381.43633397388
2067.79867091406
2265.33211782415
2330.63546448068
2249.46207192927
2312.23715919266
2325.30940832816
2285.94467691674
2286.26714963807
2257.69951878676
2268.54293483760
2203.02085780576
2361.64277466604
2344.60699777456
2216.41105295111
2401.13627215512
2088.44325041472
2187.30097258615
2195.36460000915
2307.85060827270