最优解为:1831.1577
最优解路径:

Best_route =

  1 至 24 列

    19    20     6    25    26    28    13    14     0     0     0     0     0     0     0     0     0     0     0     0     0     0     0     0
     7     8     4    15    16     1     0     0     0     0     0     0     0     0     0     0     0     0     0     0     0     0     0     0
    29     5     3    23    11    12    30    17    18    24     0     0     0     0     0     0     0     0     0     0     0     0     0     0
     0     0     0     0     0     0     0     0     0     0     0     0     0     0     0     0     0     0     0     0     0     0     0     0
     9    10    27    21    22     2     0     0     0     0     0     0     0     0     0     0     0     0     0     0     0     0     0     0

  25 至 31 列

     0     0     0     0     0     0     0
     0     0     0     0     0     0     0
     0     0     0     0     0     0     0
     0     0     0     0     0     0     0
     0     0     0     0     0     0     0

本次运算用时:92.453秒
算法在第291代时收敛

best
1894.21077878680
1882.64218355634
1882.64218355634
1882.64218355634
1882.64218355634
1882.64218355634
1859.45568172617
1859.45568172617
1859.45568172617
1859.45568172617
1859.45568172617
1859.45568172617
1859.45568172617
1859.45568172617
1859.45568172617
1859.45568172617
1859.45568172617
1859.45568172617
1859.45568172617
1859.45568172617
1859.45568172617
1859.45568172617
1859.45568172617
1859.45568172617
1859.45568172617
1859.45568172617
1859.45568172617
1859.45568172617
1859.45568172617
1859.45568172617
1859.45568172617
1859.45568172617
1859.45568172617
1859.45568172617
1859.45568172617
1859.45568172617
1859.45568172617
1859.45568172617
1859.45568172617
1859.45568172617
1859.45568172617
1859.45568172617
1859.45568172617
1859.45568172617
1859.45568172617
1859.45568172617
1859.45568172617
1859.45568172617
1859.45568172617
1859.45568172617
1859.45568172617
1859.45568172617
1859.45568172617
1859.45568172617
1859.45568172617
1859.45568172617
1859.45568172617
1859.45568172617
1859.45568172617
1859.45568172617
1859.45568172617
1859.45568172617
1859.45568172617
1859.45568172617
1859.45568172617
1859.45568172617
1859.45568172617
1859.45568172617
1859.45568172617
1859.45568172617
1859.45568172617
1859.45568172617
1859.45568172617
1859.45568172617
1859.45568172617
1859.45568172617
1859.45568172617
1859.45568172617
1859.45568172617
1859.45568172617
1859.45568172617
1859.45568172617
1859.45568172617
1859.45568172617
1859.45568172617
1859.45568172617
1859.45568172617
1859.45568172617
1859.45568172617
1859.45568172617
1859.45568172617
1859.45568172617
1859.45568172617
1859.45568172617
1859.45568172617
1859.45568172617
1859.45568172617
1859.45568172617
1859.45568172617
1859.45568172617
1859.45568172617
1859.45568172617
1859.45568172617
1859.45568172617
1859.45568172617
1859.45568172617
1859.45568172617
1859.45568172617
1859.45568172617
1859.45568172617
1859.45568172617
1859.45568172617
1859.45568172617
1859.45568172617
1859.45568172617
1859.45568172617
1859.45568172617
1859.45568172617
1859.45568172617
1859.45568172617
1859.45568172617
1859.45568172617
1859.45568172617
1859.45568172617
1859.45568172617
1859.45568172617
1859.45568172617
1859.45568172617
1859.45568172617
1859.45568172617
1859.45568172617
1859.45568172617
1859.45568172617
1859.45568172617
1859.45568172617
1859.45568172617
1859.45568172617
1859.45568172617
1859.45568172617
1859.45568172617
1859.45568172617
1859.45568172617
1859.45568172617
1859.45568172617
1859.45568172617
1859.45568172617
1859.45568172617
1859.45568172617
1859.45568172617
1859.45568172617
1859.45568172617
1859.45568172617
1859.45568172617
1859.45568172617
1859.45568172617
1859.45568172617
1859.45568172617
1859.45568172617
1859.45568172617
1859.45568172617
1859.45568172617
1859.45568172617
1859.45568172617
1859.45568172617
1859.45568172617
1859.45568172617
1859.45568172617
1859.45568172617
1859.45568172617
1859.45568172617
1859.45568172617
1859.45568172617
1859.45568172617
1859.45568172617
1859.45568172617
1859.45568172617
1859.45568172617
1859.45568172617
1859.45568172617
1859.45568172617
1859.45568172617
1859.45568172617
1859.45568172617
1859.45568172617
1859.45568172617
1859.45568172617
1859.45568172617
1859.45568172617
1859.45568172617
1859.45568172617
1859.45568172617
1859.45568172617
1833.62674268648
1833.62674268648
1833.62674268648
1833.62674268648
1833.62674268648
1833.62674268648
1833.62674268648
1833.62674268648
1833.62674268648
1833.62674268648
1833.62674268648
1833.62674268648
1833.62674268648
1833.62674268648
1833.62674268648
1833.62674268648
1833.62674268648
1833.62674268648
1833.62674268648
1833.62674268648
1833.62674268648
1833.62674268648
1833.62674268648
1833.62674268648
1833.62674268648
1833.62674268648
1833.62674268648
1833.62674268648
1833.62674268648
1833.62674268648
1833.62674268648
1833.62674268648
1833.62674268648
1833.62674268648
1833.62674268648
1833.62674268648
1833.62674268648
1833.62674268648
1833.62674268648
1833.62674268648
1833.62674268648
1833.62674268648
1833.62674268648
1833.62674268648
1833.62674268648
1833.62674268648
1833.62674268648
1833.62674268648
1833.62674268648
1833.62674268648
1833.62674268648
1833.62674268648
1833.62674268648
1833.62674268648
1833.62674268648
1833.62674268648
1833.62674268648
1833.62674268648
1833.62674268648
1833.62674268648
1833.62674268648
1833.62674268648
1833.62674268648
1833.62674268648
1833.62674268648
1833.62674268648
1833.62674268648
1833.62674268648
1833.62674268648
1833.62674268648
1833.62674268648
1833.62674268648
1833.62674268648
1833.62674268648
1833.62674268648
1833.62674268648
1833.62674268648
1833.62674268648
1833.62674268648
1833.62674268648
1833.62674268648
1833.62674268648
1833.62674268648
1833.62674268648
1833.62674268648
1833.62674268648
1833.62674268648
1833.62674268648
1833.62674268648
1833.62674268648
1833.62674268648
1833.62674268648
1833.62674268648
1833.62674268648
1833.62674268648
1833.62674268648
1833.62674268648
1833.62674268648
1831.15774062245
1831.15774062245
1831.15774062245
1831.15774062245
1831.15774062245
1831.15774062245
1831.15774062245
1831.15774062245
1831.15774062245
1831.15774062245
1831.15774062245
1831.15774062245
1831.15774062245
1831.15774062245
1831.15774062245
1831.15774062245
1831.15774062245
1831.15774062245
1831.15774062245
1831.15774062245
1831.15774062245
1831.15774062245
1831.15774062245
1831.15774062245
1831.15774062245
1831.15774062245
1831.15774062245
1831.15774062245
1831.15774062245
1831.15774062245
1831.15774062245
1831.15774062245
1831.15774062245
1831.15774062245
1831.15774062245
1831.15774062245
1831.15774062245
1831.15774062245
1831.15774062245
1831.15774062245
1831.15774062245
1831.15774062245
1831.15774062245
1831.15774062245
1831.15774062245
1831.15774062245
1831.15774062245
1831.15774062245
1831.15774062245
1831.15774062245
1831.15774062245
1831.15774062245
1831.15774062245
1831.15774062245
1831.15774062245
1831.15774062245
1831.15774062245
1831.15774062245
1831.15774062245
1831.15774062245
1831.15774062245
1831.15774062245
1831.15774062245
1831.15774062245
1831.15774062245
1831.15774062245
1831.15774062245
1831.15774062245
1831.15774062245
1831.15774062245
1831.15774062245
1831.15774062245
1831.15774062245
1831.15774062245
1831.15774062245
1831.15774062245
1831.15774062245
1831.15774062245
1831.15774062245
1831.15774062245
1831.15774062245
1831.15774062245
1831.15774062245
1831.15774062245
1831.15774062245
1831.15774062245
1831.15774062245
1831.15774062245
1831.15774062245
1831.15774062245
1831.15774062245
1831.15774062245
1831.15774062245
1831.15774062245
1831.15774062245
1831.15774062245
1831.15774062245
1831.15774062245
1831.15774062245
1831.15774062245
1831.15774062245
1831.15774062245
1831.15774062245
1831.15774062245
1831.15774062245
1831.15774062245
1831.15774062245
1831.15774062245
1831.15774062245
1831.15774062245
1831.15774062245
1831.15774062245
1831.15774062245
1831.15774062245
1831.15774062245
1831.15774062245
1831.15774062245
1831.15774062245
1831.15774062245
1831.15774062245
1831.15774062245
1831.15774062245
1831.15774062245
1831.15774062245
1831.15774062245
1831.15774062245
1831.15774062245
1831.15774062245
1831.15774062245
1831.15774062245
1831.15774062245
1831.15774062245
1831.15774062245
1831.15774062245
1831.15774062245
1831.15774062245
1831.15774062245
1831.15774062245
1831.15774062245
1831.15774062245
1831.15774062245
1831.15774062245
1831.15774062245
1831.15774062245
1831.15774062245
1831.15774062245
1831.15774062245
1831.15774062245
1831.15774062245
1831.15774062245
1831.15774062245
1831.15774062245
1831.15774062245
1831.15774062245
1831.15774062245
1831.15774062245
1831.15774062245
1831.15774062245
1831.15774062245
1831.15774062245
1831.15774062245
1831.15774062245
1831.15774062245
1831.15774062245
1831.15774062245
1831.15774062245
1831.15774062245
1831.15774062245
1831.15774062245
1831.15774062245
1831.15774062245
1831.15774062245
1831.15774062245
1831.15774062245
1831.15774062245
1831.15774062245
1831.15774062245
1831.15774062245
1831.15774062245
1831.15774062245
1831.15774062245
1831.15774062245
1831.15774062245
1831.15774062245
1831.15774062245
1831.15774062245
1831.15774062245
1831.15774062245
1831.15774062245
1831.15774062245
1831.15774062245
1831.15774062245
1831.15774062245
1831.15774062245
1831.15774062245
1831.15774062245
1831.15774062245
1831.15774062245
1831.15774062245
1831.15774062245
1831.15774062245
1831.15774062245
1831.15774062245
1831.15774062245
1831.15774062245
1831.15774062245
1831.15774062245
1831.15774062245
1831.15774062245
1831.15774062245

ave
2576.86523401816
2596.21467821514
2789.76313077313
2896.08560382326
3100.71940215257
2887.56644834611
2975.61280024193
2878.78762003284
2960.82325766243
2991.99295685840
2798.46280656195
2778.00975860410
2987.61235599779
3088.00705386985
2808.05148136752
2821.23915057792
2900.28754333039
3141.80569527742
2849.41793308654
2887.67118872736
2953.86991428010
2873.23508810267
2839.34369861171
2930.33574288567
2851.48040280180
2852.32214945798
2809.54487751262
2888.45185449740
2859.39326514974
2826.57407510750
2788.32997499919
3003.22405205238
3016.02789595114
2951.77704137431
2828.74048735423
2712.17942638948
2674.50571416035
2666.24977075404
2660.42761176460
2736.73662106586
2624.39304716090
2547.80060121422
2471.27721494374
2504.12667299090
2515.41030948538
2406.72385114091
2474.62517637070
2387.43659116938
2358.50378232505
2173.65427463348
2365.99193266170
2448.06026154672
2188.87253628346
2463.85713116098
2286.84303815136
2266.29749617794
2163.49147498494
2331.43474817432
2325.65725961449
2363.71219524940
2097.06390923162
2319.29979070922
2248.85799051510
2369.52241031824
2237.54358070833
2251.45844449074
2105.03099689502
2202.94700909251
2174.53790240123
2343.71019727578
2278.32941785557
2276.08451165486
2195.97387547113
2360.31055239171
2476.81383294574
2272.84125196825
2224.20280829589
2127.65626342489
2341.83731031459
2354.98988737922
2231.38697015176
2230.94605703792
2216.80596177773
2359.85654243336
2356.89708352413
2260.95960103729
2158.70085970251
2173.68011272651
2319.89897164036
2226.61131590199
2122.62199290350
2254.44273972570
2237.63340186411
2393.48844204607
2336.26193865462
2228.44988984175
2345.39937731811
2297.77676922396
2180.48074666012
2392.71668809254
2326.49739223005
2319.11920496949
2246.67212956797
2379.39891781063
2250.60678869922
2219.88881075708
2424.48993061316
2273.63791782209
2277.08230633768
2225.84560262874
2315.74994476139
2224.58969677849
2332.59834227401
2243.97795307190
2239.37278004138
2213.85856083321
2128.59855392051
2211.25254063979
2141.88904994188
2165.41441597118
2241.34496556285
2231.36989855611
2152.42257664012
2228.06139844192
2275.49963810297
2174.28025809916
2201.54783547191
2102.07601112347
2185.15779494252
2136.51128914118
2248.22891220356
2157.19551113511
2137.99111247375
2142.52778603754
2144.34319331227
2197.41219722764
2246.55383967962
2205.83767631902
2106.05956206629
2182.37432575560
2088.88926080787
2085.73270498889
2197.68895581407
2239.58321108297
2311.19446643414
2260.22977901665
2114.23717395511
2115.60555998513
2091.03060304980
2301.42686589309
2176.56177421285
2095.49771826159
1966.81050682223
2131.55882103709
2148.99723726594
2064.18189483324
2141.98818859892
2140.86415641056
2191.16853011581
2211.33718798781
2213.66795043162
2215.45285819019
2386.40400821973
2191.25869112355
2252.72739415770
2180.06836066118
2109.18397313467
2118.28289730092
2088.12664030232
2163.85602681135
2030.51394763929
2217.81471550975
2249.29500019468
2276.87489381822
2275.16269071969
2215.99177990142
2231.22538741479
2087.66634420967
2234.13223777160
2108.20351293061
2235.58100932131
2150.54362279603
2169.84658780984
2079.69893210973
2150.64395413142
2142.87723314298
2320.42186593521
2013.97272203599
2033.61283329231
2252.46890349325
2046.45837882423
2134.18656625651
2087.48502421584
2156.05435627507
2155.63337833254
2155.84474782661
2329.51628754911
2318.02763432315
2199.14445036523
2218.21250327276
2098.34419409836
2182.23944681902
2347.64698181222
2467.48814603773
2272.40238295114
2236.10168810869
2221.94223345289
2278.20847359568
2132.92141355435
2180.76698916425
2130.49418191746
2235.66079996464
2260.99122181872
2224.57956761121
2218.73462987149
2192.92090152761
2129.21903975404
2420.41839972476
2303.81184573063
2350.03019727830
2221.52029883865
2408.57220942345
2391.61834653878
2308.83597905776
2224.86086165806
2459.26123558185
2253.81301205151
2273.88536059198
2272.19675826121
2448.44439161545
2325.46215264424
2307.20526784708
2417.47722448836
2360.50873185361
2452.67139171283
2427.50708075784
2537.54871525534
2329.72764531468
2306.78207022748
2390.54961499255
2443.02456544582
2369.50681147435
2308.06510048083
2403.72303447211
2427.57511534213
2418.25000112944
2240.80883970511
2304.83123867890
2529.41882746150
2297.73251128072
2359.60571842649
2298.29429169387
2265.77678074675
2328.87345423545
2191.31526444521
2415.07864547946
2147.26650124280
2222.32883671659
2111.75414605495
2200.64845730640
2101.48493126947
2132.26151964485
2097.88409028766
2060.66168826577
2265.76604467877
2175.60767933707
2131.24994465899
2008.19954991456
2045.48871728746
2004.47231971838
2099.03672019133
2197.91198146122
2044.60495513873
1982.26790821732
2217.43586262484
2065.15530639850
2113.30923523604
2169.08001643544
2176.40807084449
2180.51154866522
2108.74892601081
2125.35764945273
2106.19281532861
2099.21067105837
2070.56213424912
2052.17396626964
2108.53215935722
2102.38023330112
2161.47207339214
1996.17517723285
2060.69076036387
2103.23889555245
2047.29301281370
2151.24176974087
2204.76943180228
2017.90957708962
2219.34612465853
2142.64890843202
2171.55790971683
2212.53930565080
2008.28592237580
2029.25303386070
2036.99922553928
2114.28697844643
2118.74092261811
1972.27952383560
1976.46326517447
2037.34234314851
2074.66080963043
2017.82057482932
2103.04864265453
2055.55986729507
2006.75642544492
2213.19488912747
2060.25178481649
2119.46686347797
2091.53049473236
2022.90160933691
1985.09729230970
2093.06092668949
2083.18881513647
2132.44738382717
2063.22900870269
2003.57158982057
2177.57878316064
2046.84661193382
2267.13749211076
2010.27409087864
2184.89593415756
2047.82702624686
2094.22800700451
2108.35464038275
2177.07746879751
2100.50545370582
2310.69777698795
2240.07895740855
2271.57850599655
2327.21111790895
2316.79004198697
2359.28049047064
2081.88299759215
2223.12056391262
2208.75348821896
2340.24664188608
2408.36304274275
2415.18066876615
2361.94203486838
2080.11065889483
2320.62198445515
2283.64156094736
2178.22681379381
2229.38193814101
2383.05118532588
2019.73675387136
2290.70041979988
2337.67472948727
2270.15634966903
2157.49342936962
2470.39954502479
2273.63568406635
2148.00741224491
2160.95444594043
2357.38680257972
2392.52622639236
2275.45820473896
2332.10821229790
2429.72040613848
2418.20463537438
2399.10210858585
2352.42204603994
2407.53535634882
2152.96264470463
2233.70167371500
2301.32333387094
2369.91877143461
2306.22977926722
2295.61297949588
2104.19002053607
2441.33909683639
2191.86662745855
2455.23055909843
2316.00674216306
2409.89348438776
2413.69733711091
2381.50585698252
2358.03210578912
2178.11766861369
2061.84155771062
2268.50761887645
2174.42177633755
2408.34489069383
2242.15166480251
2374.31252103137
2281.50145688887
2395.86093302174
2387.84455887554
2324.31737088123
2226.64181281265
2451.26791666036
2468.20259736077
2270.68404324612
2414.40704653860
2465.49675330992
2359.34162673134
2331.03784266889
2388.47482514064
2128.73700318548
2316.75596129026
2362.30347800235
2202.49444699470
2266.62095046344
2368.49871206258
2187.44899445435
2385.50356123593
2127.11221078875
2292.94161501876
2178.03862848197
2260.77350972724
2118.76788977894
2063.71149559409
2145.03176118332
2163.87371032140
2093.84446541667
2179.28473802379
2139.98610954066
2014.72199046582
2006.98381535943
2131.63275626974
2159.34188320463
2151.96418178951
2142.56017096683
2196.94779694698
2158.73475527060
2122.11508237095
2094.52397188698
2128.93704306173
2144.52416496665
2329.90937385235
2078.11057413952
2188.88782367270
2208.62322325901
2173.96839424491
2102.39024962107
2151.04868001140
2009.21360607586
2102.14114729653
2233.81129346976
2081.36821401091
2221.33594399582
2062.63109228209
2128.06155468334
1949.09543202351
2151.53432540941
2120.57053562460
2090.52019789273
2056.17495987390
2170.80364734517
2206.19850146312
2131.68978019248
2103.53621043889
2165.41736385903
2140.76816283493
2046.20729854492
2144.22780577668
2171.10626782282
2113.87827172843
2027.87948864285
2270.64111812951
2138.51198230001
2025.73317543776
2139.02497308141
2237.34872321446
2176.41193706683
2089.02491818488
2139.59701033043
2073.16228374703
2033.92622275128
2152.22709367019
2046.12504114575
2167.73345521048
2164.92641802673
2249.37663703369
2378.03877081020
2130.35172169658
2050.63926766483
2157.05228039176
2120.93549158333
2181.72550716337
2200.26275062523
2238.43350932929
2078.44915512705
2235.91656292276
2125.78330287556
2129.45697781103
2102.28450220982
2076.82151438885
2134.21330293932
2125.38466824637
2086.05096190137
2217.53765502994