最优解为:1662.029
最优解路径:

Best_route =

  1 至 19 列

     0     0     0     0     0     0     0     0     0     0     0     0     0     0     0     0     0     0     0
    19    20    29    21    22    30     7     8     3     4     0     0     0     0     0     0     0     0     0
     1     5    25    26    11    12     9    10    27    28     0     0     0     0     0     0     0     0     0
    15    16     6    13    14     2    17    18    23    24     0     0     0     0     0     0     0     0     0

  20 至 31 列

     0     0     0     0     0     0     0     0     0     0     0     0
     0     0     0     0     0     0     0     0     0     0     0     0
     0     0     0     0     0     0     0     0     0     0     0     0
     0     0     0     0     0     0     0     0     0     0     0     0

本次运算用时:124.1357秒
算法在第314代时收敛
