最优解为:313.9319
最优解路径:

Best_route =

     0     0     0     0     0     0
     3     1     2     5     4     0

本次运算用时:1.281秒
算法在第2代时收敛

best
313.940997960110
313.931863824064
313.931863824064
313.931863824064
313.931863824064
313.931863824064
313.931863824064
313.931863824064
313.931863824064
313.931863824064
313.931863824064
313.931863824064
313.931863824064
313.931863824064
313.931863824064
313.931863824064
313.931863824064
313.931863824064
313.931863824064
313.931863824064
313.931863824064
313.931863824064
313.931863824064
313.931863824064
313.931863824064
313.931863824064
313.931863824064
313.931863824064
313.931863824064
313.931863824064
313.931863824064
313.931863824064
313.931863824064
313.931863824064
313.931863824064
313.931863824064
313.931863824064
313.931863824064
313.931863824064
313.931863824064
313.931863824064
313.931863824064
313.931863824064
313.931863824064
313.931863824064
313.931863824064
313.931863824064
313.931863824064
313.931863824064
313.931863824064
313.931863824064
313.931863824064
313.931863824064
313.931863824064
313.931863824064
313.931863824064
313.931863824064
313.931863824064
313.931863824064
313.931863824064
313.931863824064
313.931863824064
313.931863824064
313.931863824064
313.931863824064
313.931863824064
313.931863824064
313.931863824064
313.931863824064
313.931863824064
313.931863824064
313.931863824064
313.931863824064
313.931863824064
313.931863824064
313.931863824064
313.931863824064
313.931863824064
313.931863824064
313.931863824064
313.931863824064
313.931863824064
313.931863824064
313.931863824064
313.931863824064
313.931863824064
313.931863824064
313.931863824064
313.931863824064
313.931863824064
313.931863824064
313.931863824064
313.931863824064
313.931863824064
313.931863824064
313.931863824064
313.931863824064
313.931863824064
313.931863824064
313.931863824064

ave
332.886466550504
316.098460827798
331.942812638932
315.946004762914
330.240484072665
314.556758756773
330.189277773467
315.020590352216
315.012027066152
314.602428732190
329.947377248408
315.521928414573
344.982687773346
314.297265923080
314.197409403252
315.308779434133
314.099257325702
344.197866110054
329.308390535283
329.350689391021
315.428388904989
315.298638787534
329.341565778090
314.341565778090
314.197409403252
314.152689722985
329.439528732190
314.197409403252
314.402068956099
313.931863824064
313.931863824064
314.607111357278
328.827158389065
344.044043912098
313.986620530867
313.931863824064
313.931863824064
313.931863824064
313.931863824064
328.931863824064
313.931863824064
313.931863824064
313.931863824064
313.932320530867
313.931863824064
313.931863824064
313.931863824064
313.931863824064
313.931863824064
313.931863824064
313.931863824064
329.044043912098
328.827158389065
313.931863824064
313.931863824064
313.931863824064
313.931863824064
313.931863824064
313.931863824064
313.932320530867
328.827158389065
313.931863824064
313.931863824064
313.931863824064
313.931863824064
313.931863824064
313.931863824064
313.931863824064
313.931863824064
328.827158389065
313.931863824064
313.931863824064
313.931863824064
313.931863824064
313.931863824064
313.931863824064
313.931863824064
313.931863824064
313.931863824064
313.931863824064
328.931863824064
328.827158389065
313.931863824064
313.931863824064
313.931863824064
313.931863824064
313.931863824064
313.931863824064
313.931863824064
313.931863824064
313.931863824064
313.931863824064
313.931863824064
313.931863824064
313.931863824064
328.931863824064
328.931863824064
313.931863824064
329.044043912098
313.931863824064