最优解为:322.4197
最优解路径:

Best_route =

     0     0     0     0     0
     2     3     1     4     0

本次运算用时:1.015秒
算法在第1代时收敛

best
322.419698792120
322.419698792120
322.419698792120
322.419698792120
322.419698792120
322.419698792120
322.419698792120
322.419698792120
322.419698792120
322.419698792120
322.419698792120
322.419698792120
322.419698792120
322.419698792120
322.419698792120
322.419698792120
322.419698792120
322.419698792120
322.419698792120
322.419698792120
322.419698792120
322.419698792120
322.419698792120
322.419698792120
322.419698792120
322.419698792120
322.419698792120
322.419698792120
322.419698792120
322.419698792120
322.419698792120
322.419698792120
322.419698792120
322.419698792120
322.419698792120
322.419698792120
322.419698792120
322.419698792120
322.419698792120
322.419698792120
322.419698792120
322.419698792120
322.419698792120
322.419698792120
322.419698792120
322.419698792120
322.419698792120
322.419698792120
322.419698792120
322.419698792120
322.419698792120
322.419698792120
322.419698792120
322.419698792120
322.419698792120
322.419698792120
322.419698792120
322.419698792120
322.419698792120
322.419698792120
322.419698792120
322.419698792120
322.419698792120
322.419698792120
322.419698792120
322.419698792120
322.419698792120
322.419698792120
322.419698792120
322.419698792120
322.419698792120
322.419698792120
322.419698792120
322.419698792120
322.419698792120
322.419698792120
322.419698792120
322.419698792120
322.419698792120
322.419698792120
322.419698792120
322.419698792120
322.419698792120
322.419698792120
322.419698792120
322.419698792120
322.419698792120
322.419698792120
322.419698792120
322.419698792120
322.419698792120
322.419698792120
322.419698792120
322.419698792120
322.419698792120
322.419698792120
322.419698792120
322.419698792120
322.419698792120
322.419698792120

ave
339.712352866899
325.763066914506
325.811586521309
324.443615993361
325.052356957665
340.375933778442
325.133382730718
354.111152147569
325.164851034278
323.427743615627
324.367928278307
324.179052971849
324.728222248894
339.872852885531
338.618547731846
340.202142270373
322.632791791261
322.863213631058
323.652317264561
323.765513287724
323.238868309169
323.603981039687
323.130960397036
338.651245711784
337.556318492602
322.687445558098
322.893188785871
322.419698792120
337.815307433912
322.419698792120
322.419698792120
323.130960397036
337.602214434771
337.602214434771
337.075009376383
337.305431216180
337.602214434771
322.419698792120
337.602214434771
322.419698792120
322.419698792120
322.419698792120
322.419698792120
322.419698792120
322.419698792120
322.419698792120
322.419698792120
322.419698792120
322.419698792120
322.419698792120
322.419698792120
322.419698792120
322.419698792120
322.419698792120
322.419698792120
322.419698792120
322.419698792120
337.602214434771
322.419698792120
322.419698792120
322.419698792120
322.419698792120
322.419698792120
322.419698792120
322.419698792120
322.419698792120
322.419698792120
322.419698792120
322.419698792120
322.419698792120
322.419698792120
322.419698792120
322.419698792120
322.419698792120
337.602214434771
322.419698792120
337.075009376383
322.419698792120
322.419698792120
322.419698792120
322.633261142361
322.419698792120
322.419698792120
322.419698792120
322.632791791261
322.419698792120
322.419698792120
322.419698792120
322.419698792120
322.419698792120
322.419698792120
337.305431216180
322.419698792120
322.419698792120
322.419698792120
322.419698792120
322.419698792120
322.419698792120
322.419698792120
322.419698792120