最优解为:1881.8352
最优解路径:

Best_route =

  1 至 24 列

    12    29     5     4    45    16    22    30     0     0     0     0     0     0     0     0     0     0     0     0     0     0     0     0
    15     2     6    28    25    47    23    14    18     0     0     0     0     0     0     0     0     0     0     0     0     0     0     0
     0     0     0     0     0     0     0     0     0     0     0     0     0     0     0     0     0     0     0     0     0     0     0     0
     0     0     0     0     0     0     0     0     0     0     0     0     0     0     0     0     0     0     0     0     0     0     0     0
     3    44    39    34    37    13    19     9    42     0     0     0     0     0     0     0     0     0     0     0     0     0     0     0
    40     7    46    10    33    36    49    11     0     0     0     0     0     0     0     0     0     0     0     0     0     0     0     0
     0     0     0     0     0     0     0     0     0     0     0     0     0     0     0     0     0     0     0     0     0     0     0     0
    17    20    50    32    38    48    27     8     0     0     0     0     0     0     0     0     0     0     0     0     0     0     0     0
    41    43     1    31    35    26    24    21     0     0     0     0     0     0     0     0     0     0     0     0     0     0     0     0

  25 至 48 列

     0     0     0     0     0     0     0     0     0     0     0     0     0     0     0     0     0     0     0     0     0     0     0     0
     0     0     0     0     0     0     0     0     0     0     0     0     0     0     0     0     0     0     0     0     0     0     0     0
     0     0     0     0     0     0     0     0     0     0     0     0     0     0     0     0     0     0     0     0     0     0     0     0
     0     0     0     0     0     0     0     0     0     0     0     0     0     0     0     0     0     0     0     0     0     0     0     0
     0     0     0     0     0     0     0     0     0     0     0     0     0     0     0     0     0     0     0     0     0     0     0     0
     0     0     0     0     0     0     0     0     0     0     0     0     0     0     0     0     0     0     0     0     0     0     0     0
     0     0     0     0     0     0     0     0     0     0     0     0     0     0     0     0     0     0     0     0     0     0     0     0
     0     0     0     0     0     0     0     0     0     0     0     0     0     0     0     0     0     0     0     0     0     0     0     0
     0     0     0     0     0     0     0     0     0     0     0     0     0     0     0     0     0     0     0     0     0     0     0     0

  49 至 51 列

     0     0     0
     0     0     0
     0     0     0
     0     0     0
     0     0     0
     0     0     0
     0     0     0
     0     0     0
     0     0     0

本次运算用时:313.922秒
算法在第338代时收敛

best
2218.44047055406
1921.37126842384
1921.37126842384
1915.91839108763
1915.91839108763
1915.91839108763
1915.91839108763
1915.45568801907
1915.45568801907
1915.45568801907
1903.86675332119
1903.86675332119
1903.86675332119
1903.86675332119
1903.86675332119
1903.86675332119
1902.75448411980
1902.75448411980
1902.75448411980
1902.75448411980
1902.75448411980
1902.75448411980
1902.75448411980
1902.75448411980
1902.75448411980
1902.75448411980
1902.75448411980
1902.75448411980
1902.75448411980
1898.91999143714
1898.91999143714
1898.91999143714
1898.91999143714
1898.28399662000
1891.03054874897
1891.03054874897
1891.03054874897
1891.03054874897
1891.03054874897
1891.03054874897
1891.03054874897
1891.03054874897
1891.03054874897
1888.74289273624
1888.74289273624
1888.74289273624
1888.74289273624
1888.74289273624
1885.15175076238
1885.15175076238
1885.15175076238
1885.15175076238
1885.15175076238
1885.15175076238
1885.15175076238
1885.15175076238
1885.15175076238
1885.15175076238
1885.15175076238
1885.15175076238
1885.15175076238
1885.15175076238
1885.15175076238
1885.15175076238
1885.15175076238
1885.15175076238
1885.15175076238
1885.15175076238
1885.15175076238
1885.15175076238
1885.15175076238
1885.15175076238
1885.15175076238
1885.15175076238
1885.15175076238
1885.15175076238
1885.15175076238
1885.15175076238
1885.15175076238
1885.15175076238
1885.15175076238
1885.15175076238
1885.15175076238
1885.15175076238
1885.15175076238
1885.15175076238
1885.15175076238
1884.31696897629
1884.31696897629
1884.31696897629
1884.31696897629
1884.31696897629
1884.16874414711
1884.16874414711
1884.16874414711
1883.95113327999
1883.95113327999
1883.95113327999
1883.95113327999
1883.95113327999
1883.23096897629
1883.23096897629
1883.23096897629
1883.23096897629
1883.23096897629
1883.23096897629
1883.23096897629
1883.23096897629
1883.23096897629
1883.23096897629
1883.23096897629
1883.23096897629
1882.41646897629
1882.41646897629
1882.41646897629
1882.41646897629
1882.41646897629
1882.41646897629
1882.41646897629
1882.41646897629
1882.41646897629
1882.41646897629
1882.41646897629
1882.41646897629
1882.41646897629
1882.41646897629
1882.41646897629
1882.41646897629
1882.41646897629
1882.41646897629
1882.41646897629
1882.41646897629
1882.41646897629
1882.41646897629
1882.41646897629
1882.41646897629
1882.41646897629
1882.41646897629
1882.41646897629
1882.41646897629
1882.41646897629
1882.41646897629
1882.41646897629
1882.41646897629
1882.41646897629
1882.41646897629
1882.41646897629
1882.41646897629
1882.41646897629
1882.41646897629
1882.41646897629
1882.41646897629
1882.41646897629
1882.41646897629
1882.41646897629
1882.41646897629
1882.41646897629
1882.41646897629
1882.41646897629
1882.41646897629
1882.41646897629
1882.41646897629
1882.41646897629
1882.41646897629
1882.41646897629
1882.41646897629
1882.41646897629
1882.41646897629
1882.41646897629
1882.41646897629
1882.41646897629
1882.41646897629
1882.41646897629
1882.41646897629
1882.41646897629
1882.41646897629
1882.41646897629
1882.41646897629
1882.41646897629
1882.41646897629
1882.41646897629
1882.41646897629
1882.41646897629
1882.41646897629
1882.41646897629
1882.41646897629
1882.41646897629
1882.41646897629
1882.41646897629
1882.41646897629
1882.41646897629
1882.41646897629
1882.41646897629
1882.41646897629
1882.41646897629
1882.41646897629
1882.41646897629
1882.41646897629
1882.41646897629
1882.41646897629
1882.41646897629
1882.41646897629
1882.41646897629
1882.41646897629
1882.41646897629
1882.41646897629
1882.41646897629
1882.41646897629
1882.41646897629
1882.41646897629
1882.41646897629
1882.41646897629
1882.41646897629
1882.41646897629
1882.41646897629
1882.41646897629
1882.41646897629
1882.41646897629
1882.41646897629
1882.41646897629
1882.41646897629
1882.41646897629
1882.41646897629
1882.41646897629
1882.41646897629
1882.41646897629
1882.41646897629
1882.41646897629
1882.41646897629
1882.41646897629
1882.41646897629
1882.41646897629
1882.41646897629
1882.41646897629
1882.41646897629
1882.41646897629
1882.41646897629
1882.41646897629
1882.41646897629
1882.41646897629
1882.41646897629
1882.41646897629
1882.41646897629
1882.41646897629
1882.41646897629
1882.41646897629
1882.41646897629
1882.41646897629
1882.41646897629
1882.41646897629
1882.41646897629
1882.41646897629
1882.41646897629
1882.41646897629
1882.41646897629
1882.41646897629
1882.41646897629
1882.41646897629
1882.41646897629
1882.41646897629
1882.41646897629
1882.41646897629
1882.41646897629
1882.41646897629
1882.41646897629
1882.41646897629
1882.41646897629
1882.41646897629
1882.41646897629
1882.41646897629
1882.41646897629
1882.41646897629
1882.41646897629
1882.41646897629
1882.41646897629
1882.41646897629
1882.41646897629
1882.41646897629
1882.41646897629
1882.41646897629
1882.41646897629
1882.41646897629
1882.41646897629
1882.41646897629
1882.41646897629
1882.41646897629
1882.41646897629
1882.41646897629
1882.41646897629
1882.11275950705
1882.11275950705
1882.11275950705
1882.11275950705
1882.11275950705
1882.11275950705
1882.11275950705
1882.11275950705
1882.11275950705
1882.11275950705
1882.11275950705
1882.11275950705
1882.11275950705
1882.11275950705
1882.11275950705
1882.11275950705
1882.11275950705
1882.11275950705
1882.11275950705
1882.11275950705
1882.11275950705
1882.11275950705
1882.11275950705
1882.11275950705
1882.11275950705
1882.11275950705
1882.11275950705
1882.11275950705
1882.11275950705
1882.11275950705
1882.11275950705
1882.11275950705
1882.11275950705
1882.11275950705
1882.11275950705
1882.11275950705
1882.11275950705
1882.11275950705
1882.11275950705
1882.11275950705
1882.11275950705
1882.11275950705
1882.11275950705
1882.11275950705
1882.11275950705
1882.11275950705
1882.11275950705
1882.11275950705
1881.83517122236
1881.83517122236
1881.83517122236
1881.83517122236
1881.83517122236
1881.83517122236
1881.83517122236
1881.83517122236
1881.83517122236
1881.83517122236
1881.83517122236
1881.83517122236
1881.83517122236
1881.83517122236
1881.83517122236
1881.83517122236
1881.83517122236
1881.83517122236
1881.83517122236
1881.83517122236
1881.83517122236
1881.83517122236
1881.83517122236
1881.83517122236
1881.83517122236
1881.83517122236
1881.83517122236
1881.83517122236
1881.83517122236
1881.83517122236
1881.83517122236
1881.83517122236
1881.83517122236
1881.83517122236
1881.83517122236
1881.83517122236
1881.83517122236
1881.83517122236
1881.83517122236
1881.83517122236
1881.83517122236
1881.83517122236
1881.83517122236
1881.83517122236
1881.83517122236
1881.83517122236
1881.83517122236
1881.83517122236
1881.83517122236
1881.83517122236
1881.83517122236
1881.83517122236
1881.83517122236
1881.83517122236
1881.83517122236
1881.83517122236
1881.83517122236
1881.83517122236
1881.83517122236
1881.83517122236
1881.83517122236
1881.83517122236
1881.83517122236
1881.83517122236
1881.83517122236
1881.83517122236
1881.83517122236
1881.83517122236
1881.83517122236
1881.83517122236
1881.83517122236
1881.83517122236
1881.83517122236
1881.83517122236
1881.83517122236
1881.83517122236
1881.83517122236
1881.83517122236
1881.83517122236
1881.83517122236
1881.83517122236
1881.83517122236
1881.83517122236
1881.83517122236
1881.83517122236
1881.83517122236
1881.83517122236
1881.83517122236
1881.83517122236
1881.83517122236
1881.83517122236
1881.83517122236
1881.83517122236
1881.83517122236
1881.83517122236
1881.83517122236
1881.83517122236
1881.83517122236
1881.83517122236
1881.83517122236
1881.83517122236
1881.83517122236
1881.83517122236
1881.83517122236
1881.83517122236
1881.83517122236
1881.83517122236
1881.83517122236
1881.83517122236
1881.83517122236
1881.83517122236
1881.83517122236
1881.83517122236
1881.83517122236
1881.83517122236
1881.83517122236
1881.83517122236
1881.83517122236
1881.83517122236
1881.83517122236
1881.83517122236
1881.83517122236
1881.83517122236
1881.83517122236
1881.83517122236
1881.83517122236
1881.83517122236
1881.83517122236
1881.83517122236
1881.83517122236
1881.83517122236
1881.83517122236
1881.83517122236
1881.83517122236
1881.83517122236
1881.83517122236
1881.83517122236
1881.83517122236
1881.83517122236
1881.83517122236
1881.83517122236
1881.83517122236
1881.83517122236
1881.83517122236
1881.83517122236
1881.83517122236
1881.83517122236
1881.83517122236
1881.83517122236
1881.83517122236
1881.83517122236
1881.83517122236
1881.83517122236
1881.83517122236
1881.83517122236
1881.83517122236
1881.83517122236
1881.83517122236
1881.83517122236
1881.83517122236
1881.83517122236
1881.83517122236
1881.83517122236

ave
2273.30869392567
2236.48790559593
2261.32883370044
2247.52552800875
2245.06370086880
2248.94484615849
2234.41194126396
2244.18386548117
2245.79110570200
2259.75965165591
2226.47491698663
2239.24520842909
2223.79250221053
2208.91885748394
2210.72031517621
2206.85587046718
2188.62550379923
2189.06580558800
2248.58591441457
2170.82123279096
2158.67367142454
2166.80190588277
2187.78560811037
2184.82497917071
2162.75359137757
2149.59073066055
2163.25515540710
2208.72273324629
2175.43564130935
2161.62434694345
2174.08993066496
2149.04159671871
2234.50594554826
2142.24554667946
2154.12982276525
2142.51426179973
2217.51930239092
2214.44025913862
2243.53426731375
2135.12160145623
2106.94344284540
2073.21176811082
2135.85606477648
2074.17477963116
2103.09619173077
2151.67244371381
2009.40902388244
2097.55540313942
2065.74730029120
2067.25524782114
2024.29510437051
2081.47115163630
2078.88474808900
2037.55017131234
2081.29130513925
1987.75811618522
2018.03819866578
1963.52055567956
1987.27607872611
2005.52945852317
2016.31226478469
2000.28149562230
2031.20345799057
2003.29661793175
2003.55299953694
2014.91851168288
1956.74784106051
1971.32791271126
1998.87386391706
1969.95817720374
2015.83138528267
2030.67769884276
1939.12177735632
2020.53061304577
1986.56674908387
1984.93883110366
1938.50655214598
1989.23952299644
1940.09559149327
2029.87887493802
1972.98452691953
2033.19978516175
2012.56468682424
2074.27492877481
2045.60132723396
2027.95792232516
2014.44023545469
2014.18738382098
2030.75796359536
1955.31484902805
1997.75163724789
2058.89561134509
1952.52921262201
2071.60573162721
1969.52295289208
2045.60396500270
2056.20195321265
2024.43766220944
2102.04506586874
1920.96327722801
2055.99012032051
2013.03592525848
1983.76533698117
1952.42988562004
1978.76986329959
1997.56649019226
1933.68218899749
1995.73668033013
1950.62118795491
1936.00759764910
1994.63425073320
1948.61493967785
1966.98098316792
1936.21793656729
1952.64039923959
1922.32898449740
1933.86862150331
1903.84108752229
1950.78971780243
1980.17130885131
1901.75331119656
1939.44057850111
1949.78221753231
1950.04313655084
1920.95045032204
1920.60152892601
1903.91462760649
1953.10935641188
1933.71161510404
1889.64675795730
1981.03856363848
1936.19352907470
1907.62183773809
1924.65307447707
1921.03038457812
1952.80360966773
1919.23582386357
1919.64836871799
1934.62681464710
1964.31991536383
1952.21963619829
1936.23558958323
1908.62579219984
1888.52453641512
1920.31466982090
1905.87943206569
1936.67305264650
1920.97498347095
1920.86603071545
1964.27608121066
1908.38162429090
1904.77000764639
1902.17052538359
1890.55810834127
1951.55424309380
1901.75736051188
1920.02838645528
1938.78240602414
1938.52117577695
1953.01759507178
1938.26809170518
1935.70260375314
1983.55694588380
1951.86955925214
1923.44512969858
1922.01413406392
1920.30934055581
1888.32199207225
1921.66062192398
1936.28221677403
1934.96002917227
1920.71315631387
1932.57351261309
1918.19593895050
1967.17478991760
1920.73430641512
1949.33645888248
1948.40330239777
1937.53686448763
1923.93387261874
1936.09282725965
1919.49664487758
1937.15450718001
1932.98462284526
1967.91897396940
1935.81284546263
1935.19839679323
1981.41344396227
1965.69626472393
1935.24298626652
1981.26918154433
1920.90384980266
1950.73998657659
1949.67473337366
1905.28014194568
1920.19086375292
1903.31466404605
1919.21666624560
1937.45153047971
1934.47341736418
1965.69190189040
1904.42074117597
1950.45507955061
1948.57632170936
1950.88741091477
1903.28443296233
1920.28474779979
1966.31284410944
1903.89911692191
2011.18786498946
1952.01993363684
1917.58694664752
1906.44574002496
1920.32071867575
1919.22753080230
1890.62741023118
1902.49206107767
1918.24409275500
1886.81948671679
1935.27525431577
1934.75676046345
1902.74383761157
1953.32201833148
1949.71264984947
1917.29548199091
1900.54425543211
1933.91335288690
1902.13816781692
1916.84388924042
1967.22667353160
1964.21215174362
1916.75795118590
1938.56049803752
1948.96056701970
1920.66028139309
1935.81360718211
1918.92371153860
1920.90693323799
1950.05730978352
1933.05975528588
1934.20031089616
1935.26384601770
1950.52693124141
1947.80983473885
1981.03384053142
1950.79829895530
1931.28830532956
1979.24564728256
1981.17875137950
1936.67006232561
1938.47907428801
1950.05909701119
1904.75025320170
1930.90376094407
1966.68267418944
1919.68572119712
1932.51661616491
1888.10022361021
1932.88387145897
1950.96909872819
1934.54996964090
1950.40740421345
1950.22215977869
1951.51331945579
1886.01439211653
1933.67783639335
1901.62470061664
1951.24286782988
1948.72502927814
1965.16597827482
1948.55653000887
1965.44654205974
1996.16376091309
1934.58576892364
1932.78424710526
1905.19007035165
1919.44808796119
1917.77672797261
1888.81903120562
1946.64153004110
1950.79728062311
1934.68758402643
1949.33549781803
1921.60082778291
1917.95537503197
1948.56603712950
1950.30361249601
1936.39067530184
1935.72331606298
1933.71771136477
1968.25659664187
1979.30042871320
1968.90981166749
1930.20654166531
1997.72446504315
1919.30997491223
1961.86279143085
1949.08377516096
1916.06579024162
1950.09325316681
1886.83245879761
1965.45460360669
1963.78709903112
1996.20716797403
1919.29309540067
1917.52566513141
1934.17307118057
1919.99323281126
1950.38469948216
1902.12770209995
1903.32660314869
1982.80112163096
1917.46631742500
1936.87814117943
1934.03203047101
1917.45440748480
1923.22645850310
1930.78969460344
1948.25817781076
1934.24498891249
1914.95832344380
1935.29600741086
1934.82479334017
1907.69235016431
1949.86506556222
1952.00071439901
1918.74138924066
1887.54519894090
1934.37175875304
1935.55528257843
1948.66272000005
1902.92074255171
1918.85069669266
2039.13267640092
1932.54786165723
1965.19705691562
1965.24764109774
1917.91708870549
1930.84732597191
1935.20254842151
1921.44151851884
1932.51478506837
1981.71554677449
1902.03895714042
1952.96714718750
1981.59999161442
1914.23751205255
1902.91088678316
1949.83684557431
1902.83133069442
1904.41693822284
1922.21421002917
1935.39966273272
1965.77339901165
1935.25187378442
1934.67710610966
1929.23313742964
1948.31593685987
1920.02815282536
1932.84355845724
1918.33698313359
1948.90508982979
1916.63970136422
1961.42153857939
1935.30586961098
1935.41631765139
1935.07805434858
1950.02352164286
1962.45465870724
1985.65011005985
1963.26210072478
1949.13826290198
1917.29027102537
1918.06909523917
1936.96738065211
1931.24641190201
1946.92810326812
1980.12085417080
1964.51853480235
1920.00574484021
1978.31185233276
2010.91615684464
1932.67500212725
1902.25288745108
1922.06529651124
1900.24469270798
1994.08379504391
1922.05623544409
1932.96551649197
1982.21236213431
1917.93988953599
1919.48012482661
1994.03647814924
1994.35738585229
1919.29797102027
1886.17510768525
1932.18218687096
1963.47833402007
1947.67788188981
1951.41608274023
1933.15449036875
1934.05551373260
1950.77442025458
1965.36398893034
1934.15883354992
1969.06990496026
1902.38384155761
1918.36284119773
1937.61525266474
1965.26386910965
1935.74273413312
1965.33622727652
1948.38018844957
1945.96224387857
1960.34371357993
1919.11202034462
1920.01463088241
1902.39071998020
1980.10090800046
1918.04313307173
1966.20779764459
1917.76514457752
1933.85853785261
1966.45424633235
1931.36831967748
1915.86720047685
1967.72589240174
1962.34050519244
1935.59589871556
1937.33377806304
1982.41523629866
1966.33244769365
1932.64050778356
1933.11710239757
1914.63248360771
1917.89236716331
1994.50273699758
1965.15512364816
1932.39175481464
1948.63620652119
1964.74237291206
1936.12264312732
1932.60269302764
1903.74960964678
1948.64683564580
1949.62434825143
1935.35668205881
1932.03931917871
1935.27625029234
1917.37048993209
1917.33181002190
1918.40669434646
1888.05661854925
1935.70458436461
1887.65021172239
1885.25712264046
1949.33962574238
1899.64310936536
1917.72871572682
1951.53789435630
1932.56072374247
1931.38470911743
1918.77167076575
1934.20897214222
1936.45435819674
1887.49435451693
1980.23260775574
1903.35579295407
1886.29893523186
1901.31982629426
1915.02026080375
1966.55274613475
1949.43161057777
1918.53746677448
1930.74099868264
1950.11610180869
1918.75670292504
1901.21707686680
1949.65873355011
1920.80458096809
1920.76056808834
1998.95623753244
1963.63234604640
1886.26685229621
1919.35750757667
1919.23217122792
1933.52603337735
1917.12870854220
1950.19177566207
1949.98218868572
1950.24295750502
1935.68834718970
1949.31265701626
1980.78171399588
1905.52546013466
1903.16712407257
1904.88633652434
1931.85018475004
1999.56284078766
1950.74192292096