最优解为:315.6224
最优解路径:

Best_route =

     0     0     0     0     0     0     0     0     0
     1     7     2     6     5     8     4     3     0

本次运算用时:4.439秒
算法在第2代时收敛

best
316.642796387291
315.622424284760
315.622424284760
315.622424284760
315.622424284760
315.622424284760
315.622424284760
315.622424284760
315.622424284760
315.622424284760
315.622424284760
315.622424284760
315.622424284760
315.622424284760
315.622424284760
315.622424284760
315.622424284760
315.622424284760
315.622424284760
315.622424284760
315.622424284760
315.622424284760
315.622424284760
315.622424284760
315.622424284760
315.622424284760
315.622424284760
315.622424284760
315.622424284760
315.622424284760
315.622424284760
315.622424284760
315.622424284760
315.622424284760
315.622424284760
315.622424284760
315.622424284760
315.622424284760
315.622424284760
315.622424284760
315.622424284760
315.622424284760
315.622424284760
315.622424284760
315.622424284760
315.622424284760
315.622424284760
315.622424284760
315.622424284760
315.622424284760
315.622424284760
315.622424284760
315.622424284760
315.622424284760
315.622424284760
315.622424284760
315.622424284760
315.622424284760
315.622424284760
315.622424284760
315.622424284760
315.622424284760
315.622424284760
315.622424284760
315.622424284760
315.622424284760
315.622424284760
315.622424284760
315.622424284760
315.622424284760
315.622424284760
315.622424284760
315.622424284760
315.622424284760
315.622424284760
315.622424284760
315.622424284760
315.622424284760
315.622424284760
315.622424284760
315.622424284760
315.622424284760
315.622424284760
315.622424284760
315.622424284760
315.622424284760
315.622424284760
315.622424284760
315.622424284760
315.622424284760
315.622424284760
315.622424284760
315.622424284760
315.622424284760
315.622424284760
315.622424284760
315.622424284760
315.622424284760
315.622424284760
315.622424284760
315.622424284760
315.622424284760
315.622424284760
315.622424284760
315.622424284760
315.622424284760
315.622424284760
315.622424284760
315.622424284760
315.622424284760
315.622424284760
315.622424284760
315.622424284760
315.622424284760
315.622424284760
315.622424284760
315.622424284760
315.622424284760
315.622424284760
315.622424284760
315.622424284760
315.622424284760
315.622424284760
315.622424284760
315.622424284760
315.622424284760
315.622424284760
315.622424284760
315.622424284760
315.622424284760
315.622424284760
315.622424284760
315.622424284760
315.622424284760
315.622424284760
315.622424284760
315.622424284760
315.622424284760
315.622424284760
315.622424284760
315.622424284760
315.622424284760
315.622424284760
315.622424284760
315.622424284760
315.622424284760
315.622424284760
315.622424284760
315.622424284760
315.622424284760
315.622424284760
315.622424284760
315.622424284760
315.622424284760
315.622424284760
315.622424284760
315.622424284760
315.622424284760
315.622424284760
315.622424284760
315.622424284760
315.622424284760
315.622424284760
315.622424284760
315.622424284760
315.622424284760
315.622424284760
315.622424284760
315.622424284760
315.622424284760
315.622424284760
315.622424284760
315.622424284760
315.622424284760
315.622424284760
315.622424284760
315.622424284760
315.622424284760
315.622424284760
315.622424284760
315.622424284760
315.622424284760
315.622424284760
315.622424284760
315.622424284760
315.622424284760
315.622424284760
315.622424284760
315.622424284760
315.622424284760
315.622424284760
315.622424284760
315.622424284760
315.622424284760
315.622424284760
315.622424284760
315.622424284760
315.622424284760
315.622424284760
315.622424284760

ave
408.566263707348
364.497343540242
352.921654812611
351.534347901240
361.758949097298
322.835947741056
352.157510839073
321.656796169826
330.764519768657
351.929188542267
328.205631946797
338.851198265369
349.826242860402
338.573504958505
356.824147419413
369.313170903624
327.656789505506
338.007973974268
338.112530508169
357.402310335915
328.368519706621
328.086713875167
347.281165000543
327.878098490314
336.161931730514
337.157617833529
317.432617617043
326.159544617775
317.212385601820
336.179208944794
325.768328187554
315.979838846304
316.332351721972
316.002105909041
335.692985284674
345.772188281976
325.948550339685
315.622424284760
325.692985284674
315.790978170778
326.109786129658
325.852615459749
326.254053853758
315.777587504972
315.622424284760
315.833552023023
325.701627282063
315.898652396864
315.622424284760
316.274228000500
315.622424284760
315.622424284760
315.622424284760
315.622424284760
315.622424284760
315.622424284760
315.669598330783
316.185514242699
325.692985284674
315.622424284760
315.622424284760
315.622424284760
315.622424284760
315.622424284760
315.622424284760
315.622424284760
315.622424284760
315.622424284760
315.622424284760
315.622424284760
315.622424284760
315.622424284760
315.622424284760
315.656436688178
315.622424284760
315.622424284760
315.622424284760
315.622424284760
315.898652396864
315.622424284760
326.663583628900
325.622424284760
315.622424284760
315.622424284760
315.622424284760
315.622424284760
315.622424284760
315.622424284760
315.622424284760
315.622424284760
315.754619226148
315.622424284760
316.075773726240
315.622424284760
315.622424284760
326.154976723543
315.703610734201
315.622424284760
315.622424284760
315.622424284760
315.622424284760
325.701627282063
325.701627282063
315.622424284760
315.622424284760
335.701627282063
315.622424284760
315.622424284760
325.692985284674
325.790978170778
315.622424284760
315.622424284760
315.963365846204
326.042568843506
315.622424284760
315.754619226148
325.969213396778
315.656436688178
325.692985284674
315.622424284760
315.622424284760
315.622424284760
325.622424284760
315.622424284760
315.622424284760
315.622424284760
315.727611042661
315.622424284760
315.898652396864
325.969213396778
325.622424284760
315.622424284760
315.622424284760
315.622424284760
315.622424284760
315.622424284760
315.622424284760
315.622424284760
315.622424284760
315.622424284760
315.622424284760
325.701627282063
315.622424284760
315.898652396864
315.622424284760
315.622424284760
315.622424284760
315.622424284760
315.622424284760
316.021378558082
315.622424284760
315.622424284760
315.622424284760
315.622424284760
315.790978170778
315.622424284760
316.021378558082
316.297606670185
315.656436688178
315.622424284760
315.622424284760
315.669598330783
315.622424284760
325.692985284674
315.622424284760
315.622424284760
315.669598330783
325.495200898205
315.622424284760
325.692985284674
315.790978170778
315.622424284760
315.622424284760
315.622424284760
315.622424284760
325.636884180211
315.622424284760
315.622424284760
315.622424284760
315.622424284760
336.333541912112
315.622424284760
325.701627282063
315.898652396864
315.656436688178
315.622424284760
335.692985284674
315.622424284760
315.622424284760
315.856430192299
315.622424284760
325.656436688178
315.622424284760
325.636884180211
315.622424284760
315.622424284760
316.184713128534
315.622424284760
335.940742167994
335.636884180211