最优解为:336.3032
最优解路径:

Best_route =

     0     0     0     0     0     0
     2     4     5     1     3     0

本次运算用时:1.39秒
算法在第2代时收敛

best
336.547158376264
336.303202270965
336.303202270965
336.303202270965
336.303202270965
336.303202270965
336.303202270965
336.303202270965
336.303202270965
336.303202270965
336.303202270965
336.303202270965
336.303202270965
336.303202270965
336.303202270965
336.303202270965
336.303202270965
336.303202270965
336.303202270965
336.303202270965
336.303202270965
336.303202270965
336.303202270965
336.303202270965
336.303202270965
336.303202270965
336.303202270965
336.303202270965
336.303202270965
336.303202270965
336.303202270965
336.303202270965
336.303202270965
336.303202270965
336.303202270965
336.303202270965
336.303202270965
336.303202270965
336.303202270965
336.303202270965
336.303202270965
336.303202270965
336.303202270965
336.303202270965
336.303202270965
336.303202270965
336.303202270965
336.303202270965
336.303202270965
336.303202270965
336.303202270965
336.303202270965
336.303202270965
336.303202270965
336.303202270965
336.303202270965
336.303202270965
336.303202270965
336.303202270965
336.303202270965
336.303202270965
336.303202270965
336.303202270965
336.303202270965
336.303202270965
336.303202270965
336.303202270965
336.303202270965
336.303202270965
336.303202270965
336.303202270965
336.303202270965
336.303202270965
336.303202270965
336.303202270965
336.303202270965
336.303202270965
336.303202270965
336.303202270965
336.303202270965
336.303202270965
336.303202270965
336.303202270965
336.303202270965
336.303202270965
336.303202270965
336.303202270965
336.303202270965
336.303202270965
336.303202270965
336.303202270965
336.303202270965
336.303202270965
336.303202270965
336.303202270965
336.303202270965
336.303202270965
336.303202270965
336.303202270965
336.303202270965

ave
358.854319346826
341.211763625297
357.816760428295
356.120087775542
355.372573351137
356.382574275398
353.691813663269
355.313781837173
354.912895748054
339.129487886022
343.196160556356
354.312995049534
354.314094491232
367.805296189791
340.101525753739
339.370316666215
382.849004594715
339.483701089291
367.072250745396
367.037782288117
337.666642567602
337.754924272491
366.625134238408
337.946647324126
351.785178812866
366.725506564316
336.303202270965
396.973596989469
351.186835902175
351.334148083315
351.776102838104
336.721489791727
351.889335854055
351.293320728982
351.149320040896
336.303202270965
366.165294942670
336.303202270965
336.303202270965
336.303202270965
336.303202270965
351.272585336698
336.303202270965
336.303202270965
336.303202270965
367.137616226283
336.303202270965
336.303202270965
336.303202270965
336.303202270965
336.303202270965
336.303202270965
336.303202270965
336.303202270965
336.303202270965
351.186835902175
336.303202270965
336.303202270965
336.303202270965
336.303202270965
336.820258560280
336.303202270965
336.303202270965
336.303202270965
336.303202270965
336.303202270965
336.303202270965
336.303202270965
336.303202270965
336.303202270965
336.303202270965
336.303202270965
336.303202270965
336.303202270965
336.303202270965
336.303202270965
336.303202270965
336.303202270965
351.195911876937
336.303202270965
336.303202270965
336.303202270965
336.303202270965
336.303202270965
351.272585336698
336.303202270965
336.303202270965
336.303202270965
336.795060354849
336.303202270965
336.303202270965
336.303202270965
336.303202270965
336.303202270965
336.303202270965
336.303202270965
336.303202270965
336.303202270965
336.303202270965
336.303202270965