最优解为:358.1595
最优解路径:

Best_route =

     0     0     0     0     0     0     0     0     0     0     0
     1     3     7     4     9     2     8     5    10     6     0

本次运算用时:2.828秒
算法在第1代时收敛

best
358.159487009671
358.159487009671
358.159487009671
358.159487009671
358.159487009671
358.159487009671
358.159487009671
358.159487009671
358.159487009671
358.159487009671
358.159487009671
358.159487009671
358.159487009671
358.159487009671
358.159487009671
358.159487009671
358.159487009671
358.159487009671
358.159487009671
358.159487009671
358.159487009671
358.159487009671
358.159487009671
358.159487009671
358.159487009671
358.159487009671
358.159487009671
358.159487009671
358.159487009671
358.159487009671
358.159487009671
358.159487009671
358.159487009671
358.159487009671
358.159487009671
358.159487009671
358.159487009671
358.159487009671
358.159487009671
358.159487009671
358.159487009671
358.159487009671
358.159487009671
358.159487009671
358.159487009671
358.159487009671
358.159487009671
358.159487009671
358.159487009671
358.159487009671
358.159487009671
358.159487009671
358.159487009671
358.159487009671
358.159487009671
358.159487009671
358.159487009671
358.159487009671
358.159487009671
358.159487009671
358.159487009671
358.159487009671
358.159487009671
358.159487009671
358.159487009671
358.159487009671
358.159487009671
358.159487009671
358.159487009671
358.159487009671
358.159487009671
358.159487009671
358.159487009671
358.159487009671
358.159487009671
358.159487009671
358.159487009671
358.159487009671
358.159487009671
358.159487009671
358.159487009671
358.159487009671
358.159487009671
358.159487009671
358.159487009671
358.159487009671
358.159487009671
358.159487009671
358.159487009671
358.159487009671
358.159487009671
358.159487009671
358.159487009671
358.159487009671
358.159487009671
358.159487009671
358.159487009671
358.159487009671
358.159487009671
358.159487009671

ave
358.159487009671
358.159487009671
358.159487009671
358.159487009671
358.159487009671
358.159487009671
358.159487009671
358.159487009671
358.159487009671
358.159487009671
358.159487009671
358.159487009671
358.159487009671
358.159487009671
358.159487009671
358.159487009671
358.159487009671
358.159487009671
358.159487009671
358.159487009671
358.159487009671
358.159487009671
358.159487009671
358.159487009671
358.159487009671
358.159487009671
358.159487009671
358.159487009671
358.159487009671
358.159487009671
358.159487009671
358.159487009671
358.159487009671
358.159487009671
358.159487009671
358.159487009671
358.159487009671
358.159487009671
358.159487009671
358.159487009671
358.159487009671
358.159487009671
358.159487009671
358.159487009671
358.159487009671
358.159487009671
358.159487009671
358.159487009671
358.159487009671
358.159487009671
358.159487009671
358.159487009671
358.159487009671
358.159487009671
358.159487009671
358.159487009671
358.159487009671
358.159487009671
358.159487009671
358.159487009671
358.159487009671
358.159487009671
358.159487009671
358.159487009671
358.159487009671
358.159487009671
358.159487009671
358.159487009671
358.159487009671
358.159487009671
358.159487009671
358.159487009671
358.159487009671
358.159487009671
358.159487009671
358.159487009671
358.159487009671
358.159487009671
358.159487009671
358.159487009671
358.159487009671
358.159487009671
358.159487009671
358.159487009671
358.159487009671
358.159487009671
358.159487009671
358.159487009671
358.159487009671
358.159487009671
358.159487009671
358.159487009671
358.159487009671
358.159487009671
358.159487009671
358.159487009671
358.159487009671
358.159487009671
358.159487009671
358.159487009671