实验环境：
VeiNum = 2
Q_ant = 70
AntNum = 25 
iter_max = 100

cus：
40	50
40	50
40	50
75	55
60	55
22	75
63	58
50	30

task：
2	4	1	0	1
4	3	2	1	0
2	5	1	0	1
5	3	2	3	0
2	6	1	0	1
6	3	2	5	0
3	7	3	0	1
7	2	4	7	0
3	8	3	0	1
8	2	4	9	0

抽取的客户节点编号为

Cus_select =

    82    90    13    89    61

各任务对应的的客户节点编号为

Task_Cus =

    82    90    13    89    61


Task_size: 10

vNum:2

Tasktime:
0
1.55055014314985
0.166666666666667
1.18205486986887
0.166666666666667
1.43681275670413
0.166666666666667
0.166666666666667
1.27545644976096
0.166666666666667
1.22568366104161

Linktime:
0	0	0.883883476483184	0	0.515388203202208	0	0.770146090037468	1.10878978309430	0.608789783094296	1.05901699437495	0.559016994374948
0.883883476483184	1.05055014314985	0	1.05055014314985	15	1.05055014314985	56.6480361530742	2.15933992624415	0.309232921921325	2.10956713752480	0.883883476483184
1.38388347648318	1.38388347648318	2.43443361963304	1.38388347648318	2.06593834635206	1.38388347648318	2.32069623318732	0.309232921921325	2.15933992624415	0.883883476483184	2.10956713752480
0.515388203202208	0.682054869868874	15	0.682054869868874	0	0.682054869868874	42.9418211071678	1.79084465296317	0.106066017177982	1.74107186424382	0.673145600891813
1.01538820320221	1.01538820320221	2.06593834635206	1.01538820320221	1.69744307307108	1.01538820320221	1.95220095990634	0.106066017177982	1.79084465296317	0.673145600891813	1.74107186424382
0.770146090037468	0.936812756704135	56.6480361530742	0.936812756704135	42.9418211071678	0.936812756704135	0	2.04560253979843	1.10961705105861	1.99582975107908	1.32500000000000
1.27014609003747	1.27014609003747	2.32069623318732	1.27014609003747	1.95220095990634	1.27014609003747	2.20695884674160	1.10961705105861	2.04560253979843	1.32500000000000	1.99582975107908
0.608789783094296	0.775456449760963	0.309232921921325	0.775456449760963	0.106066017177982	0.775456449760963	1.10961705105861	1.88424623285526	0	1.83447344413591	0.771767452021657
0	0	1.05055014314985	0	0.682054869868874	0	0.936812756704135	1.10878978309430	0.775456449760963	1.05901699437495	0.725683661041614
0.559016994374948	0.725683661041614	0.883883476483184	0.725683661041614	0.673145600891813	0.725683661041614	1.32500000000000	1.83447344413591	0.771767452021657	1.78470065541656	0
0	0	1.05055014314985	0	0.682054869868874	0	0.936812756704135	1.10878978309430	0.775456449760963	1.05901699437495	0.725683661041614



linktime（task1）
0	0	0	0	0.608789783094296	0.559016994374948
0.883883476483184	1.05055014314985	1.05055014314985	1.05055014314985	0.309232921921325	0.883883476483184
0.515388203202208	0.682054869868874	0.682054869868874	0.682054869868874	0.106066017177982	0.673145600891813
0.770146090037468	0.936812756704135	0.936812756704135	0.936812756704135	1.10961705105861	1.32500000000000
0	0	0	0	0.775456449760963	0.725683661041614
0	0	0	0	0.775456449760963	0.725683661041614

linktime（task2）
0	0.883883476483184	0.515388203202208	0.770146090037468	1.10878978309430	1.05901699437495
1.38388347648318	2.43443361963304	2.06593834635206	2.32069623318732	0.309232921921325	0.883883476483184
1.01538820320221	2.06593834635206	1.69744307307108	1.95220095990634	0.106066017177982	0.673145600891813
1.27014609003747	2.32069623318732	1.95220095990634	2.20695884674160	1.10961705105861	1.32500000000000
0.608789783094296	0.309232921921325	0.106066017177982	1.10961705105861	1.88424623285526	1.83447344413591
0.559016994374948	0.883883476483184	0.673145600891813	1.32500000000000	1.83447344413591	1.78470065541656

tasktime（1）
0
1.55055014314985
1.18205486986887
1.43681275670413
1.27545644976096
1.22568366104161


tasktime（2）
0
0.166666666666667
0.166666666666667
0.166666666666667
0.166666666666667
0.166666666666667