最优解为:2409.5164
最优解路径:

Best_route =

  1 至 24 列

    23    24    17    18    15    16    19    20     9    10     0     0     0     0     0     0     0     0     0     0     0     0     0     0
    11    12    21    22    29    30    13    14     5     6     0     0     0     0     0     0     0     0     0     0     0     0     0     0
     0     0     0     0     0     0     0     0     0     0     0     0     0     0     0     0     0     0     0     0     0     0     0     0
    39    40     3     4     1     2    25    26    37    38     0     0     0     0     0     0     0     0     0     0     0     0     0     0
     7     8    27    28    35    36    31    32    33    34     0     0     0     0     0     0     0     0     0     0     0     0     0     0

  25 至 41 列

     0     0     0     0     0     0     0     0     0     0     0     0     0     0     0     0     0
     0     0     0     0     0     0     0     0     0     0     0     0     0     0     0     0     0
     0     0     0     0     0     0     0     0     0     0     0     0     0     0     0     0     0
     0     0     0     0     0     0     0     0     0     0     0     0     0     0     0     0     0
     0     0     0     0     0     0     0     0     0     0     0     0     0     0     0     0     0

本次运算用时:131.336秒
算法在第145代时收敛

best
2529.55316106272
2411.10198244595
2411.10198244595
2411.10198244595
2411.10198244595
2411.10198244595
2411.10198244595
2411.10198244595
2411.10198244595
2411.10198244595
2411.10198244595
2411.10198244595
2411.10198244595
2411.10198244595
2411.10198244595
2411.10198244595
2411.10198244595
2411.10198244595
2411.10198244595
2411.10198244595
2411.10198244595
2411.10198244595
2411.10198244595
2411.10198244595
2411.10198244595
2411.10198244595
2411.10198244595
2411.10198244595
2411.10198244595
2411.10198244595
2411.10198244595
2411.10198244595
2411.10198244595
2411.10198244595
2411.10198244595
2411.10198244595
2411.10198244595
2411.10198244595
2411.10198244595
2411.10198244595
2411.10198244595
2411.10198244595
2410.45942547368
2410.45942547368
2410.45942547368
2410.45942547368
2410.45942547368
2410.45942547368
2410.45942547368
2410.45942547368
2410.45942547368
2410.45942547368
2410.45942547368
2410.45942547368
2410.45942547368
2410.45942547368
2410.45942547368
2410.45942547368
2410.45942547368
2410.45942547368
2410.45942547368
2410.45942547368
2410.45942547368
2410.45942547368
2410.45942547368
2410.45942547368
2410.45942547368
2410.45942547368
2410.20903743242
2410.20903743242
2410.20903743242
2410.20903743242
2410.20903743242
2410.20903743242
2410.20903743242
2410.20903743242
2410.20903743242
2410.20903743242
2410.20903743242
2410.20903743242
2410.20903743242
2410.20903743242
2410.20903743242
2410.20903743242
2410.20903743242
2410.20903743242
2410.20903743242
2410.20903743242
2410.20903743242
2410.20903743242
2410.20903743242
2410.20903743242
2410.20903743242
2410.20903743242
2410.20903743242
2410.20903743242
2410.20903743242
2410.20903743242
2410.20903743242
2410.20903743242
2410.20903743242
2410.20903743242
2410.20903743242
2410.20903743242
2410.20903743242
2410.20903743242
2410.20903743242
2410.20903743242
2410.20903743242
2410.20903743242
2410.11610932943
2410.11610932943
2410.11610932943
2410.11610932943
2410.11610932943
2409.76678285300
2409.76678285300
2409.76678285300
2409.76678285300
2409.76678285300
2409.71118025337
2409.71118025337
2409.71118025337
2409.71118025337
2409.71118025337
2409.71118025337
2409.71118025337
2409.71118025337
2409.71118025337
2409.71118025337
2409.71118025337
2409.71118025337
2409.71118025337
2409.71118025337
2409.71118025337
2409.71118025337
2409.71118025337
2409.71118025337
2409.71118025337
2409.71118025337
2409.71118025337
2409.71118025337
2409.71118025337
2409.71118025337
2409.51639481174
2409.51639481174
2409.51639481174
2409.51639481174
2409.51639481174
2409.51639481174
2409.51639481174
2409.51639481174
2409.51639481174
2409.51639481174
2409.51639481174
2409.51639481174
2409.51639481174
2409.51639481174
2409.51639481174
2409.51639481174
2409.51639481174
2409.51639481174
2409.51639481174
2409.51639481174
2409.51639481174
2409.51639481174
2409.51639481174
2409.51639481174
2409.51639481174
2409.51639481174
2409.51639481174
2409.51639481174
2409.51639481174
2409.51639481174
2409.51639481174
2409.51639481174
2409.51639481174
2409.51639481174
2409.51639481174
2409.51639481174
2409.51639481174
2409.51639481174
2409.51639481174
2409.51639481174
2409.51639481174
2409.51639481174
2409.51639481174
2409.51639481174
2409.51639481174
2409.51639481174
2409.51639481174
2409.51639481174
2409.51639481174
2409.51639481174
2409.51639481174
2409.51639481174
2409.51639481174
2409.51639481174
2409.51639481174
2409.51639481174
2409.51639481174
2409.51639481174
2409.51639481174
2409.51639481174
2409.51639481174
2409.51639481174
2409.51639481174
2409.51639481174
2409.51639481174
2409.51639481174
2409.51639481174
2409.51639481174
2409.51639481174
2409.51639481174
2409.51639481174
2409.51639481174
2409.51639481174
2409.51639481174
2409.51639481174
2409.51639481174
2409.51639481174
2409.51639481174
2409.51639481174
2409.51639481174
2409.51639481174
2409.51639481174
2409.51639481174
2409.51639481174
2409.51639481174
2409.51639481174
2409.51639481174
2409.51639481174
2409.51639481174
2409.51639481174
2409.51639481174
2409.51639481174
2409.51639481174
2409.51639481174
2409.51639481174
2409.51639481174
2409.51639481174
2409.51639481174
2409.51639481174
2409.51639481174
2409.51639481174
2409.51639481174
2409.51639481174
2409.51639481174
2409.51639481174
2409.51639481174
2409.51639481174
2409.51639481174
2409.51639481174
2409.51639481174
2409.51639481174
2409.51639481174
2409.51639481174
2409.51639481174
2409.51639481174
2409.51639481174
2409.51639481174
2409.51639481174
2409.51639481174
2409.51639481174
2409.51639481174
2409.51639481174
2409.51639481174
2409.51639481174
2409.51639481174
2409.51639481174
2409.51639481174
2409.51639481174
2409.51639481174
2409.51639481174
2409.51639481174
2409.51639481174
2409.51639481174
2409.51639481174
2409.51639481174
2409.51639481174
2409.51639481174
2409.51639481174
2409.51639481174
2409.51639481174
2409.51639481174
2409.51639481174
2409.51639481174
2409.51639481174
2409.51639481174
2409.51639481174
2409.51639481174
2409.51639481174
2409.51639481174
2409.51639481174
2409.51639481174
2409.51639481174
2409.51639481174
2409.51639481174
2409.51639481174
2409.51639481174
2409.51639481174
2409.51639481174
2409.51639481174
2409.51639481174
2409.51639481174
2409.51639481174
2409.51639481174
2409.51639481174
2409.51639481174
2409.51639481174
2409.51639481174
2409.51639481174
2409.51639481174
2409.51639481174
2409.51639481174
2409.51639481174
2409.51639481174
2409.51639481174
2409.51639481174
2409.51639481174
2409.51639481174
2409.51639481174
2409.51639481174
2409.51639481174
2409.51639481174
2409.51639481174
2409.51639481174
2409.51639481174
2409.51639481174
2409.51639481174
2409.51639481174
2409.51639481174
2409.51639481174
2409.51639481174
2409.51639481174
2409.51639481174
2409.51639481174
2409.51639481174
2409.51639481174
2409.51639481174
2409.51639481174
2409.51639481174
2409.51639481174
2409.51639481174
2409.51639481174
2409.51639481174
2409.51639481174
2409.51639481174
2409.51639481174
2409.51639481174
2409.51639481174
2409.51639481174
2409.51639481174
2409.51639481174
2409.51639481174
2409.51639481174
2409.51639481174
2409.51639481174
2409.51639481174
2409.51639481174
2409.51639481174
2409.51639481174
2409.51639481174
2409.51639481174
2409.51639481174
2409.51639481174
2409.51639481174
2409.51639481174
2409.51639481174
2409.51639481174
2409.51639481174
2409.51639481174
2409.51639481174
2409.51639481174
2409.51639481174
2409.51639481174
2409.51639481174
2409.51639481174
2409.51639481174
2409.51639481174
2409.51639481174
2409.51639481174
2409.51639481174
2409.51639481174
2409.51639481174
2409.51639481174
2409.51639481174
2409.51639481174
2409.51639481174
2409.51639481174
2409.51639481174
2409.51639481174
2409.51639481174
2409.51639481174
2409.51639481174
2409.51639481174
2409.51639481174
2409.51639481174
2409.51639481174
2409.51639481174
2409.51639481174
2409.51639481174
2409.51639481174
2409.51639481174
2409.51639481174
2409.51639481174
2409.51639481174
2409.51639481174
2409.51639481174
2409.51639481174
2409.51639481174
2409.51639481174
2409.51639481174
2409.51639481174
2409.51639481174
2409.51639481174
2409.51639481174
2409.51639481174
2409.51639481174
2409.51639481174
2409.51639481174
2409.51639481174
2409.51639481174
2409.51639481174
2409.51639481174
2409.51639481174
2409.51639481174
2409.51639481174
2409.51639481174
2409.51639481174
2409.51639481174
2409.51639481174
2409.51639481174
2409.51639481174
2409.51639481174
2409.51639481174
2409.51639481174
2409.51639481174
2409.51639481174
2409.51639481174
2409.51639481174
2409.51639481174
2409.51639481174
2409.51639481174
2409.51639481174
2409.51639481174
2409.51639481174
2409.51639481174
2409.51639481174
2409.51639481174
2409.51639481174
2409.51639481174
2409.51639481174
2409.51639481174
2409.51639481174
2409.51639481174
2409.51639481174
2409.51639481174
2409.51639481174
2409.51639481174
2409.51639481174
2409.51639481174
2409.51639481174
2409.51639481174
2409.51639481174
2409.51639481174
2409.51639481174
2409.51639481174
2409.51639481174
2409.51639481174
2409.51639481174
2409.51639481174
2409.51639481174
2409.51639481174
2409.51639481174
2409.51639481174
2409.51639481174
2409.51639481174
2409.51639481174
2409.51639481174
2409.51639481174
2409.51639481174
2409.51639481174
2409.51639481174
2409.51639481174
2409.51639481174
2409.51639481174
2409.51639481174
2409.51639481174
2409.51639481174
2409.51639481174
2409.51639481174
2409.51639481174
2409.51639481174
2409.51639481174
2409.51639481174
2409.51639481174
2409.51639481174
2409.51639481174
2409.51639481174

ave
3113.59987831953
3082.86838016230
3115.02019058752
3034.53398443343
3158.80509865273
3100.61606950179
3119.01456281107
3110.01072333997
3286.96649159685
3035.21621119995
3150.15163568470
3224.52811096778
3206.11529488580
3169.51444196449
3301.73291603910
3104.08517889233
3197.87260815211
3240.68786975761
3259.71522443175
3102.50756339641
3199.21972225998
3286.77426498650
3295.08522169891
3169.86722093888
3223.36178266590
3342.24568955947
3241.58139004842
3421.96524702824
3259.90234577322
3320.96318436329
3350.81986500542
3298.18558464085
3235.84604509849
3016.99183626801
3308.20047683719
3248.17657289113
3201.28282649644
3102.20691159644
3270.88597993046
3157.34515686143
3107.46757934242
3173.02224683290
3065.77728665718
3282.28958484424
3132.33369880262
3205.68517426469
3360.09280758605
3128.32319011965
3147.62249170139
3195.69881341764
3033.87551067953
3276.00520049671
3216.33103561500
3082.97583651429
3295.68725668014
3118.77642432778
3212.21240144303
3120.52450142506
3339.47820823025
3071.34735029138
3095.75214953748
2996.00112680396
3251.47932323354
3282.87238800397
3123.77143404392
3125.64491334591
3061.62822508784
3047.50210121110
3195.41062792119
3058.88873771915
3201.82749719093
3229.39212609388
3439.33520879259
3268.17678544618
3240.10408564601
3300.08360275957
3323.16433397641
3185.27022276317
3275.67026363876
3177.02678708234
3420.03022443904
3341.52190314288
3271.78071439165
3183.74018942292
3117.54576909816
3063.84322062605
3063.62188443059
3115.51359049798
3178.54846193610
3083.58000596907
3291.89712988624
3206.63854233828
3161.27482399872
3167.97713971191
3133.34385040112
3127.01145689674
3117.80861555243
3015.25349268356
3059.15234757875
3136.70974397066
3235.00943421422
3125.78594937469
3203.83405328195
2945.06495600472
2988.32670782808
2966.17236815484
3092.10477603384
3049.71311312772
2865.18072911588
3325.61699740462
3179.18074612031
3327.23177110044
3253.38391022527
3009.59049073829
2981.14976045743
3153.32114708526
3072.55127130815
3149.73339470193
3112.53751341570
3246.04146452395
3023.83883727259
3219.46632534824
3164.74320378241
3304.86085196032
3212.94989376211
3064.96812913087
3274.42918319025
3148.67182281450
3107.35859351137
3230.38332961115
3175.96098675922
3088.19989319075
3335.69078375814
3166.71508868149
3249.83133653271
3313.56416410272
3181.23834107687
3011.82940753960
3247.86477396280
3188.30840448696
3084.77190760566
3223.74379773312
3132.84551112883
3250.67078432934
3398.72612943908
3227.91392269658
3050.44301253603
3124.01120999139
3327.56465555009
3119.12491180293
3391.88432023003
3252.51533347347
3203.97817392876
3438.75020310875
3097.82074881842
3145.07467633740
3344.53080642032
3035.12961496416
3072.01286984731
3107.38792732014
3154.19021247761
3118.32222211891
3151.07478910760
3239.05456783824
3144.62296986334
3222.18180272640
2957.97504601069
3158.23797617424
3236.57709787426
3157.98275979752
3123.90499832911
3194.98437283628
3221.59002656155
3051.51594053644
3055.44393558583
3088.66651354537
3081.47579685351
3374.39740198327
3165.55209284344
3159.53079737112
3257.07130791330
3193.52855062901
3196.10006718034
3178.65683676510
3023.86617255900
2990.30277879725
3092.05425455125
3199.11401153424
3231.43572991188
3254.70735312088
3284.54513020737
3236.10890409220
3309.75325462882
3245.30463638876
3204.86240178204
3216.55845455518
3317.50009434191
3093.96961461515
3106.05853214468
3077.15714773676
3206.96451368908
3146.93121439689
3292.48469927361
3171.15713939396
3215.37542642524
3319.88312201627
3129.84954496263
3288.34721227776
3004.14227693987
3275.12190553824
3398.81489036746
3141.53291422835
3281.31549547047
3257.42252858719
3096.38305554988
3227.17070760438
3096.16657840071
3290.84561272384
3320.15811079410
3267.02525665866
3126.40305211073
3046.68374451790
3144.84451906060
2983.65329195576
3294.14459428372
3033.19503991523
3333.53249628440
3191.52338773123
3007.51725890106
3101.17911324994
3181.53960197969
3268.43636375488
3213.48131956163
3084.50945389189
3064.35562313611
3087.02999325590
3220.53743177986
3077.76959528170
3303.66748606459
3087.14124936976
3367.94658451762
3063.40997255225
3280.31614479895
3253.52385894609
3081.97875956160
3190.93721649672
3063.31004936577
3080.61071214978
3294.44210960622
3072.13876016229
3354.06902978966
3063.77594663255
3363.83089507803
3193.77303140604
3258.90041162418
3220.88901415970
3229.99731008191
3223.25533149039
3226.92079176843
3088.97048317897
3207.08422607725
3059.27084256011
3153.65766917069
3311.93709064845
2960.63100979334
3215.15249825798
3255.68039157589
2969.80079063550
3156.38503909205
3183.42702328236
3246.32142364919
3215.55239452329
3278.79675987537
3183.94533383357
3037.07743426961
3107.87713557149
3148.61635435310
2993.05296348447
3298.41929991853
3301.67644723903
3282.26634230518
3277.93577387798
3288.39353375800
3148.73917187584
3162.04569372412
3331.21210018382
3320.86502383280
3189.57912944125
3311.78376141584
3311.21665718921
3119.05332753038
3105.47300939801
3102.96764180986
3106.22513172034
3157.51009190722
3316.98290031992
3185.53023296590
3189.95568570963
3210.15198427764
3161.12693713906
3145.78319990721
3348.91070226039
2983.41317666609
3066.34536182697
3022.69726629351
2945.33305865416
3198.13273806013
3079.87926304149
3232.28520007006
3001.13225536926
3272.81385796599
3342.00384703595
2977.43274848829
3037.34269700322
3333.45835575217
3176.74891306097
3304.20798637158
3311.19012472817
3370.81923658241
3276.41809674378
3312.92534710161
3088.61557548304
3372.42071670747
3038.49358867232
3253.79560803259
3299.71874043471
3024.38719581027
3185.50398800973
3048.38904987279
2891.51701411163
3190.61430574555
3163.28850108251
3228.77727182569
3028.58892618295
3233.85842976583
3357.36627310589
3109.25664626816
3113.24396611660
3090.13989853954
3058.35280458993
3126.12619735990
3266.73791108984
3265.53931016547
3126.62444118072
3113.63730050780
3239.62834295750
3055.69796314789
2943.08905067912
3366.59229881299
3064.56366127895
3110.69287121243
3230.70211892542
2985.90564319839
2886.43514616379
3136.53868483615
3101.79709643106
2965.64577403792
3052.69699187036
3230.06485559930
2906.53146426570
3007.10028337739
3009.54747517716
2925.90589886211
3202.04093421322
3137.45640910034
3110.00531508873
2953.35384656619
3159.59454616026
3075.20160111733
2993.78682008880
3045.21870079770
3011.86921261848
3214.48397619640
3071.41502281957
3218.73658504398
3178.98378698104
3338.72131138020
3124.71198219516
3019.26208857559
3172.22237235637
2987.35510591219
3127.60580791205
3062.61361161597
3149.81914333545
3048.49576773350
3215.67250067457
3139.01947020862
3190.73053245805
3186.74023620894
3151.12019944467
3215.59411657760
3383.41314785609
3205.38487186257
3218.97304029401
3064.19293293843
3064.53655459474
3022.23040201015
3050.44205537822
3111.64714762563
3304.44963577465
3135.54053930335
3000.60314334368
2954.71379427405
2926.97437237453
2946.18818948614
3073.62118681613
3200.70440543061
3150.73773161067
3110.11326796382
3005.61701240717
3111.38530552566
3281.36241480984
3183.27482931386
3217.33837092464
2990.18823924584
3078.39231966510
3097.47144166538
3140.60455977405
3133.86681063317
3164.76393431655
2946.48723564980
2945.35081119288
2888.65544871460
3089.38789316167
3202.73078598605
3279.98105686496
3164.40670512181
2932.86683571389
3198.39137748960
3250.59246130189
3006.55013224872
3296.46760472307
3292.58792633339
2969.58442343621
3178.05332784491
2980.37995323767
3305.20730888710
3144.85148914527
3164.75748419737
3226.05770219044
3006.92672587244
3365.62258066440
3160.94318644536
3350.31081671042
3062.57038620821
3280.08504925024
3044.43945890303
3074.71896501270
3128.39792643241
2989.02708069333
3257.30630686223
2926.33086693668
3289.61594249488
3088.11197899139
3105.90347598738
2980.01825651358
3266.91948477575
3219.83988521078
3047.08212288657
3255.20121873669
3185.30869536625
3138.39091808899
3021.23071070682
3069.08334207336
3044.69460177854
3115.79854189054
3128.07253382882
2934.94163921203
3070.39114439829
3121.22637581247
3073.43876141688
3131.34353606518
3018.89726326613
3153.97065633040
2965.27614098776
3076.21960032832
3080.53421870556
3302.75184990721
2985.38524056102
2927.60678535001
3122.83602098229
2959.55602432555
3212.45345757906
3192.04845047070
3306.02667720136
3349.75472276713
3134.42929532318
3256.73005921456
3309.86002268892
3154.07163947269
3222.36609445083
3245.55712869612
3106.37778091619
3228.77720904256
3033.99432561563
3018.19038992753
3285.98642522252
3048.11393382010
3063.62736318656
3151.90050068527