最优解为:342.8309
最优解路径:

Best_route =

     0     0     0     0     0     0     0
     6     1     4     3     2     5     0

本次运算用时:2.782秒
算法在第1代时收敛

best
342.830920730423
342.830920730423
342.830920730423
342.830920730423
342.830920730423
342.830920730423
342.830920730423
342.830920730423
342.830920730423
342.830920730423
342.830920730423
342.830920730423
342.830920730423
342.830920730423
342.830920730423
342.830920730423
342.830920730423
342.830920730423
342.830920730423
342.830920730423
342.830920730423
342.830920730423
342.830920730423
342.830920730423
342.830920730423
342.830920730423
342.830920730423
342.830920730423
342.830920730423
342.830920730423
342.830920730423
342.830920730423
342.830920730423
342.830920730423
342.830920730423
342.830920730423
342.830920730423
342.830920730423
342.830920730423
342.830920730423
342.830920730423
342.830920730423
342.830920730423
342.830920730423
342.830920730423
342.830920730423
342.830920730423
342.830920730423
342.830920730423
342.830920730423
342.830920730423
342.830920730423
342.830920730423
342.830920730423
342.830920730423
342.830920730423
342.830920730423
342.830920730423
342.830920730423
342.830920730423
342.830920730423
342.830920730423
342.830920730423
342.830920730423
342.830920730423
342.830920730423
342.830920730423
342.830920730423
342.830920730423
342.830920730423
342.830920730423
342.830920730423
342.830920730423
342.830920730423
342.830920730423
342.830920730423
342.830920730423
342.830920730423
342.830920730423
342.830920730423
342.830920730423
342.830920730423
342.830920730423
342.830920730423
342.830920730423
342.830920730423
342.830920730423
342.830920730423
342.830920730423
342.830920730423
342.830920730423
342.830920730423
342.830920730423
342.830920730423
342.830920730423
342.830920730423
342.830920730423
342.830920730423
342.830920730423
342.830920730423
342.830920730423
342.830920730423
342.830920730423
342.830920730423
342.830920730423
342.830920730423
342.830920730423
342.830920730423
342.830920730423
342.830920730423
342.830920730423
342.830920730423
342.830920730423
342.830920730423
342.830920730423
342.830920730423
342.830920730423
342.830920730423
342.830920730423
342.830920730423
342.830920730423
342.830920730423
342.830920730423
342.830920730423
342.830920730423
342.830920730423
342.830920730423
342.830920730423
342.830920730423
342.830920730423
342.830920730423
342.830920730423
342.830920730423
342.830920730423
342.830920730423
342.830920730423
342.830920730423
342.830920730423
342.830920730423
342.830920730423
342.830920730423
342.830920730423
342.830920730423
342.830920730423
342.830920730423
342.830920730423
342.830920730423
342.830920730423
342.830920730423
342.830920730423
342.830920730423
342.830920730423
342.830920730423
342.830920730423
342.830920730423
342.830920730423
342.830920730423
342.830920730423
342.830920730423
342.830920730423
342.830920730423
342.830920730423
342.830920730423
342.830920730423
342.830920730423
342.830920730423
342.830920730423
342.830920730423
342.830920730423
342.830920730423
342.830920730423
342.830920730423
342.830920730423
342.830920730423
342.830920730423
342.830920730423
342.830920730423
342.830920730423
342.830920730423
342.830920730423
342.830920730423
342.830920730423
342.830920730423
342.830920730423
342.830920730423
342.830920730423
342.830920730423
342.830920730423
342.830920730423
342.830920730423
342.830920730423
342.830920730423
342.830920730423
342.830920730423
342.830920730423
342.830920730423
342.830920730423
342.830920730423
342.830920730423
342.830920730423

ave
386.426106495180
388.011268982654
409.593574420122
398.209319959085
374.467173932909
347.391394381684
347.004443589463
361.340063919864
359.683096688025
345.550118350322
372.115267423368
382.573116938436
345.287410391699
347.380436749359
347.387983377364
368.591890726039
344.258131449496
343.318043469734
358.389908531860
356.133058516625
343.133664792543
367.058778470065
404.343494154627
355.686252100054
342.830920730423
367.305753765976
355.066756963312
355.413777758669
355.456320111901
355.570422765527
355.356941211719
354.809284584795
379.547213597668
355.547438836831
342.960436109883
354.809284584795
354.893528280652
342.830920730423
342.830920730423
342.830920730423
342.830920730423
343.058968901845
342.830920730423
342.830920730423
354.776739392178
343.623644549825
343.450415867165
342.830920730423
342.830920730423
342.830920730423
354.996170919837
342.830920730423
354.996170919837
342.830920730423
342.830920730423
342.830920730423
342.830920730423
342.830920730423
342.830920730423
343.248527569255
354.809284584795
354.893528280652
342.830920730423
342.830920730423
342.830920730423
342.830920730423
342.830920730423
342.830920730423
342.830920730423
367.155267822438
342.830920730423
354.776739392178
342.830920730423
342.830920730423
342.830920730423
354.776739392178
342.830920730423
342.830920730423
342.830920730423
342.830920730423
342.830920730423
342.830920730423
354.756067285405
343.780565480976
343.248527569255
342.830920730423
354.809284584795
342.830920730423
342.830920730423
342.830920730423
342.830920730423
342.830920730423
343.849750855688
342.830920730423
342.830920730423
354.996170919837
354.809284584795
354.893528280652
342.830920730423
342.830920730423
342.830920730423
342.830920730423
342.830920730423
342.830920730423
343.004149413083
354.756067285405
342.830920730423
342.830920730423
342.830920730423
343.004149413083
342.830920730423
342.830920730423
342.830920730423
342.830920730423
342.830920730423
354.827556435104
342.830920730423
343.281072761872
342.830920730423
366.986358158972
342.830920730423
342.960436109883
342.830920730423
342.830920730423
342.830920730423
342.830920730423
342.830920730423
342.830920730423
342.830920730423
342.830920730423
342.830920730423
342.830920730423
343.209191140472
342.830920730423
354.776739392178
342.830920730423
342.830920730423
343.248527569255
342.830920730423
342.830920730423
342.830920730423
342.830920730423
342.830920730423
342.830920730423
343.004149413083
342.830920730423
342.830920730423
342.830920730423
342.830920730423
342.830920730423
342.830920730423
342.830920730423
343.156923246550
343.089951489343
342.830920730423
354.756067285405
342.830920730423
342.830920730423
342.830920730423
342.830920730423
342.830920730423
342.830920730423
342.830920730423
343.767078866904
342.830920730423
342.830920730423
342.830920730423
342.830920730423
342.830920730423
342.830920730423
342.830920730423
342.830920730423
342.830920730423
342.830920730423
342.830920730423
354.776739392178
354.809284584795
342.830920730423
342.830920730423
354.893528280652
343.767078866904
342.830920730423
342.830920730423
342.830920730423
342.830920730423
342.830920730423
342.830920730423
342.830920730423
343.004149413083
342.830920730423
342.830920730423
342.830920730423
355.004787563600
342.830920730423
344.069911003907
342.830920730423
354.893528280652
342.830920730423
354.809284584795
342.830920730423