最优解为:3435.5784
最优解路径:

Best_route =

  1 至 24 列

    35    36    31    32     9    10    53    54     0     0     0     0     0     0     0     0     0     0     0     0     0     0     0     0
    11    12     3     4    41    42    47    48    45    46    50     0     0     0     0     0     0     0     0     0     0     0     0     0
    17    18    39    40     5     6    25    26    43    44    29    30     0     0     0     0     0     0     0     0     0     0     0     0
    33    34    23    24    15    16     1     2    21    22    49     0     0     0     0     0     0     0     0     0     0     0     0     0
    57    58    27    28     7     8    59    60    37     0     0     0     0     0     0     0     0     0     0     0     0     0     0     0
    13    14    51    52    19    20    55    56    38     0     0     0     0     0     0     0     0     0     0     0     0     0     0     0

  25 至 48 列

     0     0     0     0     0     0     0     0     0     0     0     0     0     0     0     0     0     0     0     0     0     0     0     0
     0     0     0     0     0     0     0     0     0     0     0     0     0     0     0     0     0     0     0     0     0     0     0     0
     0     0     0     0     0     0     0     0     0     0     0     0     0     0     0     0     0     0     0     0     0     0     0     0
     0     0     0     0     0     0     0     0     0     0     0     0     0     0     0     0     0     0     0     0     0     0     0     0
     0     0     0     0     0     0     0     0     0     0     0     0     0     0     0     0     0     0     0     0     0     0     0     0
     0     0     0     0     0     0     0     0     0     0     0     0     0     0     0     0     0     0     0     0     0     0     0     0

  49 至 61 列

     0     0     0     0     0     0     0     0     0     0     0     0     0
     0     0     0     0     0     0     0     0     0     0     0     0     0
     0     0     0     0     0     0     0     0     0     0     0     0     0
     0     0     0     0     0     0     0     0     0     0     0     0     0
     0     0     0     0     0     0     0     0     0     0     0     0     0
     0     0     0     0     0     0     0     0     0     0     0     0     0

本次运算用时:576.181秒
算法在第371代时收敛

best
3547.65904522009
3495.52289006290
3495.52289006290
3495.52289006290
3495.52289006290
3495.52289006290
3495.52289006290
3495.52289006290
3495.52289006290
3495.52289006290
3495.52289006290
3495.52289006290
3489.16638595734
3489.16638595734
3489.16638595734
3489.16638595734
3489.16638595734
3489.16638595734
3489.16638595734
3489.16638595734
3489.16638595734
3489.16638595734
3489.16638595734
3489.16638595734
3489.16638595734
3489.16638595734
3489.16638595734
3489.16638595734
3489.16638595734
3489.16638595734
3489.16638595734
3489.16638595734
3489.16638595734
3489.16638595734
3489.16638595734
3489.16638595734
3489.16638595734
3489.16638595734
3489.16638595734
3489.16638595734
3489.16638595734
3489.16638595734
3489.16638595734
3489.16638595734
3489.16638595734
3489.16638595734
3489.16638595734
3489.16638595734
3489.16638595734
3489.16638595734
3489.16638595734
3489.16638595734
3489.16638595734
3489.16638595734
3489.16638595734
3489.16638595734
3489.16638595734
3489.16638595734
3489.16638595734
3489.16638595734
3489.16638595734
3489.16638595734
3489.16638595734
3489.16638595734
3489.16638595734
3489.16638595734
3489.16638595734
3489.16638595734
3489.16638595734
3489.16638595734
3489.16638595734
3489.16638595734
3489.16638595734
3489.16638595734
3489.16638595734
3489.16638595734
3489.16638595734
3489.16638595734
3489.16638595734
3489.16638595734
3489.16638595734
3489.16638595734
3489.16638595734
3489.16638595734
3489.16638595734
3489.16638595734
3489.16638595734
3489.16638595734
3489.16638595734
3489.16638595734
3489.16638595734
3489.16638595734
3489.16638595734
3489.16638595734
3489.16638595734
3489.16638595734
3489.16638595734
3489.16638595734
3489.16638595734
3489.16638595734
3489.16638595734
3489.16638595734
3489.16638595734
3489.16638595734
3489.16638595734
3489.16638595734
3489.16638595734
3489.16638595734
3489.16638595734
3489.16638595734
3489.16638595734
3489.16638595734
3489.16638595734
3489.16638595734
3489.16638595734
3489.16638595734
3489.16638595734
3489.16638595734
3489.16638595734
3489.16638595734
3489.16638595734
3489.16638595734
3489.16638595734
3489.16638595734
3489.16638595734
3489.16638595734
3489.16638595734
3489.16638595734
3489.16638595734
3489.16638595734
3489.16638595734
3489.16638595734
3489.16638595734
3489.16638595734
3489.16638595734
3489.16638595734
3489.16638595734
3489.16638595734
3489.16638595734
3489.16638595734
3489.16638595734
3489.16638595734
3489.16638595734
3489.16638595734
3489.16638595734
3489.16638595734
3487.47844031427
3487.47844031427
3487.47844031427
3487.47844031427
3487.47844031427
3487.47844031427
3487.47844031427
3487.47844031427
3487.47844031427
3487.47844031427
3487.47844031427
3487.47844031427
3487.47844031427
3487.47844031427
3487.47844031427
3487.47844031427
3487.47844031427
3487.47844031427
3487.47844031427
3487.47844031427
3487.47844031427
3487.47844031427
3487.47844031427
3487.47844031427
3487.47844031427
3487.47844031427
3487.47844031427
3487.47844031427
3487.47844031427
3487.47844031427
3487.47844031427
3487.47844031427
3487.47844031427
3487.47844031427
3487.47844031427
3487.47844031427
3487.47844031427
3487.47844031427
3487.47844031427
3487.47844031427
3487.47844031427
3487.47844031427
3487.47844031427
3487.47844031427
3487.47844031427
3487.47844031427
3487.47844031427
3487.47844031427
3487.47844031427
3487.47844031427
3487.47844031427
3487.47844031427
3487.47844031427
3487.47844031427
3487.47844031427
3487.47844031427
3487.47844031427
3487.47844031427
3487.47844031427
3487.47844031427
3487.47844031427
3487.47844031427
3487.47844031427
3487.47844031427
3487.47844031427
3487.47844031427
3487.47844031427
3487.47844031427
3487.47844031427
3487.47844031427
3487.47844031427
3487.47844031427
3487.47844031427
3487.47844031427
3487.47844031427
3487.47844031427
3487.47844031427
3487.47844031427
3487.47844031427
3487.47844031427
3487.47844031427
3486.28622143267
3486.28622143267
3486.28622143267
3486.28622143267
3486.28622143267
3486.28622143267
3486.28622143267
3486.28622143267
3486.28622143267
3486.28622143267
3486.28622143267
3486.28622143267
3486.28622143267
3486.28622143267
3486.28622143267
3486.28622143267
3486.28622143267
3486.28622143267
3486.28622143267
3486.28622143267
3486.28622143267
3486.28622143267
3486.28622143267
3486.28622143267
3486.28622143267
3486.28622143267
3486.28622143267
3486.28622143267
3486.28622143267
3486.28622143267
3486.28622143267
3486.28622143267
3486.28622143267
3486.28622143267
3486.28622143267
3486.28622143267
3486.28622143267
3486.28622143267
3486.28622143267
3486.28622143267
3486.28622143267
3484.77701439261
3484.77701439261
3484.77701439261
3484.77701439261
3484.77701439261
3484.77701439261
3484.77701439261
3484.77701439261
3484.77701439261
3484.77701439261
3484.77701439261
3484.77701439261
3484.77701439261
3484.77701439261
3484.77701439261
3484.77701439261
3484.77701439261
3484.77701439261
3484.77701439261
3484.77701439261
3484.77701439261
3484.77701439261
3484.77701439261
3484.77701439261
3484.77701439261
3484.77701439261
3484.77701439261
3484.77701439261
3484.77701439261
3484.77701439261
3484.77701439261
3484.77701439261
3484.77701439261
3484.77701439261
3484.77701439261
3484.77701439261
3484.72945464951
3484.72945464951
3484.72945464951
3484.72945464951
3484.72945464951
3484.72945464951
3484.72945464951
3484.72945464951
3484.72945464951
3484.72945464951
3484.72945464951
3484.72945464951
3484.72945464951
3484.72945464951
3484.72945464951
3484.72945464951
3484.72945464951
3484.72945464951
3484.72945464951
3484.72945464951
3484.72945464951
3484.72945464951
3484.72945464951
3484.72945464951
3484.72945464951
3484.72945464951
3484.72945464951
3484.72945464951
3484.72945464951
3484.72945464951
3484.72945464951
3484.72945464951
3484.72945464951
3484.72945464951
3484.72945464951
3484.72945464951
3484.72945464951
3484.72945464951
3484.72945464951
3484.72945464951
3484.72945464951
3484.72945464951
3484.72945464951
3484.72945464951
3484.72945464951
3484.72945464951
3484.72945464951
3484.72945464951
3484.72945464951
3484.72945464951
3484.72945464951
3484.72945464951
3484.72945464951
3484.72945464951
3484.72945464951
3484.72945464951
3484.72945464951
3484.72945464951
3484.72945464951
3484.72945464951
3484.72945464951
3484.72945464951
3484.72945464951
3484.72945464951
3484.72945464951
3484.72945464951
3435.57843761100
3435.57843761100
3435.57843761100
3435.57843761100
3435.57843761100
3435.57843761100
3435.57843761100
3435.57843761100
3435.57843761100
3435.57843761100
3435.57843761100
3435.57843761100
3435.57843761100
3435.57843761100
3435.57843761100
3435.57843761100
3435.57843761100
3435.57843761100
3435.57843761100
3435.57843761100
3435.57843761100
3435.57843761100
3435.57843761100
3435.57843761100
3435.57843761100
3435.57843761100
3435.57843761100
3435.57843761100
3435.57843761100
3435.57843761100
3435.57843761100
3435.57843761100
3435.57843761100
3435.57843761100
3435.57843761100
3435.57843761100
3435.57843761100
3435.57843761100
3435.57843761100
3435.57843761100
3435.57843761100
3435.57843761100
3435.57843761100
3435.57843761100
3435.57843761100
3435.57843761100
3435.57843761100
3435.57843761100
3435.57843761100
3435.57843761100
3435.57843761100
3435.57843761100
3435.57843761100
3435.57843761100
3435.57843761100
3435.57843761100
3435.57843761100
3435.57843761100
3435.57843761100
3435.57843761100
3435.57843761100
3435.57843761100
3435.57843761100
3435.57843761100
3435.57843761100
3435.57843761100
3435.57843761100
3435.57843761100
3435.57843761100
3435.57843761100
3435.57843761100
3435.57843761100
3435.57843761100
3435.57843761100
3435.57843761100
3435.57843761100
3435.57843761100
3435.57843761100
3435.57843761100
3435.57843761100
3435.57843761100
3435.57843761100
3435.57843761100
3435.57843761100
3435.57843761100
3435.57843761100
3435.57843761100
3435.57843761100
3435.57843761100
3435.57843761100
3435.57843761100
3435.57843761100
3435.57843761100
3435.57843761100
3435.57843761100
3435.57843761100
3435.57843761100
3435.57843761100
3435.57843761100
3435.57843761100
3435.57843761100
3435.57843761100
3435.57843761100
3435.57843761100
3435.57843761100
3435.57843761100
3435.57843761100
3435.57843761100
3435.57843761100
3435.57843761100
3435.57843761100
3435.57843761100
3435.57843761100
3435.57843761100
3435.57843761100
3435.57843761100
3435.57843761100
3435.57843761100
3435.57843761100
3435.57843761100
3435.57843761100
3435.57843761100
3435.57843761100
3435.57843761100
3435.57843761100
3435.57843761100
3435.57843761100
3435.57843761100
3435.57843761100
3435.57843761100

ave
3810.89121872868
3795.19314372239
3791.14480658093
3787.97408182464
3761.78516903961
3755.60392308152
3783.27391378211
3759.97726472863
3814.20816285770
3785.33483583344
3738.87405861113
3727.02522465060
3795.75517051772
3782.00677504763
3779.60289977694
3726.33467340386
3734.48130728765
3781.54080690247
3777.60407296201
3817.58721817359
3787.21915424319
3785.36235447707
3767.32491479339
3895.77305484031
3800.65399836884
3825.24697681026
3822.27643720602
3807.60218391934
3865.42831867385
3825.57014029347
3808.98899339640
3837.25149900193
3824.80792390276
3809.10189123888
3884.64691275506
3804.58169082384
3822.77659997940
3827.44852249982
3862.60194832996
3833.57867904936
3810.38642262203
3817.06900282866
3841.63100800592
3791.61046066683
3863.36314084406
3842.25184983846
3856.32084702544
3864.57591610308
3770.86650439893
3859.01257131411
3792.56727414933
3918.18529330294
3885.00669790214
3795.44214281603
3807.75501967549
3807.96837315709
3925.43545122580
3815.63715877797
3888.80292402679
3803.16438133860
3837.26892108143
3808.79623989635
3789.07191393921
3864.68460901029
3795.01127286155
3899.12177117135
3857.98205721446
3846.35792164193
3842.36313670296
3855.13894308456
3871.77216852931
3836.74632660859
3778.35160552573
3789.70658921756
3800.04894198776
3834.43552693357
3842.94931294968
3829.47442406997
3792.18540351174
3817.85697193825
3855.24344146052
3918.13786842122
3814.65838798188
3824.21948666596
3787.64102618817
3885.95114333568
3955.02401972311
3782.37851845539
3776.53312554107
3815.21492856106
3818.73538621570
3844.91629892884
3846.37268059567
3859.72774431033
3812.65812972328
3771.60482352563
3843.41514299816
3871.48450903177
3758.69615851265
3860.98612834528
3799.55882975036
3864.16244999999
3741.31043054127
3828.42646653524
3854.16408620063
3785.17616784441
3803.82431587807
3771.18946112298
3859.78321579704
3854.56810034866
3863.61984034454
3784.60728810960
3785.29934442377
3886.20676637270
3831.63489215328
3846.21055124008
3781.61709880850
3888.82369755848
3893.23527317993
3781.92267999751
3859.96777297082
3809.52652368199
3861.60826677419
3864.79476148372
3819.59931333238
3836.88663921166
3848.99840334988
3840.33636551078
3832.86439770680
3826.28435524267
3794.90220915509
3798.41713839567
3824.96174344196
3848.21807497509
3828.14166657386
3895.55559173475
3831.19497920056
3798.41506891692
3883.06961587120
3789.81392379757
3844.91984827879
3837.98944019755
3780.16823341904
3932.99884045045
3874.68173719271
3841.91644072628
3762.07907026815
3858.32736415884
3861.86677568655
3888.32585931425
3770.38589817648
3879.86225455942
3834.79571893119
3840.64638842564
3823.85475491409
3832.95623147389
3785.18347828448
3799.91629337467
3775.99238532499
3811.76589197481
3795.99133861673
3861.81210891599
3740.36949104561
3805.21549637814
3766.60441230552
3841.69753116543
3810.71782831230
3827.96892809173
3783.93777687264
3864.38944886245
3824.05768463497
3891.58768753825
3887.78158234883
3815.68920402880
3944.10249762978
3811.01260649704
3835.06509885807
3781.32045708240
3767.90119374056
3812.33542349194
3830.52327772821
3818.05925161221
3835.55254377190
3842.18627414896
3850.92302893406
3867.92793331627
3888.05996595611
3876.59688846791
3745.89135297976
3777.93185250894
3862.15922028701
3750.55823667135
3791.23058892711
3812.42777063565
3869.20909707165
3864.34398907549
3834.99779433443
3810.96372181708
3800.94570622258
3780.48321623041
3797.87791556137
3832.83288276655
3808.15351849594
3803.07125269819
3837.37566429769
3831.28648796819
3761.47538718962
3853.29472669792
3802.00589253573
3901.42192507313
3839.65441846516
3747.90635316303
3898.07154526455
3861.87526095652
3851.76034195465
3818.33271251637
3836.91377269573
3818.48478654398
3783.40575475842
3779.70631587078
3849.10558313334
3817.79298844794
3887.04702629225
3859.68417745043
3846.94715117446
3843.02027486046
3876.13403277966
3815.50693137525
3780.68862171407
3860.62851336696
3909.26109948000
3851.91716259389
3851.44523422177
3766.91129236239
3786.12000838349
3796.90467703831
3835.22103516777
3800.72674407386
3869.48142854997
3831.90171493859
3807.24973510626
3762.78046934445
3799.20003428239
3795.23767593404
3697.98422591964
3789.72203028510
3835.47691687604
3836.54633382912
3827.34646490355
3776.62996714922
3810.49420046766
3819.99604780382
3717.10190683496
3784.66037144989
3794.23869314114
3795.79198101564
3763.51500278612
3769.15179525638
3836.98973222118
3847.34857291315
3787.12245984777
3854.43744448832
3880.26095288449
3844.95916915726
3766.42050405333
3737.16132632995
3844.90697142097
3758.51559498615
3800.48809816916
3857.87892715497
3860.18030790636
3815.25467066492
3780.36316115332
3795.29008915407
3761.17058426867
3779.94397357586
3785.79432635510
3737.74875503511
3855.35562170568
3819.66344482686
3892.22686534261
3844.79584398431
3820.95490588520
3832.25832228356
3791.06926267678
3788.01022788970
3850.51394438624
3824.24492936290
3808.03300675967
3800.53691363100
3928.72808674253
3839.05581718988
3775.54439677459
3851.36766163578
3793.40342888131
3821.69824896494
3809.23822378463
3821.44059321480
3871.03784090162
3834.74378940661
3784.42320220599
3843.11546273228
3883.74412449104
3819.03032655574
3740.26227219396
3831.74706253267
3915.65678899870
3780.23528702985
3826.66830637787
3775.27765127822
3852.11055462404
3822.96002975837
3880.23196746709
3820.05750385502
3879.17412946263
3770.20684728805
3812.82597933959
3806.01131691663
3798.96474072800
3820.51218107906
3817.67472077345
3927.88597416734
3839.16873380915
3813.55417675278
3834.24115342362
3811.00401114683
3872.34206642194
3909.84890004925
3740.23374615473
3782.02450317761
3816.66256087605
3792.90491772886
3800.97388417471
3813.35858339134
3765.35877556221
3838.06171803754
3854.07025782340
3825.43643053494
3754.85667454739
3781.69790095296
3924.97362415440
3771.05244772652
3833.34618519914
3821.80045666088
3828.92865695246
3796.52047175575
3871.51467279482
3862.06251672391
3821.02084099958
3800.61795667247
3904.08493651126
3853.26881813962
3759.09261080944
3802.96734121346
3806.85158824262
3798.96060449835
3791.79635571626
3771.54014057688
3819.30068137155
3818.19859511232
3815.20407179061
3823.81671226328
3830.70521875677
3870.59670615980
3762.39334705586
3752.53487199679
3774.67449215886
3828.88063983642
3815.63820082353
3754.26107440298
3781.11338705380
3875.96369146576
3705.12246456504
3768.17713845855
3925.09535785410
3706.49024525258
3822.06767305178
3781.89215614518
3934.26339983396
3794.19539846848
3820.41238479439
3864.62622107615
3757.91979284397
3770.55057320823
3811.86976470447
3767.26403854244
3771.12665853525
3742.90250806007
3862.15614033480
3798.16996780156
3793.47160767757
3807.72900673187
3833.19837960267
3846.04703751725
3790.59685733344
3768.52560419797
3874.41178885286
3807.13355152731
3788.52833454253
3827.59697577444
3785.10517305894
3831.34926095242
3752.31728752963
3745.96989035473
3877.74474300580
3850.29647346462
3873.49915507418
3834.61797175552
3876.05000929131
3824.53684454847
3812.83530130089
3813.51789483829
3782.97250808985
3842.57361542899
3818.32677177373
3832.58536925786
3742.88897507668
3868.40014343144
3886.30011206190
3870.71692597967
3857.28996313147
3854.02595983022
3760.62504602110
3816.22236967305
3795.29212346718
3845.72977448018
3819.02304060965
3903.30587990958
3773.37241968958
3777.24001913033
3815.80555549766
3752.58726571298
3780.02540592648
3852.90604443456
3869.63093569861
3847.70480770995
3850.07589809404
3863.61530303977
3786.06680788212
3780.46551175966
3765.31204551464
3799.06820209747
3865.67145979475
3775.05534113379
3834.95795593882
3736.95771685284
3807.03714893264
3861.01971163631
3751.68524950969
3788.67569781269
3846.91660588494
3800.59125670052
3784.75439391651
3802.68169727959
3759.42268175281
3806.04729881818
3766.24723368599
3861.83969265265
3747.78023812031
3820.22062545036
3765.17968427478
3783.60657379363
3820.52278328860
3796.57351938041
3805.31210877218
3704.49452580147
3796.60739978071
3715.24995331391
3827.83093144892
3812.80877930689
3792.02894928646
3824.23989083210
3791.69451211279
3813.59046126548
3796.45591989605
3798.26168230673
3866.34132378381
3783.43583276236
3821.83876387034
3758.85237393669
3842.00717062480
3760.83323230516
3781.05945462375
3822.70116404649
3839.54541318033
3762.00137662420
3828.45916248233
3789.17694808164
3719.68414961820
3882.81308263174
3808.34151307628
3770.35490326796
3800.90101960234
3834.08213045275
3792.55970778932
3759.30577121762
3783.07029450189
3862.92752860595
3780.02691332075
3846.40906459296
