最优解为:726.2411
最优解路径:

Best_route =

  1 至 24 列

     0     0     0     0     0     0     0     0     0     0     0     0     0     0     0     0     0     0     0     0     0     0     0     0
     0     0     0     0     0     0     0     0     0     0     0     0     0     0     0     0     0     0     0     0     0     0     0     0
     0     0     0     0     0     0     0     0     0     0     0     0     0     0     0     0     0     0     0     0     0     0     0     0
     0     0     0     0     0     0     0     0     0     0     0     0     0     0     0     0     0     0     0     0     0     0     0     0
     0     0     0     0     0     0     0     0     0     0     0     0     0     0     0     0     0     0     0     0     0     0     0     0
    36    48     7    31    17    23    50    58     3    38    59    24    29    25    40    37     9    39     8    18    34    21     4    42
     0     0     0     0     0     0     0     0     0     0     0     0     0     0     0     0     0     0     0     0     0     0     0     0
     0     0     0     0     0     0     0     0     0     0     0     0     0     0     0     0     0     0     0     0     0     0     0     0
     0     0     0     0     0     0     0     0     0     0     0     0     0     0     0     0     0     0     0     0     0     0     0     0
     0     0     0     0     0     0     0     0     0     0     0     0     0     0     0     0     0     0     0     0     0     0     0     0
     0     0     0     0     0     0     0     0     0     0     0     0     0     0     0     0     0     0     0     0     0     0     0     0
     0     0     0     0     0     0     0     0     0     0     0     0     0     0     0     0     0     0     0     0     0     0     0     0
     5    11    56    54    27     2    19    10    44    33    12    16     6    55     1    35    13    51    26    45    22    46    32    57
     0     0     0     0     0     0     0     0     0     0     0     0     0     0     0     0     0     0     0     0     0     0     0     0
     0     0     0     0     0     0     0     0     0     0     0     0     0     0     0     0     0     0     0     0     0     0     0     0
     0     0     0     0     0     0     0     0     0     0     0     0     0     0     0     0     0     0     0     0     0     0     0     0
     0     0     0     0     0     0     0     0     0     0     0     0     0     0     0     0     0     0     0     0     0     0     0     0
     0     0     0     0     0     0     0     0     0     0     0     0     0     0     0     0     0     0     0     0     0     0     0     0

  25 至 48 列

     0     0     0     0     0     0     0     0     0     0     0     0     0     0     0     0     0     0     0     0     0     0     0     0
     0     0     0     0     0     0     0     0     0     0     0     0     0     0     0     0     0     0     0     0     0     0     0     0
     0     0     0     0     0     0     0     0     0     0     0     0     0     0     0     0     0     0     0     0     0     0     0     0
     0     0     0     0     0     0     0     0     0     0     0     0     0     0     0     0     0     0     0     0     0     0     0     0
     0     0     0     0     0     0     0     0     0     0     0     0     0     0     0     0     0     0     0     0     0     0     0     0
    60    14    41    15    43    49    52    28    30     0     0     0     0     0     0     0     0     0     0     0     0     0     0     0
     0     0     0     0     0     0     0     0     0     0     0     0     0     0     0     0     0     0     0     0     0     0     0     0
     0     0     0     0     0     0     0     0     0     0     0     0     0     0     0     0     0     0     0     0     0     0     0     0
     0     0     0     0     0     0     0     0     0     0     0     0     0     0     0     0     0     0     0     0     0     0     0     0
     0     0     0     0     0     0     0     0     0     0     0     0     0     0     0     0     0     0     0     0     0     0     0     0
     0     0     0     0     0     0     0     0     0     0     0     0     0     0     0     0     0     0     0     0     0     0     0     0
     0     0     0     0     0     0     0     0     0     0     0     0     0     0     0     0     0     0     0     0     0     0     0     0
    20    47    53     0     0     0     0     0     0     0     0     0     0     0     0     0     0     0     0     0     0     0     0     0
     0     0     0     0     0     0     0     0     0     0     0     0     0     0     0     0     0     0     0     0     0     0     0     0
     0     0     0     0     0     0     0     0     0     0     0     0     0     0     0     0     0     0     0     0     0     0     0     0
     0     0     0     0     0     0     0     0     0     0     0     0     0     0     0     0     0     0     0     0     0     0     0     0
     0     0     0     0     0     0     0     0     0     0     0     0     0     0     0     0     0     0     0     0     0     0     0     0
     0     0     0     0     0     0     0     0     0     0     0     0     0     0     0     0     0     0     0     0     0     0     0     0

  49 至 61 列

     0     0     0     0     0     0     0     0     0     0     0     0     0
     0     0     0     0     0     0     0     0     0     0     0     0     0
     0     0     0     0     0     0     0     0     0     0     0     0     0
     0     0     0     0     0     0     0     0     0     0     0     0     0
     0     0     0     0     0     0     0     0     0     0     0     0     0
     0     0     0     0     0     0     0     0     0     0     0     0     0
     0     0     0     0     0     0     0     0     0     0     0     0     0
     0     0     0     0     0     0     0     0     0     0     0     0     0
     0     0     0     0     0     0     0     0     0     0     0     0     0
     0     0     0     0     0     0     0     0     0     0     0     0     0
     0     0     0     0     0     0     0     0     0     0     0     0     0
     0     0     0     0     0     0     0     0     0     0     0     0     0
     0     0     0     0     0     0     0     0     0     0     0     0     0
     0     0     0     0     0     0     0     0     0     0     0     0     0
     0     0     0     0     0     0     0     0     0     0     0     0     0
     0     0     0     0     0     0     0     0     0     0     0     0     0
     0     0     0     0     0     0     0     0     0     0     0     0     0
     0     0     0     0     0     0     0     0     0     0     0     0     0

本次运算用时:830.761秒
算法在第499代时收敛

best
1406.92861794507
1405.37478527880
1089.92248544076
1089.92248544076
1089.92248544076
1089.92248544076
1080.50316192762
1080.50316192762
1080.50316192762
1077.79094827621
1064.05726646055
1064.05726646055
1064.05726646055
1064.05726646055
1064.05726646055
1064.05726646055
1064.05726646055
1060.44360052399
1056.90967062037
1056.90967062037
1056.90967062037
1056.90967062037
1056.90967062037
1056.90967062037
1056.90967062037
1056.90967062037
1049.91355334004
1049.91355334004
1049.91355334004
1049.91355334004
1049.91355334004
1047.40075387995
1047.40075387995
1047.40075387995
1047.40075387995
1047.40075387995
1037.01636580473
1037.01636580473
1037.01636580473
1037.01636580473
1037.01636580473
1037.01636580473
1037.01636580473
1037.01636580473
1037.01636580473
1037.01636580473
1037.01636580473
1037.01636580473
1037.01636580473
1037.01636580473
1037.01636580473
1037.01636580473
1037.01636580473
1037.01636580473
1037.01636580473
1037.01636580473
1037.01636580473
1037.01636580473
1037.01636580473
1037.01636580473
1037.01636580473
1037.01636580473
1037.01636580473
1037.01636580473
1037.01636580473
1037.01636580473
1037.01636580473
1037.01636580473
1034.27931405630
1034.27931405630
1034.27931405630
1034.27931405630
1034.27931405630
1034.27931405630
1034.27931405630
1034.27931405630
1034.27931405630
1034.27931405630
1034.27931405630
1034.27931405630
1033.01039345835
1033.01039345835
1033.01039345835
1031.03280948989
1031.03280948989
1031.03280948989
1031.03280948989
1031.03280948989
1031.03280948989
1031.03280948989
1031.03280948989
1031.03280948989
1031.03280948989
1031.03280948989
1031.03280948989
1031.03280948989
1031.03280948989
1030.49558209008
1030.16978209008
1030.16978209008
1029.54239889002
1029.54239889002
1029.54239889002
1029.54239889002
1029.54239889002
1029.54239889002
1029.54239889002
1029.38395783342
1027.91583518132
1027.91583518132
1027.91583518132
1027.91583518132
1027.91583518132
1027.91583518132
1027.91583518132
1027.91583518132
1027.91583518132
1027.91583518132
1027.91583518132
1027.91583518132
1027.91583518132
1027.91583518132
1027.91583518132
1027.91583518132
1027.91583518132
1027.91583518132
1027.91583518132
1027.91583518132
1027.91583518132
1027.91583518132
1027.91583518132
1027.91583518132
1026.46295417269
1026.46295417269
1026.46295417269
1026.46295417269
1026.46295417269
1026.46295417269
1026.46295417269
1026.46295417269
1026.46295417269
1026.46295417269
1026.46295417269
1026.46295417269
1026.46295417269
1026.46295417269
1026.46295417269
1026.46295417269
1026.46295417269
1026.46295417269
1026.46295417269
1026.46295417269
1026.46295417269
1026.46295417269
1026.46295417269
1026.46295417269
1026.46295417269
1026.46295417269
1026.00179210902
1026.00179210902
1026.00179210902
1026.00179210902
1026.00179210902
1026.00179210902
1026.00179210902
1026.00179210902
1026.00179210902
1026.00179210902
1026.00179210902
1026.00179210902
1026.00179210902
1026.00179210902
1026.00179210902
1026.00179210902
1026.00179210902
1026.00179210902
1026.00179210902
1026.00179210902
1026.00179210902
1026.00179210902
1026.00179210902
1026.00179210902
1026.00179210902
1026.00179210902
1026.00179210902
1026.00179210902
1026.00179210902
1026.00179210902
1026.00179210902
1026.00179210902
1026.00179210902
1026.00179210902
1026.00179210902
1026.00179210902
1026.00179210902
1026.00179210902
1026.00179210902
1026.00179210902
1026.00179210902
1026.00179210902
1026.00179210902
1026.00179210902
1026.00179210902
1026.00179210902
1026.00179210902
1026.00179210902
1026.00179210902
1026.00179210902
1026.00179210902
1026.00179210902
1026.00179210902
1026.00179210902
1026.00179210902
1026.00179210902
1026.00179210902
1026.00179210902
1026.00179210902
1025.71277830759
1025.71277830759
1025.71277830759
1025.71277830759
1025.71277830759
1025.71277830759
1025.71277830759
1025.71277830759
1025.71277830759
1025.71277830759
1025.71277830759
1025.71277830759
1025.71277830759
1025.71277830759
1025.71277830759
1025.71277830759
1025.71277830759
1025.71277830759
1025.71277830759
1025.71277830759
1025.71277830759
1025.71277830759
1025.71277830759
1025.71277830759
1025.71277830759
1025.71277830759
1025.71277830759
1025.71277830759
1025.71277830759
1025.71277830759
1025.71277830759
1025.71277830759
1025.71277830759
1025.71277830759
1025.71277830759
1025.71277830759
1025.71277830759
1025.71277830759
1025.71277830759
1025.71277830759
1025.71277830759
1025.71277830759
1025.71277830759
1025.71277830759
1025.71277830759
1025.71277830759
1025.71277830759
1025.71277830759
1025.71277830759
1025.71277830759
1025.71277830759
1025.71277830759
1025.71277830759
1025.71277830759
1025.71277830759
1025.71277830759
1025.71277830759
1025.71277830759
1025.71277830759
1025.71277830759
1025.71277830759
1025.71277830759
1025.71277830759
1025.71277830759
1025.71277830759
1025.71277830759
1025.71277830759
1025.71277830759
1025.71277830759
1025.71277830759
1025.71277830759
1025.71277830759
1024.96457146182
1024.96457146182
1024.96457146182
1024.96457146182
1024.96457146182
1024.96457146182
1024.96457146182
1024.96457146182
1024.96457146182
1024.96457146182
1024.96457146182
1024.96457146182
1024.96457146182
1024.96457146182
1024.96457146182
1024.96457146182
1024.96457146182
1024.96457146182
1024.96457146182
1024.96457146182
1024.96457146182
1024.96457146182
1024.96457146182
1024.96457146182
1024.96457146182
1024.96457146182
1024.96457146182
1024.96457146182
1024.96457146182
1024.96457146182
1024.96457146182
1024.96457146182
1024.96457146182
1024.96457146182
1024.96457146182
1024.96457146182
1024.96457146182
1024.96457146182
1024.96457146182
1024.96457146182
1024.96457146182
1024.96457146182
1024.96457146182
1024.96457146182
1024.96457146182
1024.96457146182
1024.96457146182
1024.96457146182
1024.96457146182
1024.96457146182
1024.96457146182
1024.96457146182
1024.96457146182
1024.96457146182
1024.96457146182
1024.96457146182
1024.96457146182
1024.96457146182
1024.96457146182
1024.96457146182
1024.96457146182
1024.96457146182
1024.96457146182
1024.96457146182
1024.96457146182
1024.96457146182
1024.96457146182
1024.96457146182
1024.96457146182
1023.47823848494
1023.47823848494
1023.47823848494
1023.47823848494
1023.47823848494
1023.47823848494
1023.47823848494
1022.74059436683
1022.74059436683
1022.74059436683
1022.74059436683
1022.74059436683
1022.74059436683
1022.74059436683
1022.74059436683
1022.74059436683
1022.74059436683
1022.74059436683
1022.74059436683
1022.74059436683
1022.74059436683
1022.74059436683
1022.74059436683
1022.74059436683
1022.74059436683
1022.74059436683
1022.74059436683
1022.74059436683
1022.74059436683
1022.74059436683
1022.74059436683
1022.74059436683
1022.74059436683
1022.74059436683
1022.74059436683
1022.74059436683
1022.74059436683
1022.74059436683
1022.74059436683
1022.74059436683
1022.74059436683
1022.74059436683
1022.74059436683
1022.74059436683
1022.74059436683
1022.74059436683
1022.74059436683
1022.74059436683
1022.74059436683
1022.74059436683
1022.74059436683
1022.74059436683
1022.74059436683
1022.74059436683
1022.74059436683
1022.74059436683
1022.74059436683
1022.74059436683
1022.74059436683
1022.74059436683
1022.74059436683
1022.74059436683
1022.74059436683
1022.74059436683
1022.74059436683
1022.74059436683
1022.74059436683
1022.74059436683
1022.74059436683
1022.74059436683
1022.74059436683
1022.31010165313
1022.31010165313
1022.31010165313
1022.31010165313
730.047011826392
730.047011826392
730.047011826392
730.047011826392
730.047011826392
730.047011826392
730.047011826392
730.047011826392
730.047011826392
730.047011826392
730.047011826392
730.047011826392
730.047011826392
728.682170392623
728.682170392623
728.682170392623
728.682170392623
728.682170392623
728.682170392623
728.682170392623
728.682170392623
728.682170392623
728.682170392623
728.682170392623
728.682170392623
728.682170392623
728.682170392623
728.682170392623
728.682170392623
728.682170392623
728.682170392623
728.682170392623
728.682170392623
728.622500853279
728.239213912712
728.239213912712
728.239213912712
728.239213912712
728.239213912712
728.239213912712
728.239213912712
727.763051804907
727.763051804907
727.763051804907
727.763051804907
727.763051804907
727.763051804907
727.763051804907
727.763051804907
727.763051804907
727.763051804907
727.763051804907
727.763051804907
727.763051804907
727.763051804907
727.763051804907
727.763051804907
727.763051804907
727.763051804907
727.763051804907
727.763051804907
727.763051804907
727.763051804907
727.763051804907
726.756227803359
726.241072639914
726.241072639914

ave
1694.09865356737
1699.35185284532
1730.94806318206
1703.55854348730
1707.46086883953
1627.56663833082
1689.74152413122
1790.94058813145
1678.44170870464
1551.62800943763
1612.35177803567
1715.98203110724
1678.32842938330
1771.54252698496
1681.11426658885
1765.55446574119
1699.01349948350
1659.07934078496
1714.62439253247
1656.57198692264
1560.30633895700
1694.94648545731
1752.42027655879
1665.48952224858
1645.13743492234
1641.18989354606
1743.54973787127
1716.14853484047
1763.09017171418
1686.77442529442
1730.78173240373
1710.77291788834
1687.26391409086
1718.83398436150
1709.02525543111
1793.71482218173
1743.13547150244
1737.47945509955
1675.32663342460
1854.93466341050
1631.76236949347
1828.05951991806
1764.03924576826
1760.34109315082
1882.00914105570
1690.30785629897
1880.03538671175
1853.19695404890
1699.06350815555
1895.94442133252
1774.13000118927
1891.26999961912
1774.12785636194
1743.33051518375
1785.75499752935
1834.55997594930
1855.19888130131
1696.72054475651
1693.58985512772
1740.28122942999
1558.16734501920
1634.71990366448
1694.84476602129
1666.25719669318
1665.51421569339
1650.92812135097
1546.83464271269
1678.36405224326
1694.57829797219
1660.17947923213
1554.98706621562
1421.43566589003
1587.34241519604
1618.92972296798
1634.54097944364
1513.56700077151
1587.43897738130
1553.55455239818
1537.44891658260
1522.94085663013
1482.85023473663
1465.58374200705
1534.46198687091
1525.61348250128
1490.61412901896
1494.42763144156
1403.60369135978
1494.82726670985
1401.91951710832
1429.27565399585
1417.18608645621
1238.41614817312
1373.61394087148
1314.31205464241
1449.40357220197
1371.12609520461
1340.10789467522
1480.58730184929
1324.89470731856
1372.21622252559
1296.03032864128
1316.06641104963
1356.47568593103
1296.48352063806
1353.82435439518
1263.18071216684
1235.06286943609
1339.79645836496
1248.64875700806
1263.23454583404
1219.09989173504
1292.37473559914
1218.85599767323
1142.44829709260
1185.34312395654
1198.55041180666
1138.70564555556
1170.05279685076
1142.95065444730
1202.42294362533
1095.37759394464
1092.57608554606
1138.14806325718
1159.33507927763
1162.75514982341
1142.41433529711
1169.64712501359
1153.94740833146
1062.28840372448
1159.36262041253
1125.41329767627
1143.12694972459
1077.57348120028
1095.61608515797
1157.71464965172
1107.52145478194
1124.66920102532
1091.42493164721
1139.80133909606
1093.60464122773
1153.09219385440
1095.19351561700
1137.26956225449
1122.89962441431
1093.38800467185
1111.25424752419
1091.95540942725
1095.54547549954
1110.77019864421
1142.70522171019
1031.26705669026
1107.38444229292
1122.73051151525
1110.80281979174
1064.48225717657
1106.28543211827
1078.08199677083
1124.46397369511
1062.86582364602
1062.52361613697
1045.15845787447
1095.20430640108
1076.07139065138
1077.77947334728
1058.27336204288
1064.81076850352
1123.02606513213
1073.93133344231
1049.60292314136
1077.29570892545
1074.56503319753
1028.22952713755
1076.29166779160
1107.68433351291
1073.71919121592
1060.78101944012
1062.56989984476
1125.79606130258
1045.41780568451
1093.41460707940
1137.16535475413
1043.68193144353
1121.90481065741
1093.80494761432
1032.36058110887
1106.38874489583
1094.39496497243
1169.44348201071
1091.36102106159
1093.54099105464
1076.96862013677
1090.68090632188
1044.75722403661
1072.79351983023
1073.76309066680
1097.77647894983
1105.93694022236
1077.40462221999
1076.48966810076
1064.02639453079
1059.19516905158
1092.67041179036
1045.57728098934
1109.08675260962
1090.62297723898
1065.21783330158
1125.41398944331
1045.66790459345
1092.03504853932
1121.29426416316
1120.33007239909
1125.68621852351
1091.59921699682
1063.82570525286
1122.20705807524
1078.03216753145
1179.99655784559
1059.99910668235
1090.23053717966
1059.93369379247
1120.10193417740
1060.33163080467
1060.03395522280
1091.67591787108
1126.25663077065
1077.97186523832
1076.77414164851
1048.31791303692
1061.28928971440
1141.03088650036
1106.44233719864
1095.37474029716
1062.09748236123
1059.91034113016
1061.51422465645
1071.82922873670
1077.38581738582
1045.50835585646
1046.86244801365
1048.88442640521
1141.63388543353
1062.58956835127
1045.42277801198
1167.00422070463
1059.23681361180
1094.37852214351
1042.63682946043
1137.47789447402
1089.90106863789
1075.52249019001
1075.63178016864
1080.01508198637
1076.27101720496
1058.96211769186
1058.67146323706
1074.69580750603
1106.53496188951
1078.58479427168
1122.40935958795
1125.04124719367
1107.57584665615
1108.40462710321
1105.96653723860
1043.51864852376
1062.84553982032
1089.38779501017
1105.26086393768
1076.87756414177
1076.21485185280
1062.22746225834
1106.87521919812
1091.61480806228
1093.07040935747
1091.07896877296
1079.07387396084
1124.22278030454
1028.92462194131
1062.38048019230
1109.06442346560
1124.14568715712
1057.90533981409
1141.00637304880
1078.29725324567
1107.81114196614
1058.30915863475
1058.05417817643
1031.25233994204
1093.64108560134
1045.99309149521
1057.62060573672
1045.13146207028
1105.53119072042
1081.54622662086
1094.26482438603
1089.77200605911
1077.49033963492
1094.71796235539
1121.51065574208
1059.75756173067
1061.68627540349
1119.11807638113
1061.79185007489
1137.62938298458
1072.81301641033
1072.96158570151
1122.07979260933
1075.96783974275
1119.36167702086
1089.15870223244
1073.90560409757
1043.16712313762
1045.10894190988
1071.73449571189
1072.69381984588
1044.14801946764
1104.64031223516
1092.41158437913
1063.31214217171
1077.17662894042
1093.79650530900
1136.88671977758
1063.11873071060
1076.88127321764
1075.75536152577
1064.10403156526
1087.42017472060
1060.12398073923
1104.88658446442
1030.23875330434
1166.59363942972
1057.78306320870
1061.04029700283
1126.67590566341
1081.38220543393
1061.83276472904
1087.27890372932
1104.73907304316
1072.42483911569
1093.31696543553
1109.02082521843
1074.74256057905
1120.84847054716
1153.30524235302
1092.53531816820
1043.74836792388
1075.15174607953
1091.92719748457
1047.28398333533
1077.48253216273
1089.59251060781
1062.69473855504
1042.63617847765
1089.94131488431
1092.48078823337
1076.70323577484
1026.66925457024
1112.69374413821
1028.66486792448
1046.46082701300
1072.95376144725
1078.48180366792
1100.92030477314
1084.39440443722
1101.25303683569
1123.22768259089
1030.36720564823
1101.72204814026
1073.01051364244
1132.88215903299
1042.79028172301
1058.72347878164
1028.77429623790
1125.13153216930
1057.46948985577
1105.14510751051
1103.09472298495
1078.39894892730
1133.21476738872
1088.20647586889
1091.28140808903
1057.07486395998
1150.87985263081
1087.87430890877
1056.72010376731
1100.78312558303
1105.59472523003
1106.76844983250
1044.71663128042
1060.41603419500
1073.25372100994
1092.56115845391
1071.12882783250
1103.19911494354
1123.04808909220
1085.69326315112
1089.03512965184
1105.61599785663
1060.05963659223
1060.38647931079
1074.08645380811
1091.47484288707
1072.74249692738
1062.31679558104
1120.57875159811
1075.74712355239
1086.72820583666
1106.41296020044
1087.36528970350
1106.75460123439
1070.99369860600
1101.36438328783
1103.83777110242
1074.97994708777
1056.87886173919
1075.05724338679
1072.44077137679
1057.28744395037
1054.00801997523
1108.26177806580
1087.05119742952
1072.90959478332
1062.89670273427
1073.02900070009
1121.25343760016
1057.78507217615
1108.71002708746
1040.48892754548
1060.93807157368
1088.99756420399
1072.67280333691
1071.80715471969
1131.06132971094
1056.96813675888
1091.14424849546
997.750154638269
1047.84681879844
941.603942408081
1048.22726311669
958.962562815451
974.634775867925
956.414623353199
924.337518276791
989.177970892233
971.201672287847
1001.10701073162
883.782653609234
913.950967647228
900.399353130437
929.109555560144
838.123524360492
866.157257238766
882.840077108847
929.450075486804
926.503586137853
961.911515039555
852.214219091744
930.285018198938
883.280902727466
912.059284702122
1008.40244953646
855.213917578192
837.565790300328
807.670715627281
821.536544627659
883.245027010629
867.022330750054
852.207596442513
838.096115329910
821.061577596639
854.596046057510
853.596325671621
852.898151559645
840.093474570211
822.671179520529
806.571403099811
853.362902820329
855.573791806930
804.391383531981
839.875821358118
838.064885908873
885.314629049772
819.889530913610
775.194369280768
883.380579841157
836.993151935681
869.626406415782
836.961515941466
807.259852072905
899.209543384369
898.963808607092
890.172811636070
946.028903855896
887.002016363801
852.827135831246
822.961799075765
853.307777542168
841.583897829749
822.490011645136
918.658129977616
980.593042975592