最优解为:1846.9503
最优解路径:

Best_route =

  1 至 24 列

    44     4    42    47    56    60    53    29    23     0     0     0     0     0     0     0     0     0     0     0     0     0     0     0
     0     0     0     0     0     0     0     0     0     0     0     0     0     0     0     0     0     0     0     0     0     0     0     0
     0     0     0     0     0     0     0     0     0     0     0     0     0     0     0     0     0     0     0     0     0     0     0     0
     0     0     0     0     0     0     0     0     0     0     0     0     0     0     0     0     0     0     0     0     0     0     0     0
    14    55     6     7    48    10    19    59    24    36     0     0     0     0     0     0     0     0     0     0     0     0     0     0
     0     0     0     0     0     0     0     0     0     0     0     0     0     0     0     0     0     0     0     0     0     0     0     0
    18    30    28     9    37    46    32    43     0     0     0     0     0     0     0     0     0     0     0     0     0     0     0     0
    15     2    20    50    58    16    22    51    13     3    38     0     0     0     0     0     0     0     0     0     0     0     0     0
     0     0     0     0     0     0     0     0     0     0     0     0     0     0     0     0     0     0     0     0     0     0     0     0
    54    27    40    25    52    49     8    39    11     5    57     0     0     0     0     0     0     0     0     0     0     0     0     0
     0     0     0     0     0     0     0     0     0     0     0     0     0     0     0     0     0     0     0     0     0     0     0     0
     0     0     0     0     0     0     0     0     0     0     0     0     0     0     0     0     0     0     0     0     0     0     0     0
     0     0     0     0     0     0     0     0     0     0     0     0     0     0     0     0     0     0     0     0     0     0     0     0
     0     0     0     0     0     0     0     0     0     0     0     0     0     0     0     0     0     0     0     0     0     0     0     0
    35     1    33    12    17    31    45    26    34    21    41     0     0     0     0     0     0     0     0     0     0     0     0     0
     0     0     0     0     0     0     0     0     0     0     0     0     0     0     0     0     0     0     0     0     0     0     0     0
     0     0     0     0     0     0     0     0     0     0     0     0     0     0     0     0     0     0     0     0     0     0     0     0
     0     0     0     0     0     0     0     0     0     0     0     0     0     0     0     0     0     0     0     0     0     0     0     0

  25 至 48 列

     0     0     0     0     0     0     0     0     0     0     0     0     0     0     0     0     0     0     0     0     0     0     0     0
     0     0     0     0     0     0     0     0     0     0     0     0     0     0     0     0     0     0     0     0     0     0     0     0
     0     0     0     0     0     0     0     0     0     0     0     0     0     0     0     0     0     0     0     0     0     0     0     0
     0     0     0     0     0     0     0     0     0     0     0     0     0     0     0     0     0     0     0     0     0     0     0     0
     0     0     0     0     0     0     0     0     0     0     0     0     0     0     0     0     0     0     0     0     0     0     0     0
     0     0     0     0     0     0     0     0     0     0     0     0     0     0     0     0     0     0     0     0     0     0     0     0
     0     0     0     0     0     0     0     0     0     0     0     0     0     0     0     0     0     0     0     0     0     0     0     0
     0     0     0     0     0     0     0     0     0     0     0     0     0     0     0     0     0     0     0     0     0     0     0     0
     0     0     0     0     0     0     0     0     0     0     0     0     0     0     0     0     0     0     0     0     0     0     0     0
     0     0     0     0     0     0     0     0     0     0     0     0     0     0     0     0     0     0     0     0     0     0     0     0
     0     0     0     0     0     0     0     0     0     0     0     0     0     0     0     0     0     0     0     0     0     0     0     0
     0     0     0     0     0     0     0     0     0     0     0     0     0     0     0     0     0     0     0     0     0     0     0     0
     0     0     0     0     0     0     0     0     0     0     0     0     0     0     0     0     0     0     0     0     0     0     0     0
     0     0     0     0     0     0     0     0     0     0     0     0     0     0     0     0     0     0     0     0     0     0     0     0
     0     0     0     0     0     0     0     0     0     0     0     0     0     0     0     0     0     0     0     0     0     0     0     0
     0     0     0     0     0     0     0     0     0     0     0     0     0     0     0     0     0     0     0     0     0     0     0     0
     0     0     0     0     0     0     0     0     0     0     0     0     0     0     0     0     0     0     0     0     0     0     0     0
     0     0     0     0     0     0     0     0     0     0     0     0     0     0     0     0     0     0     0     0     0     0     0     0

  49 至 61 列

     0     0     0     0     0     0     0     0     0     0     0     0     0
     0     0     0     0     0     0     0     0     0     0     0     0     0
     0     0     0     0     0     0     0     0     0     0     0     0     0
     0     0     0     0     0     0     0     0     0     0     0     0     0
     0     0     0     0     0     0     0     0     0     0     0     0     0
     0     0     0     0     0     0     0     0     0     0     0     0     0
     0     0     0     0     0     0     0     0     0     0     0     0     0
     0     0     0     0     0     0     0     0     0     0     0     0     0
     0     0     0     0     0     0     0     0     0     0     0     0     0
     0     0     0     0     0     0     0     0     0     0     0     0     0
     0     0     0     0     0     0     0     0     0     0     0     0     0
     0     0     0     0     0     0     0     0     0     0     0     0     0
     0     0     0     0     0     0     0     0     0     0     0     0     0
     0     0     0     0     0     0     0     0     0     0     0     0     0
     0     0     0     0     0     0     0     0     0     0     0     0     0
     0     0     0     0     0     0     0     0     0     0     0     0     0
     0     0     0     0     0     0     0     0     0     0     0     0     0
     0     0     0     0     0     0     0     0     0     0     0     0     0

本次运算用时:799.65秒
算法在第100代时收敛

best
2180.48486158541
2174.30925581071
2174.30925581071
2174.30925581071
2174.30925581071
2174.30925581071
1860.01943732993
1860.01943732993
1860.01943732993
1860.01943732993
1860.01943732993
1860.01943732993
1860.01943732993
1860.01943732993
1860.01943732993
1860.01943732993
1860.01943732993
1860.01943732993
1860.01943732993
1860.01943732993
1860.01943732993
1860.01943732993
1860.01943732993
1860.01943732993
1860.01943732993
1860.01943732993
1860.01943732993
1860.01943732993
1856.53098066180
1856.53098066180
1855.40278337530
1855.40278337530
1855.40278337530
1855.40278337530
1855.40278337530
1855.40278337530
1855.40278337530
1855.40278337530
1855.40278337530
1855.40278337530
1855.40278337530
1851.10840752914
1851.10840752914
1851.10840752914
1851.10840752914
1851.10840752914
1851.10840752914
1851.10840752914
1851.10840752914
1851.10840752914
1851.10840752914
1851.10840752914
1851.10840752914
1851.10840752914
1851.10840752914
1851.10840752914
1851.10840752914
1851.10840752914
1851.10840752914
1851.10840752914
1851.10840752914
1851.10840752914
1851.10840752914
1851.10840752914
1851.10840752914
1851.10840752914
1851.10840752914
1851.10840752914
1851.10840752914
1851.10840752914
1851.10840752914
1849.09427104662
1849.09427104662
1849.09427104662
1849.09427104662
1849.09427104662
1849.09427104662
1849.09427104662
1849.09427104662
1849.09427104662
1849.09427104662
1849.09427104662
1849.09427104662
1849.09427104662
1849.09427104662
1849.09427104662
1849.09427104662
1849.09427104662
1849.09427104662
1849.09427104662
1849.09427104662
1849.09427104662
1849.09427104662
1849.09427104662
1849.09427104662
1849.09427104662
1849.09427104662
1849.09427104662
1849.09427104662
1846.95026084955
1846.95026084955
1846.95026084955
1846.95026084955
1846.95026084955
1846.95026084955
1846.95026084955
1846.95026084955
1846.95026084955
1846.95026084955
1846.95026084955
1846.95026084955
1846.95026084955
1846.95026084955
1846.95026084955
1846.95026084955
1846.95026084955
1846.95026084955
1846.95026084955
1846.95026084955
1846.95026084955
1846.95026084955
1846.95026084955
1846.95026084955
1846.95026084955
1846.95026084955
1846.95026084955
1846.95026084955
1846.95026084955
1846.95026084955
1846.95026084955
1846.95026084955
1846.95026084955
1846.95026084955
1846.95026084955
1846.95026084955
1846.95026084955
1846.95026084955
1846.95026084955
1846.95026084955
1846.95026084955
1846.95026084955
1846.95026084955
1846.95026084955
1846.95026084955
1846.95026084955
1846.95026084955
1846.95026084955
1846.95026084955
1846.95026084955
1846.95026084955
1846.95026084955
1846.95026084955
1846.95026084955
1846.95026084955
1846.95026084955
1846.95026084955
1846.95026084955
1846.95026084955
1846.95026084955
1846.95026084955
1846.95026084955
1846.95026084955
1846.95026084955
1846.95026084955
1846.95026084955
1846.95026084955
1846.95026084955
1846.95026084955
1846.95026084955
1846.95026084955
1846.95026084955
1846.95026084955
1846.95026084955
1846.95026084955
1846.95026084955
1846.95026084955
1846.95026084955
1846.95026084955
1846.95026084955
1846.95026084955
1846.95026084955
1846.95026084955
1846.95026084955
1846.95026084955
1846.95026084955
1846.95026084955
1846.95026084955
1846.95026084955
1846.95026084955
1846.95026084955
1846.95026084955
1846.95026084955
1846.95026084955
1846.95026084955
1846.95026084955
1846.95026084955
1846.95026084955
1846.95026084955
1846.95026084955
1846.95026084955
1846.95026084955
1846.95026084955
1846.95026084955
1846.95026084955
1846.95026084955
1846.95026084955
1846.95026084955
1846.95026084955
1846.95026084955
1846.95026084955
1846.95026084955
1846.95026084955
1846.95026084955
1846.95026084955
1846.95026084955
1846.95026084955
1846.95026084955
1846.95026084955
1846.95026084955
1846.95026084955
1846.95026084955
1846.95026084955
1846.95026084955
1846.95026084955
1846.95026084955
1846.95026084955
1846.95026084955
1846.95026084955
1846.95026084955
1846.95026084955
1846.95026084955
1846.95026084955
1846.95026084955
1846.95026084955
1846.95026084955
1846.95026084955
1846.95026084955
1846.95026084955
1846.95026084955
1846.95026084955
1846.95026084955
1846.95026084955
1846.95026084955
1846.95026084955
1846.95026084955
1846.95026084955
1846.95026084955
1846.95026084955
1846.95026084955
1846.95026084955
1846.95026084955
1846.95026084955
1846.95026084955
1846.95026084955
1846.95026084955
1846.95026084955
1846.95026084955
1846.95026084955
1846.95026084955
1846.95026084955
1846.95026084955
1846.95026084955
1846.95026084955
1846.95026084955
1846.95026084955
1846.95026084955
1846.95026084955
1846.95026084955
1846.95026084955
1846.95026084955
1846.95026084955
1846.95026084955
1846.95026084955
1846.95026084955
1846.95026084955
1846.95026084955
1846.95026084955
1846.95026084955
1846.95026084955
1846.95026084955
1846.95026084955
1846.95026084955
1846.95026084955
1846.95026084955
1846.95026084955
1846.95026084955
1846.95026084955
1846.95026084955
1846.95026084955
1846.95026084955
1846.95026084955
1846.95026084955
1846.95026084955
1846.95026084955
1846.95026084955
1846.95026084955
1846.95026084955
1846.95026084955
1846.95026084955
1846.95026084955
1846.95026084955
1846.95026084955
1846.95026084955
1846.95026084955
1846.95026084955
1846.95026084955
1846.95026084955
1846.95026084955
1846.95026084955
1846.95026084955
1846.95026084955
1846.95026084955
1846.95026084955
1846.95026084955
1846.95026084955
1846.95026084955
1846.95026084955
1846.95026084955
1846.95026084955
1846.95026084955
1846.95026084955
1846.95026084955
1846.95026084955
1846.95026084955
1846.95026084955
1846.95026084955
1846.95026084955
1846.95026084955
1846.95026084955
1846.95026084955
1846.95026084955
1846.95026084955
1846.95026084955
1846.95026084955
1846.95026084955
1846.95026084955
1846.95026084955
1846.95026084955
1846.95026084955
1846.95026084955
1846.95026084955
1846.95026084955
1846.95026084955
1846.95026084955
1846.95026084955
1846.95026084955
1846.95026084955
1846.95026084955
1846.95026084955
1846.95026084955
1846.95026084955
1846.95026084955
1846.95026084955
1846.95026084955
1846.95026084955
1846.95026084955
1846.95026084955
1846.95026084955
1846.95026084955
1846.95026084955
1846.95026084955
1846.95026084955
1846.95026084955
1846.95026084955
1846.95026084955
1846.95026084955
1846.95026084955
1846.95026084955
1846.95026084955
1846.95026084955
1846.95026084955
1846.95026084955
1846.95026084955
1846.95026084955
1846.95026084955
1846.95026084955
1846.95026084955
1846.95026084955
1846.95026084955
1846.95026084955
1846.95026084955
1846.95026084955
1846.95026084955
1846.95026084955
1846.95026084955
1846.95026084955
1846.95026084955
1846.95026084955
1846.95026084955
1846.95026084955
1846.95026084955
1846.95026084955
1846.95026084955
1846.95026084955
1846.95026084955
1846.95026084955
1846.95026084955
1846.95026084955
1846.95026084955
1846.95026084955
1846.95026084955
1846.95026084955
1846.95026084955
1846.95026084955
1846.95026084955
1846.95026084955
1846.95026084955
1846.95026084955
1846.95026084955
1846.95026084955
1846.95026084955
1846.95026084955
1846.95026084955
1846.95026084955
1846.95026084955
1846.95026084955
1846.95026084955
1846.95026084955
1846.95026084955
1846.95026084955
1846.95026084955
1846.95026084955
1846.95026084955
1846.95026084955
1846.95026084955
1846.95026084955
1846.95026084955
1846.95026084955
1846.95026084955
1846.95026084955
1846.95026084955
1846.95026084955
1846.95026084955
1846.95026084955
1846.95026084955
1846.95026084955
1846.95026084955
1846.95026084955
1846.95026084955
1846.95026084955
1846.95026084955
1846.95026084955
1846.95026084955
1846.95026084955
1846.95026084955
1846.95026084955
1846.95026084955
1846.95026084955
1846.95026084955
1846.95026084955
1846.95026084955
1846.95026084955
1846.95026084955
1846.95026084955
1846.95026084955
1846.95026084955
1846.95026084955
1846.95026084955
1846.95026084955
1846.95026084955
1846.95026084955
1846.95026084955
1846.95026084955
1846.95026084955
1846.95026084955
1846.95026084955
1846.95026084955
1846.95026084955
1846.95026084955
1846.95026084955
1846.95026084955
1846.95026084955
1846.95026084955
1846.95026084955
1846.95026084955
1846.95026084955
1846.95026084955
1846.95026084955
1846.95026084955
1846.95026084955
1846.95026084955
1846.95026084955
1846.95026084955
1846.95026084955
1846.95026084955
1846.95026084955
1846.95026084955
1846.95026084955
1846.95026084955
1846.95026084955
1846.95026084955
1846.95026084955
1846.95026084955
1846.95026084955
1846.95026084955
1846.95026084955
1846.95026084955
1846.95026084955
1846.95026084955
1846.95026084955

ave
2284.40351833175
2285.20088262440
2270.80639169308
2300.69420464029
2314.49826982169
2300.48936168645
2248.61031094699
2257.55328413241
2331.94914820916
2318.55187698526
2227.82152578517
2292.14495763139
2227.03566867332
2264.77674806580
2278.58741067461
2246.46615684333
2259.08104769065
2269.73839620920
2284.63967095830
2271.22135889558
2252.93083398751
2227.76896425788
2297.23733371959
2271.62130726437
2265.02101938645
2327.89785768641
2342.39466004563
2306.07712479640
2319.63995196586
2289.99093156659
2407.67466405874
2303.44654145829
2272.80426476866
2304.68756133314
2336.01336166873
2314.13462572718
2402.86693605886
2329.11156363504
2311.39299425551
2405.27179752625
2393.01743493721
2341.52969426990
2369.32382383371
2281.07449801574
2326.67683203368
2396.94737954897
2294.66383197760
2339.76697239058
2356.98115743941
2310.16427166319
2190.55949220289
2354.78368204675
2325.26048120414
2340.28528115976
2233.77870264608
2325.33946113020
2323.97465110496
2279.25204556230
2220.57218769686
2250.35196898933
2218.23141732819
2235.40129900372
2233.99843419535
2187.21451313264
2174.87910675223
2233.98087836286
2277.51945298888
2173.42505268873
2233.90190513259
2144.02116012908
2186.52429491299
2220.96546869323
2129.16375442560
2142.25182950823
2053.20636408321
2127.43178838397
2113.85976548029
2159.02888578770
2099.86160061432
2185.43440456266
2081.78885573142
2128.36850827634
2155.50264681214
2113.16367080034
2082.22129600879
2008.34401151579
2082.13112471956
2067.67353805074
2097.27575384488
2023.32323025465
2111.45791047586
2023.71323753521
2066.52916604003
1978.26262265038
2023.78420366876
1977.59996481538
2038.32775557538
2006.13616015166
2081.49606859182
2023.62117053807
2066.72870113137
2052.07470574753
2020.83970511550
2065.25787655524
2035.75692319247
1949.58510004987
2008.55551251673
2066.25793272497
1978.22055852167
2037.67266473797
2021.75812852639
2158.01122618958
2021.13134560702
1976.81734277418
2068.36465679692
2021.33917427169
2037.14718009681
1975.92988497731
2005.04534794287
2004.26019071382
1931.34819227757
1989.63103118109
1990.69568253678
1959.61866115541
1960.52917226288
1975.22433783524
1912.34157516824
1944.07600369845
2006.77441149303
1989.67548565193
1929.07159297973
1936.01630960884
1943.58212074809
1959.99344895961
1957.83419973914
1959.28242853369
2019.33868856360
1916.50484609361
1948.06897490932
1900.82622371977
1914.36931670537
1960.89392574671
1931.47143966361
1988.78400295123
1915.65730207754
1962.07101684911
1915.52436160196
2006.67692754783
1990.30142743854
1886.48437519485
1928.91695345387
2024.07811639056
1929.47364896084
1929.95329038713
1899.86229516019
1912.40241203298
1944.13925840186
1931.36954204249
1931.15733253134
1913.20188015396
1929.04289703483
1932.91019584855
1928.11035879883
1947.66229945236
1974.04022926938
1943.31283918332
1913.70922178551
1898.51992196461
1912.90944481281
1957.48402868432
1960.30697328492
1897.07303954271
2036.25393344375
1928.13403583525
1943.10722461208
1927.15802668766
1866.49625715896
1884.40773947957
1928.49183940132
1900.82222672022
1881.93388812438
1941.29333039616
1928.86140365180
1942.95185241898
1974.26607170937
1928.68749015313
1927.66269349390
1911.20141560834
1990.66530677965
1945.53677749457
1929.48003041307
1914.56600708878
1913.65963559109
1925.82601918372
1899.56800723201
1944.06600560499
1928.16179640378
1943.93511260030
1974.29549186360
1990.12477820369
1944.53201863657
1929.29247460919
1959.53610124215
1941.63708489635
1911.95789713708
1895.65164532308
1895.32076613308
1881.77029130382
1943.53505069511
1942.10852440882
1944.35864624289
1897.49875439019
1929.05174413383
1899.27443728916
1927.91415542086
1911.91379856391
1944.71936479118
1910.93688079774
2020.37444979289
1927.87324705125
1945.76261110323
1911.62672914663
1914.54895141445
1975.08178112383
1974.37377579014
1944.89495458760
1973.99576762784
1912.24074362377
1943.24093753575
1911.53239649193
1910.57089385708
1940.48977394039
1912.69039582953
1959.40078302664
1880.19251644090
1958.23218328420
1895.82974136808
1913.03980014554
1927.54571332161
1944.66799433604
1896.70914584692
1911.94652514666
1925.87382470031
1944.11057307872
1929.43785001296
1925.92568091082
1956.90782451571
1911.78074787114
1975.35003453635
1897.14008096525
1944.27067832029
1914.07788508312
1883.79594187806
1913.42505403905
1911.12298227899
2005.07957855112
1956.85989148251
1897.82217038864
1927.55538008339
1866.88183865946
1928.25371079510
1942.04538725264
1896.99475219683
1928.95072318591
1915.67235114363
1941.98129212038
1883.10576571027
1942.64060262921
1942.51956670663
1927.53210789965
1913.01271714046
1943.45721611699
1928.54542522423
1958.37132346281
1899.22165523448
1884.34502258509
1941.77147657244
1927.58331566409
1867.88632331926
1868.21239214220
1958.60957444726
1912.74208786592
1896.28014100083
1914.32547706322
1913.28469690069
1898.94513274230
1940.52891409629
1895.72238836485
1897.41144487358
1913.54306391286
1914.16919683805
1926.75121247659
1941.08956708813
1912.07694640710
1913.79090584287
1911.82166559409
1972.52665364796
1894.64579985596
1942.42926608957
1880.74436455398
1975.11328395526
1957.14962995751
1959.89225093478
1896.18071563432
1881.41444005494
1925.14278630481
1895.94584427407
1940.06804299641
1944.71107255233
1898.91717922964
1959.28649190808
1976.84316717263
1927.51649799448
1912.85074379161
1864.92675054668
1943.71974812898
1943.49333032380
1879.28419866508
1925.07464204736
1942.47328657376
1926.48508073776
1895.77360057011
1943.23545365078
1866.16394095921
1910.59457673129
1929.76945609747
1988.10701699072
1945.58563664352
1958.87481800507
1928.47801848284
1929.55342127373
1894.13068689453
1910.81982768507
1894.29293006199
1945.59936456130
1897.72037609462
1910.26708108441
1929.83405401145
1913.03049854913
1884.00812107872
1897.03946209239
1944.92650778461
1867.94130312962
1975.40917646777
1910.62768498552
1946.34369793085
1959.24224166144
1926.90866296260
1927.95201347978
1959.33043334822
1926.79656563366
1928.70020945829
1896.98142770367
1972.43588611835
1974.71548301927
1927.74566343258
1896.76285098945
1864.88296766480
1912.76770860135
1910.68181881575
1927.03421169716
1912.82215941538
1899.63012352721
1927.67862695064
1912.70422485273
1914.69410709652
1912.72693917538
1942.51006822520
1927.60564845074
1882.04617408758
1911.51974154455
1928.16345964241
1958.66796222397
1929.78266348227
1975.99424219126
1896.32285814003
1989.80116365577
1897.05800094355
1962.20534147440
1896.48805249690
1868.27175137075
1925.72311422840
1912.78238732086
1911.97908121247
1912.10608920371
1974.84367731152
1911.82554942153
1974.02978547001
1928.74443157692
1912.05426215015
1911.92824989586
1930.14869944050
1959.08193328124
2003.03507168012
2038.45259990100
1958.27091507271
1940.33578453748
1929.51613141205
1941.71372351060
1882.05779938474
1912.87302420709
1899.05755458194
1957.46704998739
1929.82895630786
1972.64131845201
1885.10800492100
1962.11525621641
1974.41252873957
1912.39252297252
1990.35627866313
1958.49124764390
1947.06950302535
1927.19907597310
1974.16113787549
1975.42625917255
1959.55091144284
1943.28412760622
1925.77904424717
1879.90525828099
1940.64614635350
1914.27407260264
1944.49760227016
1958.31329510180
1912.60377075342
1927.24636853850
1940.85085496585
1944.76694874776
1899.42109849595
1928.07920546695
1944.72407949067
1914.34468426891
1897.24895700374
1961.89012552230
1943.29959449214
1865.72758167377
1972.71354073872
1881.85706394539
1897.74526592164
1881.86463313398
1959.17241243891
1914.17779397028
1897.20879536821
1957.12133237322
1926.94197511070
2021.17519002989
1958.12625129631
1925.89096110129
1912.67054147141
1975.17519406396
1898.50312545080
1927.04175095842
1914.99692677611
1881.90718627089
1913.72968603489
1927.14857244491
1897.94453292664
1946.03337966430
1927.73260814729
1898.32635680371
1913.99303823782
1962.50995412132
1882.12220014102
1989.77387184963
1928.81361337358
1958.10955915585
1943.64049883079
1944.04308974760
1895.73212027932
2034.59985135490
1946.52812728515
1943.74568701065
1913.68570838447
1958.95002523924
1911.42362252952
1896.35999771044
1943.56747597312
1929.20139464063
1912.98949632286
1928.24240472067
1925.91037675225
1865.25651561895
1896.75429412017
1913.39548287952
1896.81994669781
1898.85518378451
1943.42613047076
1913.03597875839
1911.79125629019
1913.66893755552
1957.60498053911
1927.30765762794
1926.80141067998
2007.32784339598
1917.85359344134
1929.41426766590
1896.32015988291
1926.74608180156
1868.10851675296
1897.68801128142
1944.54963105424