最优解为:350.2993
最优解路径:

Best_route =

     0     0     0     0     0     0     0
     2     5     6     4     1     3     0

本次运算用时:2.515秒
算法在第1代时收敛

best
350.299297518822
350.299297518822
350.299297518822
350.299297518822
350.299297518822
350.299297518822
350.299297518822
350.299297518822
350.299297518822
350.299297518822
350.299297518822
350.299297518822
350.299297518822
350.299297518822
350.299297518822
350.299297518822
350.299297518822
350.299297518822
350.299297518822
350.299297518822
350.299297518822
350.299297518822
350.299297518822
350.299297518822
350.299297518822
350.299297518822
350.299297518822
350.299297518822
350.299297518822
350.299297518822
350.299297518822
350.299297518822
350.299297518822
350.299297518822
350.299297518822
350.299297518822
350.299297518822
350.299297518822
350.299297518822
350.299297518822
350.299297518822
350.299297518822
350.299297518822
350.299297518822
350.299297518822
350.299297518822
350.299297518822
350.299297518822
350.299297518822
350.299297518822
350.299297518822
350.299297518822
350.299297518822
350.299297518822
350.299297518822
350.299297518822
350.299297518822
350.299297518822
350.299297518822
350.299297518822
350.299297518822
350.299297518822
350.299297518822
350.299297518822
350.299297518822
350.299297518822
350.299297518822
350.299297518822
350.299297518822
350.299297518822
350.299297518822
350.299297518822
350.299297518822
350.299297518822
350.299297518822
350.299297518822
350.299297518822
350.299297518822
350.299297518822
350.299297518822
350.299297518822
350.299297518822
350.299297518822
350.299297518822
350.299297518822
350.299297518822
350.299297518822
350.299297518822
350.299297518822
350.299297518822
350.299297518822
350.299297518822
350.299297518822
350.299297518822
350.299297518822
350.299297518822
350.299297518822
350.299297518822
350.299297518822
350.299297518822
350.299297518822
350.299297518822
350.299297518822
350.299297518822
350.299297518822
350.299297518822
350.299297518822
350.299297518822
350.299297518822
350.299297518822
350.299297518822
350.299297518822
350.299297518822
350.299297518822
350.299297518822
350.299297518822
350.299297518822
350.299297518822
350.299297518822
350.299297518822
350.299297518822
350.299297518822
350.299297518822
350.299297518822
350.299297518822
350.299297518822
350.299297518822
350.299297518822
350.299297518822
350.299297518822
350.299297518822
350.299297518822
350.299297518822
350.299297518822
350.299297518822
350.299297518822
350.299297518822
350.299297518822
350.299297518822
350.299297518822
350.299297518822
350.299297518822
350.299297518822
350.299297518822
350.299297518822
350.299297518822
350.299297518822
350.299297518822
350.299297518822
350.299297518822
350.299297518822
350.299297518822
350.299297518822
350.299297518822
350.299297518822
350.299297518822
350.299297518822
350.299297518822
350.299297518822
350.299297518822
350.299297518822
350.299297518822
350.299297518822
350.299297518822
350.299297518822
350.299297518822
350.299297518822
350.299297518822
350.299297518822
350.299297518822
350.299297518822
350.299297518822
350.299297518822
350.299297518822
350.299297518822
350.299297518822
350.299297518822
350.299297518822
350.299297518822
350.299297518822
350.299297518822
350.299297518822
350.299297518822
350.299297518822
350.299297518822
350.299297518822
350.299297518822
350.299297518822
350.299297518822
350.299297518822
350.299297518822
350.299297518822
350.299297518822
350.299297518822
350.299297518822
350.299297518822
350.299297518822
350.299297518822
350.299297518822
350.299297518822

ave
367.370613913889
353.462487312237
368.440382919058
397.104236404689
396.442123564431
368.564690158319
380.978600327419
366.481053432720
367.279926778406
411.921110316763
352.205149495042
354.071322217841
366.900242500248
366.899917255332
397.168788394062
351.159183412792
367.549750602034
367.310633187258
380.824805822545
380.194012820822
366.897478613266
396.068554135999
366.525532246575
351.317661987760
380.017381622975
395.165319627405
365.298215705355
351.390860197336
365.740749338965
366.189998136712
365.133753276379
380.764389250212
365.381842766374
365.226375994520
350.393006524303
351.278116076103
380.492799354682
365.340357733324
350.299297518822
350.461950945231
364.991033650438
350.625666019720
379.644790903004
380.306164504548
350.610334638997
350.442017144763
350.299297518822
350.393006524303
350.299297518822
350.299297518822
350.299297518822
350.299297518822
350.299297518822
350.299297518822
350.299297518822
350.299297518822
350.299297518822
350.299297518822
350.299297518822
350.299297518822
350.299297518822
350.299297518822
350.299297518822
365.333419593811
350.299297518822
365.540024050756
365.565106082062
350.299297518822
365.028863442970
350.299297518822
350.299297518822
350.299297518822
350.299297518822
350.299297518822
350.299297518822
350.299297518822
350.299297518822
350.299297518822
350.299297518822
350.299297518822
350.419061562775
350.299297518822
350.299297518822
350.299297518822
350.299297518822
350.299297518822
365.564019794722
350.299297518822
350.299297518822
350.299297518822
350.419061562775
350.691664412518
350.299297518822
350.424121152699
350.299297518822
350.299297518822
350.299297518822
350.424121152699
364.834377014775
350.299297518822
364.991033650438
350.299297518822
350.299297518822
350.299297518822
350.299297518822
350.299297518822
350.299297518822
350.629316918402
350.299297518822
350.299297518822
350.299297518822
350.299297518822
350.299297518822
350.299297518822
350.299297518822
365.252982674546
350.299297518822
350.299297518822
350.299297518822
350.299297518822
350.299297518822
350.299297518822
350.299297518822
350.424121152699
350.299297518822
350.299297518822
350.804425529518
350.299297518822
350.299297518822
364.991033650438
350.299297518822
350.299297518822
350.299297518822
350.580306297942
365.540024050756
350.299297518822
365.333419593811
350.299297518822
350.299297518822
350.299297518822
350.299297518822
350.299297518822
350.299297518822
350.299297518822
350.299297518822
350.299297518822
350.299297518822
350.299297518822
350.299297518822
350.299297518822
350.299297518822
365.413675768159
350.299297518822
350.299297518822
350.424121152699
350.299297518822
350.393006524303
350.299297518822
350.419061562775
364.991033650438
350.299297518822
350.299297518822
350.299297518822
350.299297518822
350.299297518822
350.721939636543
350.299297518822
350.299297518822
350.299297518822
350.299297518822
350.299297518822
365.351315585875
350.299297518822
365.252982674546
365.333419593811
350.299297518822
350.299297518822
350.299297518822
350.299297518822
350.299297518822
350.424121152699
350.299297518822
365.333419593811
350.299297518822
350.299297518822
350.424121152699
350.299297518822
350.299297518822
350.299297518822
350.299297518822
350.299297518822
350.299297518822
350.299297518822
350.299297518822
350.299297518822
350.299297518822
350.804425529518
350.299297518822
350.299297518822
350.299297518822