最优解为:318.3703
最优解路径:

Best_route =

     1     6     5     2     4     3     0
     0     0     0     0     0     0     0

本次运算用时:2.703秒
算法在第1代时收敛

best
318.370260289050
318.370260289050
318.370260289050
318.370260289050
318.370260289050
318.370260289050
318.370260289050
318.370260289050
318.370260289050
318.370260289050
318.370260289050
318.370260289050
318.370260289050
318.370260289050
318.370260289050
318.370260289050
318.370260289050
318.370260289050
318.370260289050
318.370260289050
318.370260289050
318.370260289050
318.370260289050
318.370260289050
318.370260289050
318.370260289050
318.370260289050
318.370260289050
318.370260289050
318.370260289050
318.370260289050
318.370260289050
318.370260289050
318.370260289050
318.370260289050
318.370260289050
318.370260289050
318.370260289050
318.370260289050
318.370260289050
318.370260289050
318.370260289050
318.370260289050
318.370260289050
318.370260289050
318.370260289050
318.370260289050
318.370260289050
318.370260289050
318.370260289050
318.370260289050
318.370260289050
318.370260289050
318.370260289050
318.370260289050
318.370260289050
318.370260289050
318.370260289050
318.370260289050
318.370260289050
318.370260289050
318.370260289050
318.370260289050
318.370260289050
318.370260289050
318.370260289050
318.370260289050
318.370260289050
318.370260289050
318.370260289050
318.370260289050
318.370260289050
318.370260289050
318.370260289050
318.370260289050
318.370260289050
318.370260289050
318.370260289050
318.370260289050
318.370260289050
318.370260289050
318.370260289050
318.370260289050
318.370260289050
318.370260289050
318.370260289050
318.370260289050
318.370260289050
318.370260289050
318.370260289050
318.370260289050
318.370260289050
318.370260289050
318.370260289050
318.370260289050
318.370260289050
318.370260289050
318.370260289050
318.370260289050
318.370260289050
318.370260289050
318.370260289050
318.370260289050
318.370260289050
318.370260289050
318.370260289050
318.370260289050
318.370260289050
318.370260289050
318.370260289050
318.370260289050
318.370260289050
318.370260289050
318.370260289050
318.370260289050
318.370260289050
318.370260289050
318.370260289050
318.370260289050
318.370260289050
318.370260289050
318.370260289050
318.370260289050
318.370260289050
318.370260289050
318.370260289050
318.370260289050
318.370260289050
318.370260289050
318.370260289050
318.370260289050
318.370260289050
318.370260289050
318.370260289050
318.370260289050
318.370260289050
318.370260289050
318.370260289050
318.370260289050
318.370260289050
318.370260289050
318.370260289050
318.370260289050
318.370260289050
318.370260289050
318.370260289050
318.370260289050
318.370260289050
318.370260289050
318.370260289050
318.370260289050
318.370260289050
318.370260289050
318.370260289050
318.370260289050
318.370260289050
318.370260289050
318.370260289050
318.370260289050
318.370260289050
318.370260289050
318.370260289050
318.370260289050
318.370260289050
318.370260289050
318.370260289050
318.370260289050
318.370260289050
318.370260289050
318.370260289050
318.370260289050
318.370260289050
318.370260289050
318.370260289050
318.370260289050
318.370260289050
318.370260289050
318.370260289050
318.370260289050
318.370260289050
318.370260289050
318.370260289050
318.370260289050
318.370260289050
318.370260289050
318.370260289050
318.370260289050
318.370260289050
318.370260289050
318.370260289050
318.370260289050
318.370260289050
318.370260289050
318.370260289050
318.370260289050
318.370260289050
318.370260289050
318.370260289050
318.370260289050
318.370260289050
ave
337.158402483450
351.849607864971
321.343273715985
336.934282760514
322.266823996458
337.353974014070
321.784750115400
336.862573009555
321.829419607544
337.408978445697
321.072911623793
322.332387581878
320.720993518553
320.302627015818
333.907055739280
335.158138210965
321.137420293521
349.143615469212
319.490201800715
320.594834116675
320.530166301659
319.170285304605
349.324473982739
335.575088448032
320.079389498686
319.587884108780
320.056080722188
333.519263470947
333.976536261250
349.625617993832
318.901204707898
318.669318488589
333.776699136087
379.078025349493
333.037596647028
348.166054903209
318.967136972433
318.370260289050
318.370260289050
333.688770828991
333.445591842402
318.370260289050
318.758803144023
318.370260289050
318.370260289050
318.370260289050
319.056621627867
318.370260289050
318.482018714950
318.668078772894
318.370260289050
318.370260289050
318.370260289050
318.370260289050
318.370260289050
318.370260289050
318.370260289050
333.224896420667
318.370260289050
318.370260289050
333.068239785004
318.370260289050
318.370260289050
318.845643557014
318.370260289050
318.699193401290
318.370260289050
319.001982130611
318.370260289050
318.370260289050
318.370260289050
333.445591842402
318.613439275639
318.668078772894
318.370260289050
318.370260289050
318.426139502000
333.224896420667
318.370260289050
318.370260289050
318.370260289050
318.370260289050
333.474678632040
318.840583967090
333.068239785004
318.370260289050
318.370260289050
333.613439275639
318.370260289050
318.370260289050
318.370260289050
318.370260289050
318.370260289050
318.370260289050
318.370260289050
318.370260289050
318.370260289050
318.699193401290
318.370260289050
318.370260289050
319.229126822062
318.370260289050
318.370260289050
318.370260289050
318.370260289050
318.370260289050
318.613439275639
333.426139502000
318.776699136087
318.370260289050
318.370260289050
318.370260289050
318.370260289050
318.370260289050
318.370260289050
318.370260289050
318.370260289050
318.370260289050
333.224896420667
318.370260289050
318.370260289050
318.370260289050
318.370260289050
318.370260289050
318.370260289050
318.370260289050
333.224896420667
318.370260289050
318.370260289050
318.370260289050
318.370260289050
318.370260289050
318.370260289050
318.370260289050
318.370260289050
318.370260289050
318.370260289050
318.370260289050
318.845643557014
318.370260289050
318.370260289050
318.370260289050
318.370260289050
333.224896420667
318.370260289050
318.370260289050
333.068239785004
318.370260289050
318.370260289050
318.370260289050
318.370260289050
318.370260289050
318.370260289050
333.445591842402
318.370260289050
318.370260289050
318.370260289050
318.370260289050
318.370260289050
318.370260289050
318.370260289050
318.370260289050
318.370260289050
318.370260289050
318.370260289050
318.845643557014
318.370260289050
333.553829532906
318.370260289050
318.370260289050
318.776699136087
318.370260289050
318.370260289050
318.370260289050
318.370260289050
318.370260289050
333.445591842402
318.370260289050
318.452041112118
318.370260289050
318.370260289050
318.370260289050
318.370260289050
318.845643557014
318.370260289050
333.370260289051
333.370260289050
318.370260289050
333.445591842402
318.370260289050
318.370260289050
318.370260289050
318.370260289050
318.370260289050
318.370260289050
318.758803144023
318.370260289050
318.370260289050
333.224896420667
318.370260289050