最优解为:747.2988
最优解路径:

Best_route =

  1 至 24 列

     0     0     0     0     0     0     0     0     0     0     0     0     0     0     0     0     0     0     0     0     0     0     0     0
     0     0     0     0     0     0     0     0     0     0     0     0     0     0     0     0     0     0     0     0     0     0     0     0
     0     0     0     0     0     0     0     0     0     0     0     0     0     0     0     0     0     0     0     0     0     0     0     0
     0     0     0     0     0     0     0     0     0     0     0     0     0     0     0     0     0     0     0     0     0     0     0     0
    16     6    19    21     5     1    23    14     7    25    15    13    11    29    24     0     0     0     0     0     0     0     0     0
     4     9     3    30    27    22    12     8    10    17    20    28     2    18    26     0     0     0     0     0     0     0     0     0
     0     0     0     0     0     0     0     0     0     0     0     0     0     0     0     0     0     0     0     0     0     0     0     0
     0     0     0     0     0     0     0     0     0     0     0     0     0     0     0     0     0     0     0     0     0     0     0     0

  25 至 31 列

     0     0     0     0     0     0     0
     0     0     0     0     0     0     0
     0     0     0     0     0     0     0
     0     0     0     0     0     0     0
     0     0     0     0     0     0     0
     0     0     0     0     0     0     0
     0     0     0     0     0     0     0
     0     0     0     0     0     0     0

本次运算用时:99.632秒
算法在第62代时收敛

best
1074.15132459951
1058.74262475560
1054.66120113532
1054.66120113532
1054.66120113532
1054.66120113532
1054.66120113532
1054.66120113532
759.002877367571
759.002877367571
759.002877367571
757.943710975671
757.943710975671
757.943710975671
757.943710975671
757.943710975671
757.943710975671
757.943710975671
757.943710975671
757.943710975671
757.943710975671
757.943710975671
757.943710975671
757.481805796275
757.481805796275
757.481805796275
757.481805796275
757.481805796275
757.147653735497
757.147653735497
757.147653735497
756.654202522125
756.654202522125
756.654202522125
756.654202522125
756.654202522125
756.654202522125
756.654202522125
756.654202522125
756.654202522125
756.346181715502
756.346181715502
755.638940596873
755.443063505390
754.282102003652
754.282102003652
754.282102003652
753.080331525392
753.080331525392
751.287824874714
750.782961352851
750.782961352851
750.782961352851
750.782961352851
750.782961352851
750.782961352851
747.298772603294
747.298772603294
747.298772603294
747.298772603294
747.298772603294
747.298772603293
747.298772603293
747.298772603293
747.298772603293
747.298772603293
747.298772603293
747.298772603293
747.298772603293
747.298772603293
747.298772603293
747.298772603293
747.298772603293
747.298772603293
747.298772603293
747.298772603293
747.298772603293
747.298772603293
747.298772603293
747.298772603293
747.298772603293
747.298772603293
747.298772603293
747.298772603293
747.298772603293
747.298772603293
747.298772603293
747.298772603293
747.298772603293
747.298772603293
747.298772603293
747.298772603293
747.298772603293
747.298772603293
747.298772603293
747.298772603293
747.298772603293
747.298772603293
747.298772603293
747.298772603293
747.298772603293
747.298772603293
747.298772603293
747.298772603293
747.298772603293
747.298772603293
747.298772603293
747.298772603293
747.298772603293
747.298772603293
747.298772603293
747.298772603293
747.298772603293
747.298772603293
747.298772603293
747.298772603293
747.298772603293
747.298772603293
747.298772603293
747.298772603293
747.298772603293
747.298772603293
747.298772603293
747.298772603293
747.298772603293
747.298772603293
747.298772603293
747.298772603293
747.298772603293
747.298772603293
747.298772603293
747.298772603293
747.298772603293
747.298772603293
747.298772603293
747.298772603293
747.298772603293
747.298772603293
747.298772603293
747.298772603293
747.298772603293
747.298772603293
747.298772603293
747.298772603293
747.298772603293
747.298772603293
747.298772603293
747.298772603293
747.298772603293
747.298772603293
747.298772603293
747.298772603293
747.298772603293
747.298772603293
747.298772603293
747.298772603293
747.298772603293
747.298772603293
747.298772603293
747.298772603293
747.298772603293
747.298772603293
747.298772603293
747.298772603293
747.298772603293
747.298772603293
747.298772603293
747.298772603293
747.298772603293
747.298772603293
747.298772603293
747.298772603293
747.298772603293
747.298772603293
747.298772603293
747.298772603293
747.298772603293
747.298772603293
747.298772603293
747.298772603293
747.298772603293
747.298772603293
747.298772603293
747.298772603293
747.298772603293
747.298772603293
747.298772603293
747.298772603293
747.298772603293
747.298772603293
747.298772603293
747.298772603293
747.298772603293
747.298772603293
747.298772603293
747.298772603293
747.298772603293
747.298772603293
747.298772603293
747.298772603293
747.298772603293
747.298772603293
747.298772603293
747.298772603293
747.298772603293
747.298772603293
747.298772603293
747.298772603293
747.298772603293
747.298772603293
747.298772603293
747.298772603293
747.298772603293
747.298772603293
747.298772603293
747.298772603293
747.298772603293
747.298772603293
747.298772603293
747.298772603293
747.298772603293
747.298772603293
747.298772603293
747.298772603293
747.298772603293
747.298772603293
747.298772603293
747.298772603293
747.298772603293
747.298772603293
747.298772603293
747.298772603293
747.298772603293
747.298772603293
747.298772603293
747.298772603293
747.298772603293
747.298772603293
747.298772603293
747.298772603293
747.298772603293
747.298772603293
747.298772603293
747.298772603293
747.298772603293
747.298772603293
747.298772603293
747.298772603293
747.298772603293
747.298772603293
747.298772603293
747.298772603293
747.298772603293
747.298772603293
747.298772603293
747.298772603293
747.298772603293
747.298772603293
747.298772603293
747.298772603293
747.298772603293
747.298772603293
747.298772603293
747.298772603293
747.298772603293
747.298772603293
747.298772603293
747.298772603293
747.298772603293
747.298772603293
747.298772603293
747.298772603293
747.298772603293
747.298772603293
747.298772603293
747.298772603293
747.298772603293
747.298772603293
747.298772603293
747.298772603293
747.298772603293
747.298772603293
747.298772603293
747.298772603293
747.298772603293
747.298772603293
747.298772603293
747.298772603293
747.298772603293
747.298772603293
747.298772603293
747.298772603293
747.298772603293
747.298772603293
747.298772603293
747.298772603293
747.298772603293
747.298772603293
747.298772603293
747.298772603293
747.298772603293
747.298772603293
747.298772603293
747.298772603293
747.298772603293
747.298772603293
747.298772603293
747.298772603293
747.298772603293
747.298772603293
747.298772603293
747.298772603293
747.298772603293
747.298772603293
747.298772603293
747.298772603293
747.298772603293
747.298772603293
747.298772603293
747.298772603293
747.298772603293
747.298772603293
747.298772603293
747.298772603293
747.298772603293
747.298772603293
747.298772603293
747.298772603293
747.298772603293
747.298772603293
747.298772603293
747.298772603293
747.298772603293
747.298772603293
747.298772603293
747.298772603293
747.298772603293
747.298772603293
747.298772603293
747.298772603293
747.298772603293
747.298772603293
747.298772603293
747.298772603293
747.298772603293
747.298772603293
747.298772603293
747.298772603293
747.298772603293
747.298772603293
747.298772603293
747.298772603293
747.298772603293
747.298772603293
747.298772603293
747.298772603293
747.298772603293
747.298772603293
747.298772603293
747.298772603293
747.298772603293
747.298772603293
747.298772603293
747.298772603293
747.298772603293
747.298772603293
747.298772603293
747.298772603293
747.298772603293
747.298772603293
747.298772603293
747.298772603293
747.298772603293
747.298772603293
747.298772603293
747.298772603293
747.298772603293
747.298772603293
747.298772603293
747.298772603293
747.298772603293
747.298772603293
747.298772603293
747.298772603293
747.298772603293
747.298772603293
747.298772603293
747.298772603293
747.298772603293
747.298772603293
747.298772603293
747.298772603293
747.298772603293
747.298772603293
747.298772603293
747.298772603293
747.298772603293
747.298772603293
747.298772603293
747.298772603293
747.298772603293
747.298772603293
747.298772603293
747.298772603293
747.298772603293
747.298772603293
747.298772603293
747.298772603293
747.298772603293
747.298772603293
747.298772603293
747.298772603293
747.298772603293
747.298772603293
747.298772603293
747.298772603293
747.298772603293
747.298772603293
747.298772603293
747.298772603293
747.298772603293
747.298772603293
747.298772603293
747.298772603293
747.298772603293
747.298772603293
747.298772603293
747.298772603293
747.298772603293
747.298772603293
747.298772603293
747.298772603293
747.298772603293
747.298772603293
747.298772603293
747.298772603293
747.298772603293
747.298772603293
747.298772603293
747.298772603293
747.298772603293
747.298772603293
747.298772603293
747.298772603293
747.298772603293
747.298772603293
747.298772603293
747.298772603293
747.298772603293
747.298772603293
747.298772603293
747.298772603293
747.298772603293
747.298772603293
747.298772603293
747.298772603293
747.298772603293
747.298772603293
747.298772603293
747.298772603293
747.298772603293
747.298772603293
747.298772603293
747.298772603293
747.298772603293
747.298772603293
747.298772603293
747.298772603293
747.298772603293
747.298772603293
747.298772603293
747.298772603293
747.298772603293
747.298772603293
747.298772603293
747.298772603293
747.298772603293
747.298772603293
747.298772603293
747.298772603293
747.298772603293
747.298772603293
747.298772603293
747.298772603293
747.298772603293
747.298772603293
747.298772603293
747.298772603293
747.298772603293
747.298772603293
747.298772603293
747.298772603293
747.298772603293
747.298772603293
747.298772603293
747.298772603293
747.298772603293
747.298772603293
747.298772603293
747.298772603293

ave
1163.78594498070
1156.01376399979
1140.88483527470
1186.89710349388
1167.86097378971
1121.36950843643
1153.62815848748
1136.82929839360
1197.19162481054
1137.63081952106
1193.46937597845
1132.59529333199
1171.38858364246
1293.12267271644
1170.73606378181
1175.54692992796
1202.48663752457
1108.72555277803
1184.55106197949
1165.66366764481
1109.62544624560
1154.54619024565
1182.25243974299
1076.75702254368
1179.14505183658
1151.34524877666
1195.57471778615
1191.26476939910
1119.56766962349
1133.64590975242
1120.25283248866
1134.83321679958
1179.25693308952
1103.83311719149
1121.37247660835
1091.10862828317
1060.34278607917
1015.51713153615
1029.78727717992
1045.63042343312
1026.43525772290
1029.46444836832
969.780480610039
925.530190460752
984.658395862201
937.282851316326
967.364168195233
894.064628164666
921.433958738578
863.825826164889
938.144024786124
965.308127997052
861.174200732134
890.309969408260
876.286591620720
862.925110086643
843.110375079881
828.380573119987
874.863683809978
859.006391439930
797.333751651312
797.823590605767
766.150158415127
840.478343457040
844.543140847890
794.527953812796
793.215404134700
811.506840617721
840.532780949013
794.444299407963
795.837886650385
797.873735831846
794.342759833689
765.568005950267
780.383586968407
748.420578083003
795.211670753349
780.589010272407
763.976556244127
748.832761809244
794.761534302947
812.416672031811
826.693281903620
763.025991700609
808.797002813975
764.357786594008
763.120184270029
763.060471530485
763.186320298049
778.280168136664
778.542110809262
762.328992813504
780.525459826057
778.686035990892
763.816195781637
777.813186418785
780.028426790682
793.772022126891
764.440026248605
763.607351809840
777.347009517326
762.467990234397
762.289298562591
793.247658266457
762.454667199302
763.688678217806
779.187957691692
777.553333339568
764.792721954425
778.760752380504
777.869064613235
840.588905741121
809.108741609787
778.889069986446
810.812027671858
794.439077754905
778.311109790151
837.831974860526
763.268480234977
763.672846921239
763.369462234498
763.917054850014
779.447701671843
762.343733536613
779.181180989911
747.882958244140
747.570549916885
762.750592964850
765.010531634025
762.697089939127
809.761509757339
747.860027298748
779.058275705914
748.422036127260
794.939076071378
747.298772603293
780.983172732747
763.736615945425
763.707650365578
794.952127936753
777.520538008697
778.049674951930
747.852898947766
763.856100143175
779.845496864491
762.613530620537
792.529605328889
762.992332994776
778.805391887907
780.239667916056
762.289426408509
762.936171127472
794.535694116077
747.333388116161
778.497838190638
778.081601955941
808.574139110643
747.576530169455
777.640572883970
779.187218947510
839.973579605451
792.509865437962
762.236554304004
778.109449445170
838.853877367563
762.930821452563
762.976820822226
778.072785590814
764.098619762029
778.431431378251
763.790039797125
779.103938407351
808.322544796680
794.947623547863
763.417009410282
793.901278233011
747.298772603294
792.580247623776
792.314904412464
777.442785696498
747.528197342738
764.496493766171
748.846208853155
778.054442657613
778.374180574824
794.964397130002
779.564309578768
762.455634171746
762.879930861257
794.701350196077
747.729516340621
780.065379454573
779.771126774499
795.373671532380
764.012263305041
763.100515543321
762.664510409493
778.747273738385
747.298772603293
764.768610665933
779.122906392727
809.853050762607
747.691736339864
762.839405202343
762.112833920845
793.540754645196
763.032057881140
765.039119864080
762.933252669980
763.017740811688
808.026551119417
747.298772603293
778.999526492607
777.998915202567
763.301728552530
747.298772603293
826.130307311782
823.511801876294
764.057576752068
748.127228165734
794.015847863759
777.949997113691
779.957159483851
794.224058935860
794.604077124588
778.759778598566
778.374887239543
793.815135791705
762.692047992604
747.298772603294
794.516882371048
763.073666701386
763.159609878286
778.421436327073
823.584206872513
793.308907041543
747.950283870255
778.847209117043
778.426565859283
764.170764356984
810.985146949596
747.673845637526
763.222629024005
797.048640349230
764.718931861316
777.716553641027
747.528252808479
762.544487497593
777.816272614300
763.824883415786
792.984813347958
778.337714528024
794.902915571234
793.220682459694
762.858128964111
793.734663988758
793.517298957671
747.657102990049
792.377538901595
779.593061312784
778.304052187697
794.076033452382
747.298772603294
779.151575536173
763.887661591894
779.444313663285
779.263525005046
778.134300654114
747.645587940060
763.204122975451
778.037159790975
762.930072817431
811.109480761737
809.737503999735
763.920719218929
825.386111353097
808.054172621059
748.365962828893
778.149168962935
779.093052520357
763.422851202598
763.617776749060
747.298772603294
748.110825856819
762.088012262552
747.768995122491
778.742420751770
763.677460100834
794.485575114239
762.714151869744
762.785091555451
747.298772603294
797.055358575053
748.306820815741
824.738952867262
762.115688845583
762.681169418297
822.239783389219
747.298772603294
747.298772603294
808.163877269260
763.147940670257
763.114858151993
778.538455676948
778.909030694326
763.097260345000
808.758067149786
780.519720945482
778.738465329611
748.255019665628
807.931038067097
793.432529243211
747.721061039913
822.955284899019
763.059659608951
764.028442221434
747.862563418028
824.764074613251
792.237118839447
794.274334027208
762.109648863359
762.087166524819
823.938778907054
793.484180879249
810.484568862897
778.311112993200
764.512708215241
809.261939246053
794.723043017796
763.255830274996
778.143640263209
747.298772603294
747.583238400850
762.593697944035
825.174342397851
777.745274804273
793.236030187351
793.438671413070
762.756478863963
778.435553870456
778.813362509909
808.726931962161
778.535069668429
807.997776320370
778.162611782148
747.534630919230
762.783226148567
777.653672289233
747.881659115589
809.110407650577
778.205107281184
762.289426408509
765.011858183725
762.630265279987
794.394019714167
779.475755414554
763.756680022767
762.855093316160
780.171494034749
810.226851090581
793.530859311841
839.753287145003
778.362194253976
808.717818932515
777.800022585477
780.001414544895
778.959694010404
792.828472726157
762.512265157796
793.948399997329
762.938500727104
762.891135725382
748.282574905206
764.668862673915
794.879859092192
762.599957566217
777.714352478101
792.886348261147
763.458017487977
777.714848044192
763.938822139689
762.445109935483
792.593406764584
777.243352424825
763.031719196237
779.974068092371
809.942890677815
762.627557179254
793.671162532437
763.939368580806
762.115688845583
763.714001085621
762.994092210220
807.416007038758
778.491194547056
764.016776882409
747.298772603294
778.080956439167
807.747097961379
777.679225012152
779.203061084980
764.032606622476
747.765096473852
794.734879190367
779.119852648789
779.756887214929
779.093277548799
794.324275463589
778.002160588538
777.700047278399
762.526204496515
807.365192764202
792.545341823989
779.510806744814
763.508390803379
777.348713216147
793.237408685407
778.986225941201
808.153373004351
793.886795864653
824.359434403753
777.956868106717
747.298772603294
779.004237126607
762.583679726414
763.107042525079
794.490017642564
794.433464138366
765.012104897136
792.740993102001
780.107857303927
794.683483311838
795.992961136758
764.469422500401
779.080068013621
793.853437689606
763.100107093436
779.327536833825
762.346432202683
763.654524243944
763.779710608049
763.265443070682
792.931218740756
763.895101504388
794.396331986606
777.344154680314
794.258654400145
793.004335520346
778.505842052736
748.292940745533
747.917212811782
778.306795531157
762.732463761699
747.410774106971
777.353310913191
808.928532042886
794.307019439255
748.084200274893
747.576530169455
779.439471459949
823.860274346716
762.455513260537
778.269533093916
807.555182727825
808.604622726491
778.211567211103
778.071735033288
779.743777474459
763.509247723260
763.139750215760
809.348138030284
763.430170705631
747.298772603293
748.122729285299
762.560480902365
763.337452204241
794.167512945845
747.737219408130
794.966854234825
762.696825452600
795.028781432356
747.605314991682
762.661159321808
809.919132065829
807.057022928110
809.864445181068
778.593555368706
794.530578146200
778.731163309281
748.214560305447
779.126614065621
762.943990376304
808.383631961094
747.298772603294
778.955027243607
793.674131376804
748.651620373633
792.747402614414
763.433498117655
777.268593151883