最优解为:1258.4438
最优解路径:

Best_route =

  1 至 24 列

    10     0     0     0     0     0     0     0     0     0     0     0     0     0     0     0     0     0     0     0     0     0     0     0
     0     0     0     0     0     0     0     0     0     0     0     0     0     0     0     0     0     0     0     0     0     0     0     0
     7    22    27     8    12    13    15    21     5     2     0     0     0     0     0     0     0     0     0     0     0     0     0     0
    16     9     4    11    28    24    14    29     0     0     0     0     0     0     0     0     0     0     0     0     0     0     0     0
     0     0     0     0     0     0     0     0     0     0     0     0     0     0     0     0     0     0     0     0     0     0     0     0
     0     0     0     0     0     0     0     0     0     0     0     0     0     0     0     0     0     0     0     0     0     0     0     0
    18    30     3     1    23     6    19    25    26    17    20     0     0     0     0     0     0     0     0     0     0     0     0     0
     0     0     0     0     0     0     0     0     0     0     0     0     0     0     0     0     0     0     0     0     0     0     0     0

  25 至 31 列

     0     0     0     0     0     0     0
     0     0     0     0     0     0     0
     0     0     0     0     0     0     0
     0     0     0     0     0     0     0
     0     0     0     0     0     0     0
     0     0     0     0     0     0     0
     0     0     0     0     0     0     0
     0     0     0     0     0     0     0

本次运算用时:100.554秒
算法在第51代时收敛

best
1273.17719120525
1266.93691647666
1264.88525876938
1264.10941047464
1263.65160216404
1261.19798437831
1261.19798437831
1261.19798437831
1261.19798437831
1261.19798437831
1261.19798437831
1261.19798437831
1261.19798437831
1261.19798437831
1261.19798437831
1261.19798437831
1261.19798437831
1261.19798437831
1261.19798437831
1261.19798437831
1259.35558854530
1259.35558854530
1259.35558854530
1258.75316922358
1258.75316922358
1258.75316922358
1258.75316922358
1258.47989383342
1258.47989383342
1258.47989383342
1258.47989383342
1258.47989383342
1258.47989383342
1258.47989383342
1258.47989383342
1258.47989383342
1258.47989383342
1258.47989383342
1258.47989383342
1258.47989383342
1258.47989383342
1258.47989383342
1258.47989383342
1258.47989383342
1258.47989383342
1258.47989383342
1258.47989383342
1258.47989383342
1258.47989383342
1258.47989383342
1258.44382372779
1258.44382372779
1258.44382372779
1258.44382372779
1258.44382372779
1258.44382372779
1258.44382372779
1258.44382372779
1258.44382372779
1258.44382372779
1258.44382372779
1258.44382372779
1258.44382372779
1258.44382372779
1258.44382372779
1258.44382372779
1258.44382372779
1258.44382372779
1258.44382372779
1258.44382372779
1258.44382372779
1258.44382372779
1258.44382372779
1258.44382372779
1258.44382372779
1258.44382372779
1258.44382372779
1258.44382372779
1258.44382372779
1258.44382372779
1258.44382372779
1258.44382372779
1258.44382372779
1258.44382372779
1258.44382372779
1258.44382372779
1258.44382372779
1258.44382372779
1258.44382372779
1258.44382372779
1258.44382372779
1258.44382372779
1258.44382372779
1258.44382372779
1258.44382372779
1258.44382372779
1258.44382372779
1258.44382372779
1258.44382372779
1258.44382372779
1258.44382372779
1258.44382372779
1258.44382372779
1258.44382372779
1258.44382372779
1258.44382372779
1258.44382372779
1258.44382372779
1258.44382372779
1258.44382372779
1258.44382372779
1258.44382372779
1258.44382372779
1258.44382372779
1258.44382372779
1258.44382372779
1258.44382372779
1258.44382372779
1258.44382372779
1258.44382372779
1258.44382372779
1258.44382372779
1258.44382372779
1258.44382372779
1258.44382372779
1258.44382372779
1258.44382372779
1258.44382372779
1258.44382372779
1258.44382372779
1258.44382372779
1258.44382372779
1258.44382372779
1258.44382372779
1258.44382372779
1258.44382372779
1258.44382372779
1258.44382372779
1258.44382372779
1258.44382372779
1258.44382372779
1258.44382372779
1258.44382372779
1258.44382372779
1258.44382372779
1258.44382372779
1258.44382372779
1258.44382372779
1258.44382372779
1258.44382372779
1258.44382372779
1258.44382372779
1258.44382372779
1258.44382372779
1258.44382372779
1258.44382372779
1258.44382372779
1258.44382372779
1258.44382372779
1258.44382372779
1258.44382372779
1258.44382372779
1258.44382372779
1258.44382372779
1258.44382372779
1258.44382372779
1258.44382372779
1258.44382372779
1258.44382372779
1258.44382372779
1258.44382372779
1258.44382372779
1258.44382372779
1258.44382372779
1258.44382372779
1258.44382372779
1258.44382372779
1258.44382372779
1258.44382372779
1258.44382372779
1258.44382372779
1258.44382372779
1258.44382372779
1258.44382372779
1258.44382372779
1258.44382372779
1258.44382372779
1258.44382372779
1258.44382372779
1258.44382372779
1258.44382372779
1258.44382372779
1258.44382372779
1258.44382372779
1258.44382372779
1258.44382372779
1258.44382372779
1258.44382372779
1258.44382372779
1258.44382372779
1258.44382372779
1258.44382372779
1258.44382372779
1258.44382372779
1258.44382372779
1258.44382372779
1258.44382372779
1258.44382372779
1258.44382372779
1258.44382372779
1258.44382372779
1258.44382372779
1258.44382372779
1258.44382372779
1258.44382372779
1258.44382372779
1258.44382372779
1258.44382372779
1258.44382372779
1258.44382372779
1258.44382372779
1258.44382372779
1258.44382372779
1258.44382372779
1258.44382372779
1258.44382372779
1258.44382372779
1258.44382372779
1258.44382372779
1258.44382372779
1258.44382372779
1258.44382372779
1258.44382372779
1258.44382372779
1258.44382372779
1258.44382372779
1258.44382372779
1258.44382372779
1258.44382372779
1258.44382372779
1258.44382372779
1258.44382372779
1258.44382372779
1258.44382372779
1258.44382372779
1258.44382372779
1258.44382372779
1258.44382372779
1258.44382372779
1258.44382372779
1258.44382372779
1258.44382372779
1258.44382372779
1258.44382372779
1258.44382372779
1258.44382372779
1258.44382372779
1258.44382372779
1258.44382372779
1258.44382372779
1258.44382372779
1258.44382372779
1258.44382372779
1258.44382372779
1258.44382372779
1258.44382372779
1258.44382372779
1258.44382372779
1258.44382372779
1258.44382372779
1258.44382372779
1258.44382372779
1258.44382372779
1258.44382372779
1258.44382372779
1258.44382372779
1258.44382372779
1258.44382372779
1258.44382372779
1258.44382372779
1258.44382372779
1258.44382372779
1258.44382372779
1258.44382372779
1258.44382372779
1258.44382372779
1258.44382372779
1258.44382372779
1258.44382372779
1258.44382372779
1258.44382372779
1258.44382372779
1258.44382372779
1258.44382372779
1258.44382372779
1258.44382372779
1258.44382372779
1258.44382372779
1258.44382372779
1258.44382372779
1258.44382372779
1258.44382372779
1258.44382372779
1258.44382372779
1258.44382372779
1258.44382372779
1258.44382372779
1258.44382372779
1258.44382372779
1258.44382372779
1258.44382372779
1258.44382372779
1258.44382372779
1258.44382372779
1258.44382372779
1258.44382372779
1258.44382372779
1258.44382372779
1258.44382372779
1258.44382372779
1258.44382372779
1258.44382372779
1258.44382372779
1258.44382372779
1258.44382372779
1258.44382372779
1258.44382372779
1258.44382372779
1258.44382372779
1258.44382372779
1258.44382372779
1258.44382372779
1258.44382372779
1258.44382372779
1258.44382372779
1258.44382372779
1258.44382372779
1258.44382372779
1258.44382372779
1258.44382372779
1258.44382372779
1258.44382372779
1258.44382372779
1258.44382372779
1258.44382372779
1258.44382372779
1258.44382372779
1258.44382372779
1258.44382372779
1258.44382372779
1258.44382372779
1258.44382372779
1258.44382372779
1258.44382372779
1258.44382372779
1258.44382372779
1258.44382372779
1258.44382372779
1258.44382372779
1258.44382372779
1258.44382372779
1258.44382372779
1258.44382372779
1258.44382372779
1258.44382372779
1258.44382372779
1258.44382372779
1258.44382372779
1258.44382372779
1258.44382372779
1258.44382372779
1258.44382372779
1258.44382372779
1258.44382372779
1258.44382372779
1258.44382372779
1258.44382372779
1258.44382372779
1258.44382372779
1258.44382372779
1258.44382372779
1258.44382372779
1258.44382372779
1258.44382372779
1258.44382372779
1258.44382372779
1258.44382372779
1258.44382372779
1258.44382372779
1258.44382372779
1258.44382372779
1258.44382372779
1258.44382372779
1258.44382372779
1258.44382372779
1258.44382372779
1258.44382372779
1258.44382372779
1258.44382372779
1258.44382372779
1258.44382372779
1258.44382372779
1258.44382372779
1258.44382372779
1258.44382372779
1258.44382372779
1258.44382372779
1258.44382372779
1258.44382372779
1258.44382372779
1258.44382372779
1258.44382372779
1258.44382372779
1258.44382372779
1258.44382372779
1258.44382372779
1258.44382372779
1258.44382372779
1258.44382372779
1258.44382372779
1258.44382372779
1258.44382372779
1258.44382372779
1258.44382372779
1258.44382372779
1258.44382372779
1258.44382372779
1258.44382372779
1258.44382372779
1258.44382372779
1258.44382372779
1258.44382372779
1258.44382372779
1258.44382372779
1258.44382372779
1258.44382372779
1258.44382372779
1258.44382372779
1258.44382372779
1258.44382372779
1258.44382372779
1258.44382372779
1258.44382372779
1258.44382372779
1258.44382372779
1258.44382372779
1258.44382372779
1258.44382372779
1258.44382372779
1258.44382372779
1258.44382372779
1258.44382372779
1258.44382372779
1258.44382372779
1258.44382372779
1258.44382372779
1258.44382372779
1258.44382372779
1258.44382372779
1258.44382372779
1258.44382372779
1258.44382372779
1258.44382372779
1258.44382372779
1258.44382372779
1258.44382372779
1258.44382372779
1258.44382372779
1258.44382372779
1258.44382372779
1258.44382372779
1258.44382372779
1258.44382372779
1258.44382372779
1258.44382372779
1258.44382372779
1258.44382372779
1258.44382372779
1258.44382372779
1258.44382372779
1258.44382372779
1258.44382372779
1258.44382372779
1258.44382372779
1258.44382372779
1258.44382372779
1258.44382372779
1258.44382372779
1258.44382372779
1258.44382372779
1258.44382372779
1258.44382372779
1258.44382372779
1258.44382372779
1258.44382372779
1258.44382372779
1258.44382372779
1258.44382372779
1258.44382372779
1258.44382372779


ave
1336.80217400327
1299.88558788800
1355.57145105033
1313.14726546888
1288.19522856283
1352.97309739871
1318.33825415568
1307.06035638149
1322.73363776176
1290.87632328386
1361.32189858486
1319.23683584321
1284.76444370029
1317.46764722422
1287.52226176780
1285.08823708012
1299.67907544740
1298.78601424459
1342.91775447644
1299.31247666200
1327.50218465402
1357.11149780714
1312.88963718566
1343.49660950742
1328.35844706315
1342.10066627026
1384.80784561805
1311.06158814388
1401.69443227555
1356.52585690116
1309.45405884746
1398.35103393784
1428.10067190405
1337.92318915513
1365.44472974924
1394.76505227556
1426.60206489905
1336.38727808565
1426.43541299233
1365.25579744165
1380.83569147477
1441.11701000644
1395.10277560188
1349.34096307025
1472.12717652179
1380.01117627583
1379.59350609412
1364.84316631697
1454.70277400313
1381.61971687978
1424.76600493931
1334.91992291725
1364.72877359537
1349.36453878060
1380.45811816980
1320.32683885934
1380.81514157842
1319.30964486149
1364.81583652985
1364.96488712577
1305.43975051298
1365.75357158093
1304.56722499984
1274.40895060361
1274.47695318757
1319.84683143723
1259.21052576133
1289.23893977548
1275.09018786085
1274.69717624398
1319.96592213601
1290.07416482200
1349.83161724204
1289.41304320962
1274.50373459631
1274.65978469940
1273.82889139103
1259.61205187882
1259.10304410917
1273.59097261536
1320.35933566828
1274.02334846355
1275.36590595396
1259.24985692565
1259.91578208304
1259.72264867129
1319.63039696011
1289.73187853154
1259.18151166907
1289.24928372716
1259.44025844634
1274.32745844758
1305.06674469681
1274.37572516505
1259.57504843957
1274.55215851218
1274.29538172344
1258.78324327277
1274.93785426203
1259.60914469963
1273.78568467711
1259.71601076455
1274.59145523597
1273.95694217273
1259.13870117329
1274.37110194668
1289.68070460458
1259.55076981893
1304.09728485721
1259.36893967216
1259.15343405975
1259.35272158992
1260.52478776109
1259.54956222592
1259.70238702586
1259.71476638293
1274.62625380569
1259.21309925893
1290.14948886642
1274.96399356470
1260.17395570603
1258.91534494928
1273.83703027711
1260.25217522279
1304.64860872043
1274.46889592851
1259.28114051592
1274.66707629240
1258.82185108753
1259.22660037726
1259.52272789160
1258.81654476406
1258.74898096175
1273.81246560505
1258.98954998260
1258.56265562101
1304.25491271802
1259.51825101285
1259.03522482706
1259.16548988263
1273.62477889305
1258.44382372779
1273.81641808938
1259.11349053811
1274.91026981700
1258.56265562101
1259.83749442150
1289.45816518392
1259.37848475001
1259.14082096356
1275.09929531816
1274.67421393879
1289.84335297811
1274.68267658420
1258.56265562101
1258.73005142170
1335.04574595330
1333.83090777933
1320.03800310709
1334.34497094526
1290.18253830780
1289.78600489121
1260.00234392594
1288.96030626701
1274.19273982355
1319.19892990878
1275.00220787402
1333.70255054271
1289.52144145948
1259.53410965475
1259.41940529830
1259.62532235067
1274.79086167148
1274.59016570940
1273.70641970410
1274.30979362524
1289.10747834913
1259.32613732990
1288.87163679356
1304.75706706714
1274.76118926733
1273.56944111390
1273.68827300712
1259.25365246659
1274.00516898343
1273.38952372779
1258.95352077413
1274.31884027869
1304.02312845860
1288.53328781088
1304.32703383990
1289.32911806245
1289.35232507116
1273.68731698618
1289.88437814030
1289.38324814427
1259.21445417967
1304.35158679608
1258.88638298075
1289.88336327270
1289.50096513939
1289.51832989102
1258.80031940746
1275.29811777282
1273.50835562101
1259.65748716507
1274.14558435782
1258.44382372779
1259.82172867297
1259.57489240905
1274.37110825302
1258.91915130068
1258.68148751424
1274.34128674530
1259.27803005195
1273.80614887940
1259.21118046009
1273.38952372779
1259.23232243133
1273.56265562101
1273.38952372779
1259.24287866042
1289.07235266735
1259.88683552608
1273.74601940746
1274.05594319813
1289.47055473325
1275.04399875846
1258.80031940746
1260.14314765743
1259.63195451223
1259.20149399672
1273.95091487397
1258.74161698618
1258.95352077413
1259.04407992666
1259.79120088077
1258.78555751496
1275.04262864903
1303.72608888091
1290.07651840286
1258.89637168423
1259.32777638966
1259.96611365157
1259.22649556783
1259.39002772659
1274.29261459968
1259.17660520482
1274.39686395613
1258.80031940746
1260.04966115409
1259.67570942676
1303.70217479239
1259.64470404760
1273.92593679356
1258.98127457271
1274.74346322430
1273.80031940746
1260.32872195536
1259.26235822712
1258.62278509295
1289.16488940006
1273.97928077262
1258.88026065403
1258.74257300712
1258.80031940746
1260.34244866712
1259.12404676719
1260.60419711722
1258.98023679356
1260.72471507207
1258.80031940746
1258.91915130068
1259.84546753163
1273.50835562101
1260.65428815768
1274.04234590669
1258.68148751424
1259.49941673492
1288.98855664490
1258.77153497565
1274.45552886177
1258.62374111390
1259.45806654158
1258.86140490034
1258.73453203419
1274.02883866220
1259.27348940006
1288.93808299115
1259.57578911363
1258.86140490034
1259.41849303038
1258.86140490034
1273.76750519698
1288.67233771053
1273.74601940746
1259.15009496721
1258.56265562101
1259.44586516050
1259.02996164451
1259.46175562958
1259.51569383839
1304.47480592932
1259.79305636199
1274.52552311110
1259.47798342712
1259.60160012488
1289.49960842163
1288.78717437379
1258.44382372779
1273.85813118076
1273.80710490034
1274.24897985614
1289.90387790669
1274.02139175990
1258.56265562101
1259.42421651925
1258.62374111390
1258.44382372779
1259.14929680213
1288.81389039322
1259.63495443085
1274.40404573114
1273.72425211947
1258.56265562101
1274.24827691596
1258.86140490034
1273.38952372779
1259.45548518382
1258.86676560505
1259.09386448700
1259.80278309049
1258.44382372779
1273.69622028310
1288.78717437379
1274.12074804587
1273.56944111390
1258.74793371182
1288.97826232713
1258.77522131196
1274.98954674021
1258.62374111390
1275.65619430160
1273.38952372779
1274.48596852453
1274.13780427983
1273.99152755004
1273.56944111390
1259.33001235331
1274.46052721304
1273.48846363999
1273.89169779491
1259.10650625312
1259.82238846023
1273.56265562101
1274.18547158316
1258.62374111390
1259.51502664019
1259.47302416187
1274.27491418824
1259.39406125167
1288.89539738136
1259.09878718832
1259.23392875295
1274.56731060840
1259.18544095195
1289.13619296478
1274.49185932568
1273.95157016807
1259.31244255198
1274.85571659236
1288.77709868359
1258.56265562101
1273.89316847363
1258.98215109793
1259.07175686498
1273.71585698769
1259.04540647434
1289.73636047072
1258.71585698769
1304.84756839817
1288.68499928754
1288.70326126030
1333.52209928754
1318.53073371182
1274.06468048774
1289.33699414930
1319.18566650554
1275.52719598502
1288.33522372779
1273.38952372779
1288.79878651972
1273.95091487397
1258.44382372779
1274.27905144586
1273.44382372779
1288.57288751424
1273.38952372779
1288.38952372779
1258.68148751424
1274.19449547925
1259.62666511821
1259.40979443678
1274.69798250431
1274.66910520258
1258.98789024758
1273.62718751424
1258.89577437379
1288.33522372779
1259.20942604332
1258.62374111390
1274.15751507566
1288.93376006560
1258.92785109793
1259.63066138481
1258.72323979101
1259.53571341267
1258.71585698769
1259.50400957476
1273.56944111390
1259.50630060008
1258.44382372779
1258.79359928754
1258.74793371182
1258.44382372779
1258.72323979101
1259.70922008919
1274.65056690512
1259.40181925561
1274.75002498150
1275.03660180442
1274.24294403338
1273.83208298075
1258.44382372779
1288.95770036685
1259.33937140590
1258.44382372779
1273.66155698769
1259.07473573895
1273.64202482753
1258.44382372779
1288.68827300712
1258.94746847363
1258.44382372779
1259.51075260697
1274.46678345996
1259.33470133176
1258.62374111390
1258.75940961821
1259.29506010938
1258.44382372779
1289.97330018876
1273.79303101032
1259.76647386543
1273.38952372779
1275.07533033460
1259.43656985909
1275.32444747431
1259.71492865575
1258.77514155542
1274.17813497102
1259.70396274438
1259.19804872715
1274.32894223371
1259.80919325329
1258.44382372779
1274.05377878144
1273.79764607411
1273.96493087345
1260.04340074892
1258.86318340388
1258.85184099277
1259.28017248777
1274.20939663052
1258.44382372779
1274.10510815625
1258.96493087345
1259.00524765712
1289.61765451654
1259.34819183344
1273.90782287973
1290.44473426312
1259.73101997183
1275.07312015800
1274.51166283714
1274.13198105337
1274.09768292774
1258.60228810752
1274.37643033270
1259.41258062494
1274.94091132042
1259.59357713195
1289.82924226532
1273.89925355727
1274.23986016710
1259.38787835892
1260.41502870609
1258.91921686697
1274.68786251632
1259.04655209565