最优解为:3074.4516
最优解路径:

Best_route =

  1 至 24 列

    95    98    81    47    93     5    51     2    75    36    79     0     0     0     0     0     0     0     0     0     0     0     0     0
     0     0     0     0     0     0     0     0     0     0     0     0     0     0     0     0     0     0     0     0     0     0     0     0
     0     0     0     0     0     0     0     0     0     0     0     0     0     0     0     0     0     0     0     0     0     0     0     0
     0     0     0     0     0     0     0     0     0     0     0     0     0     0     0     0     0     0     0     0     0     0     0     0
     0     0     0     0     0     0     0     0     0     0     0     0     0     0     0     0     0     0     0     0     0     0     0     0
     0     0     0     0     0     0     0     0     0     0     0     0     0     0     0     0     0     0     0     0     0     0     0     0
     0     0     0     0     0     0     0     0     0     0     0     0     0     0     0     0     0     0     0     0     0     0     0     0
    87     4    92     7    30    80     1    77    43    91     0     0     0     0     0     0     0     0     0     0     0     0     0     0
     0     0     0     0     0     0     0     0     0     0     0     0     0     0     0     0     0     0     0     0     0     0     0     0
     0     0     0     0     0     0     0     0     0     0     0     0     0     0     0     0     0     0     0     0     0     0     0     0
     0     0     0     0     0     0     0     0     0     0     0     0     0     0     0     0     0     0     0     0     0     0     0     0
    35    34    59    71    67    56    29    85     0     0     0     0     0     0     0     0     0     0     0     0     0     0     0     0
     0     0     0     0     0     0     0     0     0     0     0     0     0     0     0     0     0     0     0     0     0     0     0     0
    99    72    90    25    40    45    86    20    21    65    10     0     0     0     0     0     0     0     0     0     0     0     0     0
     3    31    83    64    48    12    50    44    73    61    46    22     0     0     0     0     0     0     0     0     0     0     0     0
     0     0     0     0     0     0     0     0     0     0     0     0     0     0     0     0     0     0     0     0     0     0     0     0
     0     0     0     0     0     0     0     0     0     0     0     0     0     0     0     0     0     0     0     0     0     0     0     0
     0     0     0     0     0     0     0     0     0     0     0     0     0     0     0     0     0     0     0     0     0     0     0     0
     0     0     0     0     0     0     0     0     0     0     0     0     0     0     0     0     0     0     0     0     0     0     0     0
     0     0     0     0     0     0     0     0     0     0     0     0     0     0     0     0     0     0     0     0     0     0     0     0
     0     0     0     0     0     0     0     0     0     0     0     0     0     0     0     0     0     0     0     0     0     0     0     0
    96    18    13    41    57    89    32     9    28     0     0     0     0     0     0     0     0     0     0     0     0     0     0     0
    42    69    70    97    39    62    54    37     0     0     0     0     0     0     0     0     0     0     0     0     0     0     0     0
     0     0     0     0     0     0     0     0     0     0     0     0     0     0     0     0     0     0     0     0     0     0     0     0
    15    94   100     6    33    88    52    17    53    23    49    14     0     0     0     0     0     0     0     0     0     0     0     0
     0     0     0     0     0     0     0     0     0     0     0     0     0     0     0     0     0     0     0     0     0     0     0     0
     0     0     0     0     0     0     0     0     0     0     0     0     0     0     0     0     0     0     0     0     0     0     0     0
     0     0     0     0     0     0     0     0     0     0     0     0     0     0     0     0     0     0     0     0     0     0     0     0
    19    55    24    63    58    11    68    60    66     0     0     0     0     0     0     0     0     0     0     0     0     0     0     0
     8    82    26    76    16    38    84    74    78    27     0     0     0     0     0     0     0     0     0     0     0     0     0     0

  25 至 48 列

     0     0     0     0     0     0     0     0     0     0     0     0     0     0     0     0     0     0     0     0     0     0     0     0
     0     0     0     0     0     0     0     0     0     0     0     0     0     0     0     0     0     0     0     0     0     0     0     0
     0     0     0     0     0     0     0     0     0     0     0     0     0     0     0     0     0     0     0     0     0     0     0     0
     0     0     0     0     0     0     0     0     0     0     0     0     0     0     0     0     0     0     0     0     0     0     0     0
     0     0     0     0     0     0     0     0     0     0     0     0     0     0     0     0     0     0     0     0     0     0     0     0
     0     0     0     0     0     0     0     0     0     0     0     0     0     0     0     0     0     0     0     0     0     0     0     0
     0     0     0     0     0     0     0     0     0     0     0     0     0     0     0     0     0     0     0     0     0     0     0     0
     0     0     0     0     0     0     0     0     0     0     0     0     0     0     0     0     0     0     0     0     0     0     0     0
     0     0     0     0     0     0     0     0     0     0     0     0     0     0     0     0     0     0     0     0     0     0     0     0
     0     0     0     0     0     0     0     0     0     0     0     0     0     0     0     0     0     0     0     0     0     0     0     0
     0     0     0     0     0     0     0     0     0     0     0     0     0     0     0     0     0     0     0     0     0     0     0     0
     0     0     0     0     0     0     0     0     0     0     0     0     0     0     0     0     0     0     0     0     0     0     0     0
     0     0     0     0     0     0     0     0     0     0     0     0     0     0     0     0     0     0     0     0     0     0     0     0
     0     0     0     0     0     0     0     0     0     0     0     0     0     0     0     0     0     0     0     0     0     0     0     0
     0     0     0     0     0     0     0     0     0     0     0     0     0     0     0     0     0     0     0     0     0     0     0     0
     0     0     0     0     0     0     0     0     0     0     0     0     0     0     0     0     0     0     0     0     0     0     0     0
     0     0     0     0     0     0     0     0     0     0     0     0     0     0     0     0     0     0     0     0     0     0     0     0
     0     0     0     0     0     0     0     0     0     0     0     0     0     0     0     0     0     0     0     0     0     0     0     0
     0     0     0     0     0     0     0     0     0     0     0     0     0     0     0     0     0     0     0     0     0     0     0     0
     0     0     0     0     0     0     0     0     0     0     0     0     0     0     0     0     0     0     0     0     0     0     0     0
     0     0     0     0     0     0     0     0     0     0     0     0     0     0     0     0     0     0     0     0     0     0     0     0
     0     0     0     0     0     0     0     0     0     0     0     0     0     0     0     0     0     0     0     0     0     0     0     0
     0     0     0     0     0     0     0     0     0     0     0     0     0     0     0     0     0     0     0     0     0     0     0     0
     0     0     0     0     0     0     0     0     0     0     0     0     0     0     0     0     0     0     0     0     0     0     0     0
     0     0     0     0     0     0     0     0     0     0     0     0     0     0     0     0     0     0     0     0     0     0     0     0
     0     0     0     0     0     0     0     0     0     0     0     0     0     0     0     0     0     0     0     0     0     0     0     0
     0     0     0     0     0     0     0     0     0     0     0     0     0     0     0     0     0     0     0     0     0     0     0     0
     0     0     0     0     0     0     0     0     0     0     0     0     0     0     0     0     0     0     0     0     0     0     0     0
     0     0     0     0     0     0     0     0     0     0     0     0     0     0     0     0     0     0     0     0     0     0     0     0
     0     0     0     0     0     0     0     0     0     0     0     0     0     0     0     0     0     0     0     0     0     0     0     0

  49 至 72 列

     0     0     0     0     0     0     0     0     0     0     0     0     0     0     0     0     0     0     0     0     0     0     0     0
     0     0     0     0     0     0     0     0     0     0     0     0     0     0     0     0     0     0     0     0     0     0     0     0
     0     0     0     0     0     0     0     0     0     0     0     0     0     0     0     0     0     0     0     0     0     0     0     0
     0     0     0     0     0     0     0     0     0     0     0     0     0     0     0     0     0     0     0     0     0     0     0     0
     0     0     0     0     0     0     0     0     0     0     0     0     0     0     0     0     0     0     0     0     0     0     0     0
     0     0     0     0     0     0     0     0     0     0     0     0     0     0     0     0     0     0     0     0     0     0     0     0
     0     0     0     0     0     0     0     0     0     0     0     0     0     0     0     0     0     0     0     0     0     0     0     0
     0     0     0     0     0     0     0     0     0     0     0     0     0     0     0     0     0     0     0     0     0     0     0     0
     0     0     0     0     0     0     0     0     0     0     0     0     0     0     0     0     0     0     0     0     0     0     0     0
     0     0     0     0     0     0     0     0     0     0     0     0     0     0     0     0     0     0     0     0     0     0     0     0
     0     0     0     0     0     0     0     0     0     0     0     0     0     0     0     0     0     0     0     0     0     0     0     0
     0     0     0     0     0     0     0     0     0     0     0     0     0     0     0     0     0     0     0     0     0     0     0     0
     0     0     0     0     0     0     0     0     0     0     0     0     0     0     0     0     0     0     0     0     0     0     0     0
     0     0     0     0     0     0     0     0     0     0     0     0     0     0     0     0     0     0     0     0     0     0     0     0
     0     0     0     0     0     0     0     0     0     0     0     0     0     0     0     0     0     0     0     0     0     0     0     0
     0     0     0     0     0     0     0     0     0     0     0     0     0     0     0     0     0     0     0     0     0     0     0     0
     0     0     0     0     0     0     0     0     0     0     0     0     0     0     0     0     0     0     0     0     0     0     0     0
     0     0     0     0     0     0     0     0     0     0     0     0     0     0     0     0     0     0     0     0     0     0     0     0
     0     0     0     0     0     0     0     0     0     0     0     0     0     0     0     0     0     0     0     0     0     0     0     0
     0     0     0     0     0     0     0     0     0     0     0     0     0     0     0     0     0     0     0     0     0     0     0     0
     0     0     0     0     0     0     0     0     0     0     0     0     0     0     0     0     0     0     0     0     0     0     0     0
     0     0     0     0     0     0     0     0     0     0     0     0     0     0     0     0     0     0     0     0     0     0     0     0
     0     0     0     0     0     0     0     0     0     0     0     0     0     0     0     0     0     0     0     0     0     0     0     0
     0     0     0     0     0     0     0     0     0     0     0     0     0     0     0     0     0     0     0     0     0     0     0     0
     0     0     0     0     0     0     0     0     0     0     0     0     0     0     0     0     0     0     0     0     0     0     0     0
     0     0     0     0     0     0     0     0     0     0     0     0     0     0     0     0     0     0     0     0     0     0     0     0
     0     0     0     0     0     0     0     0     0     0     0     0     0     0     0     0     0     0     0     0     0     0     0     0
     0     0     0     0     0     0     0     0     0     0     0     0     0     0     0     0     0     0     0     0     0     0     0     0
     0     0     0     0     0     0     0     0     0     0     0     0     0     0     0     0     0     0     0     0     0     0     0     0
     0     0     0     0     0     0     0     0     0     0     0     0     0     0     0     0     0     0     0     0     0     0     0     0

  73 至 96 列

     0     0     0     0     0     0     0     0     0     0     0     0     0     0     0     0     0     0     0     0     0     0     0     0
     0     0     0     0     0     0     0     0     0     0     0     0     0     0     0     0     0     0     0     0     0     0     0     0
     0     0     0     0     0     0     0     0     0     0     0     0     0     0     0     0     0     0     0     0     0     0     0     0
     0     0     0     0     0     0     0     0     0     0     0     0     0     0     0     0     0     0     0     0     0     0     0     0
     0     0     0     0     0     0     0     0     0     0     0     0     0     0     0     0     0     0     0     0     0     0     0     0
     0     0     0     0     0     0     0     0     0     0     0     0     0     0     0     0     0     0     0     0     0     0     0     0
     0     0     0     0     0     0     0     0     0     0     0     0     0     0     0     0     0     0     0     0     0     0     0     0
     0     0     0     0     0     0     0     0     0     0     0     0     0     0     0     0     0     0     0     0     0     0     0     0
     0     0     0     0     0     0     0     0     0     0     0     0     0     0     0     0     0     0     0     0     0     0     0     0
     0     0     0     0     0     0     0     0     0     0     0     0     0     0     0     0     0     0     0     0     0     0     0     0
     0     0     0     0     0     0     0     0     0     0     0     0     0     0     0     0     0     0     0     0     0     0     0     0
     0     0     0     0     0     0     0     0     0     0     0     0     0     0     0     0     0     0     0     0     0     0     0     0
     0     0     0     0     0     0     0     0     0     0     0     0     0     0     0     0     0     0     0     0     0     0     0     0
     0     0     0     0     0     0     0     0     0     0     0     0     0     0     0     0     0     0     0     0     0     0     0     0
     0     0     0     0     0     0     0     0     0     0     0     0     0     0     0     0     0     0     0     0     0     0     0     0
     0     0     0     0     0     0     0     0     0     0     0     0     0     0     0     0     0     0     0     0     0     0     0     0
     0     0     0     0     0     0     0     0     0     0     0     0     0     0     0     0     0     0     0     0     0     0     0     0
     0     0     0     0     0     0     0     0     0     0     0     0     0     0     0     0     0     0     0     0     0     0     0     0
     0     0     0     0     0     0     0     0     0     0     0     0     0     0     0     0     0     0     0     0     0     0     0     0
     0     0     0     0     0     0     0     0     0     0     0     0     0     0     0     0     0     0     0     0     0     0     0     0
     0     0     0     0     0     0     0     0     0     0     0     0     0     0     0     0     0     0     0     0     0     0     0     0
     0     0     0     0     0     0     0     0     0     0     0     0     0     0     0     0     0     0     0     0     0     0     0     0
     0     0     0     0     0     0     0     0     0     0     0     0     0     0     0     0     0     0     0     0     0     0     0     0
     0     0     0     0     0     0     0     0     0     0     0     0     0     0     0     0     0     0     0     0     0     0     0     0
     0     0     0     0     0     0     0     0     0     0     0     0     0     0     0     0     0     0     0     0     0     0     0     0
     0     0     0     0     0     0     0     0     0     0     0     0     0     0     0     0     0     0     0     0     0     0     0     0
     0     0     0     0     0     0     0     0     0     0     0     0     0     0     0     0     0     0     0     0     0     0     0     0
     0     0     0     0     0     0     0     0     0     0     0     0     0     0     0     0     0     0     0     0     0     0     0     0
     0     0     0     0     0     0     0     0     0     0     0     0     0     0     0     0     0     0     0     0     0     0     0     0
     0     0     0     0     0     0     0     0     0     0     0     0     0     0     0     0     0     0     0     0     0     0     0     0

  97 至 101 列

     0     0     0     0     0
     0     0     0     0     0
     0     0     0     0     0
     0     0     0     0     0
     0     0     0     0     0
     0     0     0     0     0
     0     0     0     0     0
     0     0     0     0     0
     0     0     0     0     0
     0     0     0     0     0
     0     0     0     0     0
     0     0     0     0     0
     0     0     0     0     0
     0     0     0     0     0
     0     0     0     0     0
     0     0     0     0     0
     0     0     0     0     0
     0     0     0     0     0
     0     0     0     0     0
     0     0     0     0     0
     0     0     0     0     0
     0     0     0     0     0
     0     0     0     0     0
     0     0     0     0     0
     0     0     0     0     0
     0     0     0     0     0
     0     0     0     0     0
     0     0     0     0     0
     0     0     0     0     0
     0     0     0     0     0

本次运算用时:4090.167秒
算法在第434代时收敛

best
3423.15667717566
3423.15667717566
3423.15667717566
3423.15667717566
3423.15667717566
3423.02359520828
3423.02359520828
3423.02359520828
3423.02359520828
3423.02359520828
3423.02359520828
3419.96591822767
3419.96591822767
3419.96591822767
3419.96591822767
3419.96591822767
3414.33126189908
3414.33126189908
3414.33126189908
3413.93210516031
3412.96655192243
3392.74292568850
3392.74292568850
3392.74292568850
3392.74292568850
3392.74292568850
3392.74292568850
3392.74292568850
3392.74292568850
3392.74292568850
3392.74292568850
3392.74292568850
3392.74292568850
3392.57575724262
3392.57575724262
3098.08607036767
3098.08607036767
3098.08607036767
3098.08607036767
3098.08607036767
3098.08607036767
3098.08607036767
3098.08607036767
3098.08607036767
3098.08607036767
3098.08607036767
3098.08607036767
3098.08607036767
3098.08607036767
3098.08607036767
3098.08607036767
3098.08607036767
3098.08607036767
3098.08607036767
3098.08607036767
3098.08607036767
3098.08607036767
3098.08607036767
3098.08607036767
3098.08607036767
3098.08607036767
3098.08607036767
3098.08607036767
3098.08607036767
3098.08607036767
3098.08607036767
3097.26715064005
3097.26715064005
3097.26715064005
3097.26715064005
3097.26715064005
3097.26715064005
3097.26715064005
3097.26715064005
3097.26715064005
3097.26715064005
3097.26715064005
3097.26715064005
3097.26715064005
3097.26715064005
3097.26715064005
3097.26715064005
3097.26715064005
3097.26715064005
3097.26715064005
3097.26715064005
3097.26715064005
3092.34125868062
3092.34125868062
3092.34125868062
3092.34125868062
3092.34125868062
3092.34125868062
3092.34125868062
3092.34125868062
3092.34125868062
3092.34125868062
3092.34125868062
3092.34125868062
3092.34125868062
3092.34125868062
3092.34125868062
3092.34125868062
3092.34125868062
3092.34125868062
3092.34125868062
3092.34125868062
3092.34125868062
3092.34125868062
3092.34125868062
3092.34125868062
3092.34125868062
3092.34125868062
3092.34125868062
3092.34125868062
3092.34125868062
3092.34125868062
3092.34125868062
3092.34125868062
3092.34125868062
3092.34125868062
3092.34125868062
3092.34125868062
3092.34125868062
3092.34125868062
3092.34125868062
3092.34125868062
3092.34125868062
3092.34125868062
3092.34125868062
3092.34125868062
3092.34125868062
3092.34125868062
3092.34125868062
3092.34125868062
3092.34125868062
3092.34125868062
3092.34125868062
3092.34125868062
3092.34125868062
3092.34125868062
3092.34125868062
3092.34125868062
3092.34125868062
3092.34125868062
3092.34125868062
3092.34125868062
3092.34125868062
3092.34125868062
3092.34125868062
3092.34125868062
3092.34125868062
3092.34125868062
3092.34125868062
3092.34125868062
3092.34125868062
3092.34125868062
3092.34125868062
3092.34125868062
3092.34125868062
3092.34125868062
3092.34125868062
3092.34125868062
3092.34125868062
3092.34125868062
3092.34125868062
3092.34125868062
3092.34125868062
3092.34125868062
3092.34125868062
3092.34125868062
3092.34125868062
3092.34125868062
3092.34125868062
3092.34125868062
3092.34125868062
3092.34125868062
3092.34125868062
3092.34125868062
3092.34125868062
3092.34125868062
3092.34125868062
3092.34125868062
3092.34125868062
3092.34125868062
3092.34125868062
3092.34125868062
3092.34125868062
3092.34125868062
3092.34125868062
3092.34125868062
3092.34125868062
3089.02559005386
3089.02559005386
3089.02559005386
3089.02559005386
3089.02559005386
3089.02559005386
3089.02559005386
3089.02559005386
3089.02559005386
3089.02559005386
3089.02559005386
3089.02559005386
3079.32821058303
3079.32821058303
3079.32821058303
3079.32821058303
3079.32821058303
3079.32821058303
3079.32821058303
3079.32821058303
3079.32821058303
3079.32821058303
3079.32821058303
3079.32821058303
3079.32821058303
3079.32821058303
3079.32821058303
3079.32821058303
3079.32821058303
3079.32821058303
3079.32821058303
3079.32821058303
3079.32821058303
3079.32821058303
3079.32821058303
3079.32821058303
3079.32821058303
3079.32821058303
3079.32821058303
3079.32821058303
3079.32821058303
3079.32821058303
3079.32821058303
3079.32821058303
3079.32821058303
3079.32821058303
3079.32821058303
3079.32821058303
3079.32821058303
3079.32821058303
3079.32821058303
3079.32821058303
3079.32821058303
3079.32821058303
3079.32821058303
3079.32821058303
3079.32821058303
3079.32821058303
3079.32821058303
3079.32821058303
3079.32821058303
3079.32821058303
3079.32821058303
3079.32821058303
3079.32821058303
3079.32821058303
3079.32821058303
3079.32821058303
3079.32821058303
3079.32821058303
3079.32821058303
3079.32821058303
3079.32821058303
3079.32821058303
3079.32821058303
3079.32821058303
3079.32821058303
3079.32821058303
3079.32821058303
3079.32821058303
3079.32821058303
3079.32821058303
3079.32821058303
3079.32821058303
3079.32821058303
3079.32821058303
3079.32821058303
3079.32821058303
3079.32821058303
3079.32821058303
3079.32821058303
3079.32821058303
3079.32821058303
3079.32821058303
3079.32821058303
3079.32821058303
3079.32821058303
3079.32821058303
3079.32821058303
3079.32821058303
3079.32821058303
3079.32821058303
3079.32821058303
3079.32821058303
3079.32821058303
3079.32821058303
3079.32821058303
3079.32821058303
3079.32821058303
3079.32821058303
3079.32821058303
3079.32821058303
3079.32821058303
3079.32821058303
3079.32821058303
3079.32821058303
3079.32821058303
3079.32821058303
3079.32821058303
3079.32821058303
3079.32821058303
3079.32821058303
3079.32821058303
3079.32821058303
3075.73345277250
3075.73345277250
3075.73345277250
3075.73345277250
3075.73345277250
3075.73345277250
3075.73345277250
3075.73345277250
3075.73345277250
3075.73345277250
3075.73345277250
3075.73345277250
3075.73345277250
3075.73345277250
3075.73345277250
3075.73345277250
3075.73345277250
3075.73345277250
3075.73345277250
3075.73345277250
3075.73345277250
3075.73345277250
3075.73345277250
3075.73345277250
3075.73345277250
3075.73345277250
3075.73345277250
3075.73345277250
3075.73345277250
3075.73345277250
3075.73345277250
3075.73345277250
3075.73345277250
3075.73345277250
3075.73345277250
3075.73345277250
3075.73345277250
3075.73345277250
3075.73345277250
3075.73345277250
3075.73345277250
3075.73345277250
3075.73345277250
3075.73345277250
3075.73345277250
3075.73345277250
3075.73345277250
3075.73345277250
3075.73345277250
3075.73345277250
3075.73345277250
3075.73345277250
3075.73345277250
3075.73345277250
3075.73345277250
3075.73345277250
3075.73345277250
3075.73345277250
3075.73345277250
3075.73345277250
3075.73345277250
3075.73345277250
3075.73345277250
3075.73345277250
3075.73345277250
3075.73345277250
3075.73345277250
3075.73345277250
3075.73345277250
3075.73345277250
3075.73345277250
3075.73345277250
3075.73345277250
3075.73345277250
3075.73345277250
3075.73345277250
3075.73345277250
3075.73345277250
3075.73345277250
3075.73345277250
3075.73345277250
3075.73345277250
3075.73345277250
3075.73345277250
3075.73345277250
3075.73345277250
3075.73345277250
3075.73345277250
3075.73345277250
3075.73345277250
3075.73345277250
3075.73345277250
3075.73345277250
3075.73345277250
3075.73345277250
3075.73345277250
3075.73345277250
3075.73345277250
3075.73345277250
3075.73345277250
3075.73345277250
3075.73345277250
3075.73345277250
3075.73345277250
3075.73345277250
3075.73345277250
3075.73345277250
3075.73345277250
3075.73345277250
3075.73345277250
3075.73345277250
3075.73345277250
3075.73345277250
3075.73345277250
3075.73345277250
3075.73345277250
3075.73345277250
3074.45164761296
3074.45164761296
3074.45164761296
3074.45164761296
3074.45164761296
3074.45164761296
3074.45164761296
3074.45164761296
3074.45164761296
3074.45164761296
3074.45164761296
3074.45164761296
3074.45164761296
3074.45164761296
3074.45164761296
3074.45164761296
3074.45164761296
3074.45164761296
3074.45164761296
3074.45164761296
3074.45164761296
3074.45164761296
3074.45164761296
3074.45164761296
3074.45164761296
3074.45164761296
3074.45164761296
3074.45164761296
3074.45164761296
3074.45164761296
3074.45164761296
3074.45164761296
3074.45164761296
3074.45164761296
3074.45164761296
3074.45164761296
3074.45164761296
3074.45164761296
3074.45164761296
3074.45164761296
3074.45164761296
3074.45164761296
3074.45164761296
3074.45164761296
3074.45164761296
3074.45164761296
3074.45164761296
3074.45164761296
3074.45164761296
3074.45164761296
3074.45164761296
3074.45164761296
3074.45164761296
3074.45164761296
3074.45164761296
3074.45164761296
3074.45164761296
3074.45164761296
3074.45164761296
3074.45164761296
3074.45164761296
3074.45164761296
3074.45164761296
3074.45164761296
3074.45164761296
3074.45164761296
3074.45164761296

ave
3707.20509700334
3632.75062523866
3660.19412497873
3663.94387759569
3620.02317245349
3676.18714016811
3691.20551840748
3630.74863700485
3656.67832704823
3612.95528158547
3637.25136938229
3601.02366771290
3709.19663850153
3708.28027371025
3689.55091672623
3766.95654269923
3584.49802662741
3576.60509278815
3585.70038858232
3743.80930221418
3690.29305352959
3680.39003478608
3631.38549945393
3766.12181460161
3709.18674368584
3751.60101919250
3692.09334704530
3806.37611033496
3737.64275111122
3791.79716901546
3820.36935985593
3833.60393936010
3846.90753727981
3832.73512868501
3754.75919720244
3796.76626974378
3855.55349574943
3857.13532496288
3760.21547972937
3855.50735389966
3897.39613182242
3897.58409636929
3866.23249894410
3897.31375802917
3880.22451458861
3883.14417816363
3930.29836739951
3864.99832810123
3956.59989514081
3911.08588793507
3895.26939224579
3906.78753645933
3865.47942860287
3924.21352297638
4061.07407777420
3941.62623026094
3895.15574245768
3965.87965423150
3942.12907234831
3819.35963000923
4041.98368259478
3874.05718421654
3894.66015541159
4027.07316695758
3860.59377584998
4023.79245946760
3772.76528071196
3863.44975358250
3894.35891285070
3909.49585908370
3819.16442166720
3906.91919752422
3919.58173659750
3832.60184514461
3864.90385513495
3952.06758681599
3831.71575859816
3816.79515231562
3992.26580863794
3890.10177196693
3848.43111838589
3813.51859175058
3799.94416980362
3753.40033806535
3845.21364019610
3797.63725457320
3845.19246497086
3740.45628168682
3813.51610079587
3856.54055175104
3789.96927873183
3832.28345523120
3817.66740603336
3730.51582467793
3773.78437096545
3701.77840294389
3775.08430741126
3863.65443965283
3878.88198021354
3680.55877897441
3789.65485153520
3820.58249579557
3657.05898489525
3728.27923070876
3761.89841103711
3865.99925041652
3699.98860791253
3684.12165504639
3789.47228996928
3802.12888411920
3888.78535315705
3709.43435663786
3815.60697478521
3744.19117711625
3714.19975104263
3772.50338941949
3802.66188106453
3876.80818586098
3788.36280798809
3696.10499740577
3655.45198495571
3744.47774112098
3713.24146714879
3803.04302097471
3771.44499305771
3725.91267869353
3697.15528998509
3803.96313711913
3697.04186313599
3757.98847366660
3696.85093632019
3730.31077293011
3593.94315170339
3639.85404282724
3697.19230824425
3609.50487425513
3623.52911994976
3743.41769650203
3740.14380330936
3564.77141300995
3693.45687164639
3696.04515110972
3683.11506611746
3638.31289366484
3568.72258051673
3682.28526984146
3594.05324484824
3640.86040591874
3550.91699877082
3607.41925579347
3609.31846491495
3639.30782635387
3534.76635233870
3687.57488934555
3564.68678006724
3566.02765766472
3598.20830447276
3607.71286679165
3656.57256671093
3582.14551642612
3593.32448504043
3562.39703176600
3596.40522958653
3606.99325505866
3635.81281306664
3624.55094196869
3591.87192392401
3714.31795942496
3624.26831477380
3611.30738608876
3685.45880898484
3685.83080594108
3653.66897481833
3649.37460598970
3565.71124434713
3767.96972524225
3653.36328038462
3678.63551337599
3699.47145158569
3681.62424446782
3548.42916000569
3621.20502727737
3635.24638335296
3559.88163000746
3753.79193279615
3800.85448018377
3757.99090870712
3753.69261092919
3664.38943927403
3681.00729950874
3680.76934743253
3624.36751002677
3591.00068615776
3666.22526955642
3597.17716965628
3679.50192160634
3623.81663075946
3592.01174898518
3681.52778141746
3625.19229571998
3649.19348889409
3579.46723473169
3669.26588949064
3590.40571057364
3503.08617010406
3564.69255812949
3564.73392650778
3486.73826819562
3487.28587303820
3471.86773581147
3620.39139703025
3457.31303703726
3604.98598682081
3558.95372437885
3516.70462934497
3490.09382820861
3564.93175481889
3475.37443673109
3545.66357026351
3594.91689707857
3442.86795725680
3548.07748393178
3560.76198559324
3560.53569284857
3531.16299832128
3530.56308754742
3565.23698486568
3515.24499113314
3531.89709210440
3501.53659090878
3488.69344572352
3531.94193365977
3473.88043411391
3546.44306534424
3590.45835179967
3470.44106848331
3531.85660884875
3428.34482388567
3544.65270203058
3604.60921648845
3578.29627272948
3456.05638542483
3458.70453975044
3516.85043296486
3417.66657776015
3396.50188053103
3396.38589659449
3411.43809447935
3469.09580488307
3444.25180444011
3485.49510588003
3532.15208456659
3650.80517653065
3636.37824885639
3528.50698746114
3530.31894635674
3498.12846886575
3502.17438960912
3602.13744979235
3503.81674463033
3454.86661591204
3503.29771854660
3651.85381579672
3561.00020908412
3560.82711370635
3592.16303580837
3501.13363803550
3529.87808843630
3457.01983613320
3545.16877625158
3426.73177506865
3529.14831765009
3562.71831309223
3500.76018794875
3527.34171201800
3439.05929000511
3526.66197789389
3484.82850949919
3381.03877412878
3408.04263572043
3487.30164444629
3440.71670390676
3437.19683456859
3469.04826208592
3470.04690534238
3410.92575098715
3400.68481992115
3528.78751715472
3455.40304824176
3470.77145929052
3365.93584610656
3393.97761547354
3411.65649325663
3497.81311320527
3398.25805741091
3472.29131217435
3467.62859214258
3442.97563418513
3379.17188619595
3425.58713439637
3363.08341517181
3436.05151113295
3483.58998515333
3382.31251255128
3337.68625206562
3442.53477600438
3410.17800198340
3469.63315091899
3468.86545845708
3376.30208094385
3454.75279857239
3453.46404742281
3441.31388275627
3346.26811554785
3406.30369337719
3426.27633272299
3406.72746187831
3404.97447553800
3377.31973097017
3390.28288491543
3391.99350415148
3347.45069568576
3424.37113328960
3378.85358238848
3408.08945064309
3361.30325926313
3392.54238265421
3411.44087424565
3407.17765240325
3360.39647342404
3303.68958835964
3408.89120909151
3332.92529910530
3348.19967123534
3330.95939675753
3408.29956169100
3411.86916354773
3382.46707349673
3378.46063231122
3425.07419779911
3393.45979627845
3425.51194837810
3380.41897489915
3346.38948199753
3303.29093484746
3291.59328219503
3428.69904760394
3380.64017768478
3365.79629556072
3362.47941157791
3380.34644684759
3395.40854562593
3298.98488188661
3423.82006473842
3307.12210550616
3364.38757248523
3308.15730267362
3317.72145504204
3376.90192413025
3349.45638637639
3331.51587052184
3405.22152777187
3393.87511900812
3454.75626607142
3514.44668381834
3428.42347268000
3499.14337941117
3510.07683544315
3437.41502990818
3572.58687209628
3485.49313858343
3362.82384016923
3437.09050546965
3467.93737019866
3424.13438664223
3334.68063480648
3425.15216542598
3362.98493375952
3331.06127708300
3449.24858282551
3435.81879559078
3358.56242695563
3391.02946672563
3375.19625901784
3382.99629317664
3438.45664661622
3377.61727352671
3346.45601697951
3393.79610588966
3380.57820688700
3409.08433142812
3347.67544115115
3348.01713405614
3393.16320290380
3318.49062150807
3407.95139128896
3452.53717405004
3303.28880370094
3345.08116229603
3439.01961599616
3422.90123384618
3391.75088171564
3405.48732530807
3424.26297836350
3332.88334360938
3437.22891856108
3305.92044189947
3271.60742829011
3359.44333516268
3427.13697448046
3404.54158186120
3346.81260114283
3378.21070381569
3390.14483005868
3408.83456228955
3406.82858761699
3477.41454000033
3376.21910499792
3390.43153401403
3377.12602235401
3390.92743392547
3298.87900337030
3390.75129591620
3360.37931790115
3389.27707668224
3358.30244976965
3314.02153046240
3312.44311413360
3361.85207488530
3389.71895109463
3372.63929047588
3333.90831447250
3302.76625892984
3384.48944691386
3406.21286239796
3433.63123236873
3420.84596818373
3357.85230580524
3285.37752918059
3405.34275593360
3346.97351091197
3362.90076668143
3372.92662094342
3358.40467691084
3345.80531670118
3387.75073276246
3317.99493799198
3404.15389786153
3299.58821180172
3286.07757379651
3253.22341074335
3316.86478028067
3359.86358240729
3330.73251136195
3388.77934502136
3299.89004039884
3226.14037960708
3346.97392317761
3359.59788081097
3329.92098377082
3363.43632111546
3257.34287830919
3312.95657882481
3313.60436877411
3405.79631644969
3329.77611687837
3257.22789866831
3298.66479742123
3273.06679440962
3360.95383040558
3314.20740136555
3318.50954051706
3359.68844779759
3345.92292036234
3345.26342408525
3315.70466143322
3330.56508817954
3423.41582307318
3331.20827553375
3362.81283606058
3375.17143335604
3330.79025839627
3330.50505111630
3360.55177859740
3299.58624226357
3288.24637094583
3329.08968507415
3300.84871797555
3375.12631118831
3394.01836821333
3283.10782054946
3379.07500405879
3348.53587557849
3302.40132157656
3241.01383839150
3286.46733350966
3317.44655894257
3303.64146305429
3411.50567357988
3330.41859402110