最优解为:330.6068
最优解路径:

Best_route =

     2     4     3     1     0
     0     0     0     0     0

本次运算用时:1.05秒
算法在第1代时收敛

best
330.606799186555
330.606799186555
330.606799186555
330.606799186555
330.606799186555
330.606799186555
330.606799186555
330.606799186555
330.606799186555
330.606799186555
330.606799186555
330.606799186555
330.606799186555
330.606799186555
330.606799186555
330.606799186555
330.606799186555
330.606799186555
330.606799186555
330.606799186555
330.606799186555
330.606799186555
330.606799186555
330.606799186555
330.606799186555
330.606799186555
330.606799186555
330.606799186555
330.606799186555
330.606799186555
330.606799186555
330.606799186555
330.606799186555
330.606799186555
330.606799186555
330.606799186555
330.606799186555
330.606799186555
330.606799186555
330.606799186555
330.606799186555
330.606799186555
330.606799186555
330.606799186555
330.606799186555
330.606799186555
330.606799186555
330.606799186555
330.606799186555
330.606799186555
330.606799186555
330.606799186555
330.606799186555
330.606799186555
330.606799186555
330.606799186555
330.606799186555
330.606799186555
330.606799186555
330.606799186555
330.606799186555
330.606799186555
330.606799186555
330.606799186555
330.606799186555
330.606799186555
330.606799186555
330.606799186555
330.606799186555
330.606799186555
330.606799186555
330.606799186555
330.606799186555
330.606799186555
330.606799186555
330.606799186555
330.606799186555
330.606799186555
330.606799186555
330.606799186555
330.606799186555
330.606799186555
330.606799186555
330.606799186555
330.606799186555
330.606799186555
330.606799186555
330.606799186555
330.606799186555
330.606799186555
330.606799186555
330.606799186555
330.606799186555
330.606799186555
330.606799186555
330.606799186555
330.606799186555
330.606799186555
330.606799186555
330.606799186555

ave
347.898584784200
346.681416085541
333.926735982420
333.416642788971
346.409115579932
333.715534048640
335.080079734032
345.394538714586
357.903770467664
334.211912559116
344.935923484816
332.845499663140
345.020839217358
355.501527054385
332.166603369415
332.568792918763
355.975013733455
332.634989966436
343.215301085271
368.068322356674
331.923103190770
343.585421937676
343.218039229108
355.444967906196
331.323524408873
342.454131122689
330.606799186555
354.729745223565
342.668272205060
331.243379585996
330.921334859524
342.634305865265
330.928843913027
330.921334859524
342.668272205060
331.324893480791
330.921334859524
330.606799186555
330.606799186555
342.678884073298
330.606799186555
330.606799186555
330.606799186555
330.606799186555
330.606799186555
331.010357807822
330.606799186555
331.147323414284
342.678884073298
330.606799186555
330.606799186555
330.606799186555
330.606799186555
330.606799186555
330.606799186555
330.606799186555
330.606799186555
330.606799186555
330.606799186555
330.606799186555
330.606799186555
330.606799186555
330.606799186555
330.606799186555
330.606799186555
330.606799186555
330.606799186555
330.606799186555
330.921334859524
330.928843913027
330.606799186555
330.606799186555
330.606799186555
330.606799186555
330.606799186555
330.606799186555
342.678884073298
330.786973929131
330.606799186555
342.678884073298
330.606799186555
330.606799186555
330.606799186555
354.919162762460
330.606799186555
330.928843913027
330.606799186555
330.606799186555
330.921334859524
330.606799186555
330.606799186555
330.606799186555
330.606799186555
330.606799186555
330.606799186555
330.606799186555
330.606799186555
330.606799186555
330.606799186555
330.606799186555