最优解为:319.6298
最优解路径:

Best_route =

     1     7     6     5     2     4     8     3     0
     0     0     0     0     0     0     0     0     0

本次运算用时:3.58秒
算法在第1代时收敛

best
319.629807709982
319.629807709982
319.629807709982
319.629807709982
319.629807709982
319.629807709982
319.629807709982
319.629807709982
319.629807709982
319.629807709982
319.629807709982
319.629807709982
319.629807709982
319.629807709982
319.629807709982
319.629807709982
319.629807709982
319.629807709982
319.629807709982
319.629807709982
319.629807709982
319.629807709982
319.629807709982
319.629807709982
319.629807709982
319.629807709982
319.629807709982
319.629807709982
319.629807709982
319.629807709982
319.629807709982
319.629807709982
319.629807709982
319.629807709982
319.629807709982
319.629807709982
319.629807709982
319.629807709982
319.629807709982
319.629807709982
319.629807709982
319.629807709982
319.629807709982
319.629807709982
319.629807709982
319.629807709982
319.629807709982
319.629807709982
319.629807709982
319.629807709982
319.629807709982
319.629807709982
319.629807709982
319.629807709982
319.629807709982
319.629807709982
319.629807709982
319.629807709982
319.629807709982
319.629807709982
319.629807709982
319.629807709982
319.629807709982
319.629807709982
319.629807709982
319.629807709982
319.629807709982
319.629807709982
319.629807709982
319.629807709982
319.629807709982
319.629807709982
319.629807709982
319.629807709982
319.629807709982
319.629807709982
319.629807709982
319.629807709982
319.629807709982
319.629807709982
319.629807709982
319.629807709982
319.629807709982
319.629807709982
319.629807709982
319.629807709982
319.629807709982
319.629807709982
319.629807709982
319.629807709982
319.629807709982
319.629807709982
319.629807709982
319.629807709982
319.629807709982
319.629807709982
319.629807709982
319.629807709982
319.629807709982
319.629807709982
319.629807709982
319.629807709982
319.629807709982
319.629807709982
319.629807709982
319.629807709982
319.629807709982
319.629807709982
319.629807709982
319.629807709982
319.629807709982
319.629807709982
319.629807709982
319.629807709982
319.629807709982
319.629807709982
319.629807709982
319.629807709982
319.629807709982
319.629807709982
319.629807709982
319.629807709982
319.629807709982
319.629807709982
319.629807709982
319.629807709982
319.629807709982
319.629807709982
319.629807709982
319.629807709982
319.629807709982
319.629807709982
319.629807709982
319.629807709982
319.629807709982
319.629807709982
319.629807709982
319.629807709982
319.629807709982
319.629807709982
319.629807709982
319.629807709982
319.629807709982
319.629807709982
319.629807709982
319.629807709982
319.629807709982
319.629807709982
319.629807709982
319.629807709982
319.629807709982
319.629807709982
319.629807709982
319.629807709982
319.629807709982
319.629807709982
319.629807709982
319.629807709982
319.629807709982
319.629807709982
319.629807709982
319.629807709982
319.629807709982
319.629807709982
319.629807709982
319.629807709982
319.629807709982
319.629807709982
319.629807709982
319.629807709982
319.629807709982
319.629807709982
319.629807709982
319.629807709982
319.629807709982
319.629807709982
319.629807709982
319.629807709982
319.629807709982
319.629807709982
319.629807709982
319.629807709982
319.629807709982
319.629807709982
319.629807709982
319.629807709982
319.629807709982
319.629807709982
319.629807709982
319.629807709982
319.629807709982
319.629807709982
319.629807709982
319.629807709982
319.629807709982
319.629807709982
319.629807709982
319.629807709982
319.629807709982
319.629807709982

ave
360.868367603645
402.225892324905
407.314295557460
405.307551213996
326.305614316977
356.938561664088
339.818514204097
370.054450143700
341.207221247594
355.404713522707
353.384114837123
369.214054393477
325.753783181518
340.799744238281
336.979278185804
339.822967877579
323.883714698878
367.634966303502
336.300503118399
322.412254829140
337.737447102028
321.938869781843
320.294287057678
335.156622205753
335.739561138066
320.732081392485
334.791091025692
364.493290467661
337.817643085474
320.960929304869
350.351546238413
320.194881866352
319.738238113376
335.768548235113
319.738832320011
349.483224394273
320.194389112371
320.686389837630
319.629807709982
319.629807709982
319.629807709982
320.011848950146
319.629807709982
319.629807709982
319.811545464633
319.629807709982
319.629807709982
334.356196873211
319.629807709982
319.629807709982
319.629807709982
319.629807709982
319.629807709982
319.629807709982
334.356196873211
319.629807709982
334.800876746964
319.629807709982
319.629807709982
320.194881866352
319.629807709982
320.012443156781
319.629807709982
319.629807709982
319.629807709982
319.629807709982
319.928779107032
319.629807709982
319.972967684885
319.629807709982
319.629807709982
319.940391626608
320.011848950146
319.629807709982
319.629807709982
319.629807709982
334.610647772485
320.194881866352
319.629807709982
320.194881866352
319.629807709982
334.356196873211
319.629807709982
319.629807709982
319.629807709982
319.629807709982
349.629807709982
319.629807709982
319.629807709982
334.645226761903
319.629807709982
319.629807709982
319.629807709982
319.629807709982
319.629807709982
319.629807709982
319.629807709982
320.011848950146
319.629807709982
319.629807709982
319.629807709982
319.629807709982
319.629807709982
319.629807709982
319.629807709982
319.629807709982
319.629807709982
319.629807709982
319.629807709982
319.629807709982
319.629807709982
319.629807709982
319.629807709982
319.629807709982
319.629807709982
319.738832320011
319.629807709982
334.483224394273
320.012443156781
334.629807709982
319.629807709982
320.012443156781
319.629807709982
320.497535347486
319.629807709982
319.629807709982
319.629807709982
320.012443156781
319.629807709982
319.629807709982
319.629807709982
319.629807709982
334.483224394273
319.629807709982
319.629807709982
319.629807709982
319.629807709982
319.629807709982
319.629807709982
319.629807709982
319.629807709982
319.629807709982
319.629807709982
319.629807709982
319.629807709982
319.629807709982
319.629807709982
319.629807709982
319.629807709982
319.629807709982
320.012443156781
319.629807709982
320.497535347486
319.629807709982
319.629807709982
319.629807709982
319.629807709982
320.012443156781
320.519963024393
320.011848950146
319.629807709982
320.012443156781
319.629807709982
334.800876746964
319.629807709982
319.811545464633
334.800876746964
319.629807709982
319.629807709982
319.629807709982
319.629807709982
319.629807709982
319.629807709982
319.629807709982
319.629807709982
319.629807709982
335.423547130081
334.629807709982
320.562885047619
320.011848950146
319.629807709982
319.629807709982
319.811545464633
319.738832320011
319.629807709982
335.423547130081
319.629807709982
319.629807709982
319.629807709982
334.629807709982
320.012443156781
319.629807709982
319.629807709982
319.629807709982
319.629807709982
319.629807709982
319.629807709982
320.012443156781
319.629807709982
319.629807709982