最优解为:1959.5538
最优解路径:

Best_route =

  1 至 24 列

     9    35    36    23    10    25    26     2    11    12    21    22     0     0     0     0     0     0     0     0     0     0     0     0
     7    39     5     6    15     1    24    16    17    18    32     0     0     0     0     0     0     0     0     0     0     0     0     0
     0     0     0     0     0     0     0     0     0     0     0     0     0     0     0     0     0     0     0     0     0     0     0     0
     3     4     8    33    34    14    19    20    38     0     0     0     0     0     0     0     0     0     0     0     0     0     0     0
    27    28    37    13    31    29    30    40     0     0     0     0     0     0     0     0     0     0     0     0     0     0     0     0

  25 至 41 列

     0     0     0     0     0     0     0     0     0     0     0     0     0     0     0     0     0
     0     0     0     0     0     0     0     0     0     0     0     0     0     0     0     0     0
     0     0     0     0     0     0     0     0     0     0     0     0     0     0     0     0     0
     0     0     0     0     0     0     0     0     0     0     0     0     0     0     0     0     0
     0     0     0     0     0     0     0     0     0     0     0     0     0     0     0     0     0

本次运算用时:270.405秒
算法在第423代时收敛

best
2314.49636345529
2314.49636345529
2314.49636345529
2314.49636345529
2314.49636345529
2314.49636345529
2314.49636345529
2314.49636345529
2314.49636345529
2314.49636345529
2314.49636345529
2314.49636345529
2314.49636345529
2314.49636345529
2314.49636345529
2314.49636345529
2314.49636345529
2314.49636345529
2314.49636345529
2314.49636345529
2314.49636345529
2314.49636345529
2314.49636345529
2314.49636345529
2314.49636345529
2314.49636345529
2314.49636345529
2314.49636345529
2314.49636345529
2314.49636345529
2314.49636345529
2314.49636345529
2314.49636345529
2314.49636345529
2314.49636345529
2314.49636345529
2314.49636345529
2314.49636345529
2314.49636345529
2314.49636345529
2314.49636345529
2314.49636345529
2314.49636345529
2314.49636345529
2314.49636345529
2314.49636345529
2314.49636345529
2314.49636345529
2314.49636345529
2314.49636345529
2314.49636345529
2314.49636345529
2314.49636345529
2314.49636345529
2314.49636345529
2314.49636345529
2314.49636345529
2314.49636345529
2314.49636345529
2314.49636345529
2314.49636345529
2314.49636345529
2314.49636345529
2314.49636345529
2314.49636345529
2314.49636345529
2314.49636345529
2314.49636345529
2314.49636345529
2314.49636345529
2314.49636345529
2314.49636345529
2314.49636345529
2314.49636345529
2314.49636345529
2314.49636345529
2314.49636345529
2314.49636345529
2314.49636345529
2314.49636345529
2314.49636345529
2314.49636345529
2314.49636345529
2314.49636345529
2314.49636345529
2314.49636345529
2314.49636345529
2314.49636345529
2314.49636345529
2314.49636345529
2314.49636345529
2314.49636345529
2314.49636345529
2314.49636345529
2314.49636345529
2314.49636345529
2314.49636345529
2314.49636345529
2314.49636345529
2314.49636345529
2314.49636345529
2314.49636345529
2314.49636345529
2314.49636345529
2314.49636345529
2314.49636345529
2314.49636345529
2314.49636345529
2314.49636345529
2314.49636345529
2314.49636345529
2314.49636345529
2314.49636345529
2312.02051215182
2312.02051215182
2312.02051215182
2312.02051215182
2312.02051215182
2312.02051215182
2312.02051215182
2312.02051215182
2312.02051215182
2312.02051215182
2312.02051215182
2312.02051215182
2312.02051215182
2312.02051215182
2312.02051215182
2312.02051215182
2312.02051215182
2312.02051215182
2312.02051215182
2312.02051215182
2312.02051215182
2312.02051215182
2312.02051215182
2312.02051215182
2312.02051215182
2312.02051215182
2312.02051215182
2312.02051215182
2312.02051215182
2312.02051215182
2312.02051215182
2312.02051215182
2312.02051215182
2312.02051215182
2312.02051215182
2312.02051215182
2312.02051215182
2312.02051215182
2312.02051215182
2312.02051215182
2312.02051215182
2312.02051215182
2312.02051215182
2304.20072213168
2304.20072213168
2304.20072213168
2304.20072213168
2304.20072213168
2304.20072213168
2304.20072213168
2304.20072213168
2304.20072213168
2304.20072213168
2304.20072213168
2304.20072213168
2304.20072213168
2304.20072213168
2304.20072213168
2304.20072213168
2304.20072213168
2304.20072213168
2304.20072213168
2304.20072213168
2304.20072213168
2304.20072213168
2304.20072213168
2304.20072213168
2304.20072213168
2304.20072213168
2304.20072213168
2304.20072213168
2304.20072213168
2304.20072213168
2304.20072213168
2304.20072213168
2304.20072213168
2304.20072213168
2304.20072213168
2304.20072213168
2304.20072213168
2304.20072213168
2304.20072213168
2304.20072213168
2304.20072213168
2304.20072213168
2304.20072213168
2304.20072213168
2304.20072213168
2304.20072213168
2304.20072213168
2300.44071225424
2300.44071225424
2300.44071225424
2300.44071225424
2300.44071225424
2300.44071225424
2300.44071225424
2300.44071225424
2300.44071225424
2300.44071225424
2300.44071225424
2300.44071225424
2300.44071225424
2300.44071225424
2300.44071225424
2300.44071225424
2300.44071225424
2300.44071225424
2300.44071225424
2300.44071225424
2300.44071225424
2300.44071225424
2300.44071225424
2300.44071225424
2300.44071225424
2300.44071225424
2300.44071225424
2300.44071225424
2300.44071225424
2300.44071225424
2300.44071225424
2300.44071225424
2300.44071225424
2300.44071225424
2300.44071225424
2300.44071225424
2300.44071225424
2300.44071225424
2300.44071225424
2300.44071225424
2300.44071225424
2300.44071225424
2300.44071225424
2300.44071225424
2300.44071225424
2300.44071225424
2300.44071225424
2300.44071225424
2300.44071225424
2300.44071225424
2300.44071225424
2300.44071225424
2300.44071225424
2300.44071225424
2300.44071225424
2300.44071225424
2300.44071225424
2300.44071225424
2300.44071225424
2300.44071225424
2300.44071225424
2300.44071225424
2300.44071225424
2300.44071225424
2300.44071225424
2300.44071225424
2300.44071225424
2300.44071225424
2300.44071225424
2300.44071225424
2300.44071225424
2300.44071225424
2300.44071225424
2300.44071225424
2300.44071225424
2300.44071225424
2300.44071225424
2300.44071225424
2300.44071225424
2300.44071225424
2300.44071225424
2300.44071225424
2300.44071225424
2300.44071225424
2300.44071225424
2300.44071225424
2300.44071225424
2300.44071225424
2300.44071225424
2300.44071225424
2300.44071225424
2300.44071225424
2300.44071225424
2300.44071225424
2300.44071225424
2300.44071225424
2300.44071225424
2300.44071225424
2300.44071225424
2300.44071225424
2300.44071225424
2300.44071225424
2300.44071225424
2300.44071225424
2300.44071225424
2300.44071225424
2300.44071225424
2300.44071225424
2300.44071225424
2300.44071225424
2300.44071225424
2300.44071225424
2300.44071225424
2300.44071225424
2300.44071225424
2300.44071225424
2300.44071225424
2300.44071225424
2300.44071225424
2300.44071225424
2300.44071225424
2300.44071225424
2300.44071225424
2300.44071225424
2300.44071225424
2278.19400388440
2278.19400388440
2278.19400388440
2278.19400388440
2278.19400388440
2278.19400388440
2278.19400388440
2261.98272741233
2261.98272741233
2261.98272741233
2261.98272741233
2261.98272741233
2261.98272741233
2261.98272741233
2261.98272741233
2261.98272741233
2261.98272741233
2261.98272741233
2261.98272741233
2261.98272741233
2261.98272741233
2261.98272741233
2261.98272741233
2261.98272741233
2261.98272741233
2261.98272741233
2261.98272741233
2261.98272741233
2261.98272741233
2261.98272741233
2261.98272741233
2261.98272741233
2261.98272741233
2261.98272741233
2261.98272741233
2261.98272741233
2261.98272741233
2261.98272741233
2261.98272741233
2261.98272741233
2261.98272741233
2261.98272741233
2261.98272741233
2261.98272741233
2261.98272741233
2261.98272741233
2261.98272741233
2261.98272741233
2261.98272741233
2261.98272741233
2261.98272741233
2261.98272741233
2261.98272741233
2261.98272741233
2261.98272741233
2261.98272741233
2261.98272741233
2261.98272741233
2261.98272741233
2261.98272741233
2261.98272741233
2261.98272741233
2261.98272741233
2261.98272741233
2261.98272741233
2261.98272741233
2261.98272741233
2261.98272741233
2261.98272741233
2261.98272741233
2261.98272741233
2261.98272741233
2261.98272741233
2261.98272741233
2261.98272741233
2261.98272741233
2239.39516161031
2239.39516161031
2239.39516161031
2239.39516161031
2239.39516161031
2239.39516161031
2239.39516161031
2239.39516161031
2239.39516161031
2239.39516161031
2239.39516161031
2239.39516161031
2239.39516161031
2239.39516161031
2239.39516161031
2239.39516161031
2239.39516161031
2239.39516161031
1959.55377645165
1959.55377645165
1959.55377645165
1959.55377645165
1959.55377645165
1959.55377645165
1959.55377645165
1959.55377645165
1959.55377645165
1959.55377645165
1959.55377645165
1959.55377645165
1959.55377645165
1959.55377645165
1959.55377645165
1959.55377645165
1959.55377645165
1959.55377645165
1959.55377645165
1959.55377645165
1959.55377645165
1959.55377645165
1959.55377645165
1959.55377645165
1959.55377645165
1959.55377645165
1959.55377645165
1959.55377645165
1959.55377645165
1959.55377645165
1959.55377645165
1959.55377645165
1959.55377645165
1959.55377645165
1959.55377645165
1959.55377645165
1959.55377645165
1959.55377645165
1959.55377645165
1959.55377645165
1959.55377645165
1959.55377645165
1959.55377645165
1959.55377645165
1959.55377645165
1959.55377645165
1959.55377645165
1959.55377645165
1959.55377645165
1959.55377645165
1959.55377645165
1959.55377645165
1959.55377645165
1959.55377645165
1959.55377645165
1959.55377645165
1959.55377645165
1959.55377645165
1959.55377645165
1959.55377645165
1959.55377645165
1959.55377645165
1959.55377645165
1959.55377645165
1959.55377645165
1959.55377645165
1959.55377645165
1959.55377645165
1959.55377645165
1959.55377645165
1959.55377645165
1959.55377645165
1959.55377645165
1959.55377645165
1959.55377645165
1959.55377645165
1959.55377645165
1959.55377645165

ave
2599.90380490123
2654.16995989071
2700.87948754974
2698.17191562851
2688.51591426015
2653.32488598526
2626.89442125088
2633.36195452990
2644.55614676099
2635.40139787577
2651.30864189185
2712.88723822209
2653.87483353348
2674.25713452111
2682.81735077580
2653.19461790878
2695.64649266622
2641.33449404797
2675.94558869224
2639.54934061684
2678.49525397416
2673.61640429844
2705.03003163102
2703.66351698236
2725.24903300094
2652.67437221885
2666.05326159283
2641.58707652232
2627.53025938444
2682.54975859424
2624.54388129803
2672.96047700130
2610.65122349717
2666.88463399849
2568.18979945261
2650.34684874038
2610.89941244171
2640.97004042264
2627.35953264086
2603.22679935566
2665.77490100713
2607.45457387771
2523.96635274839
2578.39740466925
2594.64030454390
2581.43525926642
2549.90823800746
2553.53068177515
2540.88834930900
2562.23590436860
2523.27180038275
2549.23980758530
2529.15899151753
2532.65780464348
2529.73699525720
2485.70135913086
2541.90439387980
2508.35378099071
2477.55328379591
2461.71683531385
2504.98452636586
2464.72515593469
2496.50405020345
2505.25954868811
2515.91741554613
2497.27146712816
2489.69346738269
2517.81645725543
2496.49071864236
2491.89615504827
2501.69630278844
2501.86819603383
2514.76482564837
2531.55273633398
2553.31109695911
2537.42692409717
2489.38202564524
2532.03766448535
2522.16807422600
2538.47688997462
2514.04195396804
2473.86142849139
2484.35356917653
2492.57851057729
2483.50026789817
2589.45439217440
2560.29959451936
2569.20201635031
2567.15640425079
2521.85649850363
2508.38828166744
2538.72817363585
2557.07761794090
2508.92612683835
2567.16911297433
2539.46839783378
2557.27215545116
2554.44461433982
2451.94705612595
2493.33039714860
2555.13660774054
2482.21257530609
2465.57570579187
2469.88182238111
2477.31504585402
2480.51153229454
2449.51755953165
2488.28893798232
2457.90247098568
2522.68300353099
2497.70091437750
2473.13492642572
2447.27461304110
2465.38521481728
2481.09893122677
2492.75201335587
2453.30281792850
2451.34001596084
2516.88666785982
2426.80921709473
2479.13612150411
2502.63753258178
2500.09708278215
2480.70167036783
2442.82033436673
2443.15077051384
2432.05424406253
2495.11950607848
2519.42904380393
2533.96335993370
2525.99412331453
2414.63960055788
2433.26763178530
2525.58331289037
2522.12647530059
2530.02308471889
2494.48134321407
2549.17571836179
2459.89566623477
2471.08023534155
2464.45114215529
2500.34737850515
2488.41621315920
2525.38057220585
2505.09168327497
2434.47908785175
2506.02205767046
2477.74420437510
2495.99769889125
2451.04840914544
2500.43293743900
2511.53809001443
2508.88160474594
2409.44300357869
2590.17582731421
2540.45420017732
2485.65124726518
2497.77310201051
2502.34911850426
2492.64951143456
2497.18581169080
2432.01209514107
2531.66362857870
2508.34678718748
2478.59914957496
2503.40031037138
2419.21129534887
2460.34122513106
2548.58800493257
2479.52428186170
2476.21282528589
2470.05842208619
2541.29665702925
2461.13266953990
2473.68820798337
2496.69540613123
2469.13886315239
2441.45191117090
2542.90193352884
2478.53371908285
2464.16095977694
2556.14493570063
2513.49736125804
2527.91833401634
2509.38055681508
2506.30548077464
2522.86339845758
2465.96286154600
2518.05392169148
2525.78238622544
2547.71124787873
2491.48324816624
2476.06431870922
2533.30075540349
2500.23026864468
2476.66736000381
2448.92400354676
2568.68234759058
2420.58248728364
2477.40425767021
2485.27654620778
2516.64004429068
2466.34638107772
2417.34582887573
2452.17267479221
2446.96298959354
2455.88765706577
2452.84976711635
2416.97541882171
2566.71856681915
2468.65579951314
2452.78814853692
2437.38082812530
2489.72479933070
2476.40981234639
2469.98510190607
2525.67886725305
2442.42406254074
2493.50324708806
2458.82135998938
2497.34182076875
2442.40207840203
2490.83624745902
2481.56839146648
2409.95355242832
2480.72300333027
2492.75465992728
2471.30787697702
2446.14851148965
2501.29571409216
2452.46326839067
2506.18157067841
2499.09308554115
2458.32677605364
2521.51724659483
2491.05869836868
2465.75249825005
2481.24731032913
2443.83137497835
2443.52147066203
2500.06446783883
2494.85897156566
2587.23843451038
2465.68521549523
2463.34931554944
2510.96007043937
2501.32123006715
2480.92076393586
2479.38160994953
2511.31040007878
2533.37850727965
2537.35995861789
2494.41579648499
2531.95369091903
2530.26210391033
2544.35053102817
2510.94306985545
2529.82175140297
2457.29898495212
2536.33840076693
2434.41458228596
2501.27252510822
2490.17086163550
2528.56264838823
2514.58385351693
2471.69158180048
2490.44819248217
2534.59035351576
2569.59774394630
2496.43432309033
2468.70889057603
2509.13539713682
2456.85743654499
2542.77364036385
2540.21067927802
2569.85569461205
2494.83090576671
2521.20197246775
2489.71175702263
2467.86110408498
2477.67512593968
2442.30548657273
2542.79745307211
2500.96700092663
2498.69803256551
2426.83033955335
2446.43040761169
2467.79184180622
2422.25939266200
2471.50789404071
2491.27869635363
2466.78835099305
2447.49923589606
2473.20941871523
2419.84849657076
2518.27044860757
2447.76679992965
2409.79221269367
2431.22258633825
2463.93630486543
2472.01794291261
2480.25176349861
2434.19266728947
2541.56115552946
2475.44128454106
2458.57272163597
2448.25105382344
2536.38421210612
2510.31640179008
2472.78431285950
2483.69797756695
2501.30608146602
2424.74380143209
2527.73737146811
2490.25669037182
2487.74156442699
2502.57830732874
2457.39313408743
2491.97827588123
2486.40675226505
2512.68143286003
2403.00266509964
2432.84505669602
2455.04282401722
2512.24594964258
2500.35275500104
2483.08246207661
2561.59068985954
2548.36706621792
2493.56366519885
2511.05017811402
2440.76974543571
2545.56184055693
2461.18187227972
2490.73652192668
2490.99974781789
2452.24067160689
2472.15187814942
2483.40284860971
2534.14993653958
2582.89996884020
2550.29282285517
2454.54984622933
2506.33548588977
2404.97471099116
2469.20739109968
2453.84534096136
2501.69660438786
2492.15813234503
2469.01188031598
2490.71328543852
2457.47251920767
2526.73588509843
2484.56360958048
2507.42169515817
2397.69682491145
2576.70683754967
2487.48787134059
2534.79709241479
2529.92417910770
2499.45354772425
2482.62045624446
2496.60543631157
2443.42416037330
2475.69458459828
2574.84094197976
2454.95990143995
2430.06852693539
2500.14621593903
2457.72701340484
2454.42474148344
2453.66777657284
2434.72458644619
2466.27603046901
2485.91367575860
2474.85394144770
2496.36112074970
2544.79599850468
2469.23552406560
2510.79123784877
2475.75251691890
2435.32101415821
2444.76375156211
2429.80456537218
2440.94771641509
2502.98879516361
2498.46646134214
2478.12256627819
2432.71326172135
2477.54394311520
2542.91170692426
2423.11687243661
2390.82996194434
2480.95541026829
2440.23150433027
2455.21747283427
2437.10646081053
2401.25394531310
2444.18695669052
2462.74245237426
2470.93798670159
2444.13496119328
2415.41940684533
2402.33289160825
2459.67519114822
2418.55284733112
2441.66398381023
2370.07646240632
2470.84758366621
2436.50084155379
2472.49904715949
2428.22129499213
2476.48313365194
2365.60585480924
2515.89612017468
2424.39994777307
2489.36657219592
2451.95725579526
2461.39018286137
2448.14285868299
2437.79913040448
2416.84974743533
2379.71262262829
2452.20784515792
2499.52586920167
2434.92072298375
2510.45443935904
2451.82767433451
2480.25156016498
2415.48879325728
2527.27096147363
2502.48441083238
2426.69850114763
2411.87485822553
2434.64843668620
2439.78694096957
2369.67291939502
2438.09357715636
2559.74844751397
2402.92753313267
2424.70892040383
2493.96237758461
2517.13241293929
2454.87736319545
2493.87737531732
2550.93796147212
2465.06948730908
2548.94695544473
2567.28074180790
2510.24973018947
2481.77906766895
2483.99266365532
2416.86938366458
2525.96155411616
2467.31257688261
2510.00202811534
2391.09317481409
2494.64023573117
2456.03836948630
2490.07534893329
2388.20885960296
2509.19610451050
2631.31000841194
2477.60664092317
2493.82616439565
2440.41594955486
2427.32237556466
2495.76136916707
2438.73844610550
2443.26223648023
2511.97082339501
2419.14214629484
2527.73969269847
2486.90859997893
2576.44528310141
2560.79758114855
2544.39940197999
2539.72563104686
2517.16577273846
2467.24646645664
2478.70967167087
2551.76532680727
2520.94688878895
2472.90508044188
2469.50954502338
2454.67324800809
2443.81120917842
2512.73312849115
2451.40933051077
2532.13294916268
2567.99858784075
2608.40465840191
2536.87242953197
2521.14913461100
2484.81280500457
2504.35949702449
2557.22602600813
2543.97254416631
2493.85511464960
2541.47878976026