最优解为:673.8434
最优解路径:

Best_route =

  1 至 24 列

     0     0     0     0     0     0     0     0     0     0     0     0     0     0     0     0     0     0     0     0     0     0     0     0
    24    23     5     6    19     3    15    28    10    27    29    14     0     0     0     0     0     0     0     0     0     0     0     0
     0     0     0     0     0     0     0     0     0     0     0     0     0     0     0     0     0     0     0     0     0     0     0     0
     0     0     0     0     0     0     0     0     0     0     0     0     0     0     0     0     0     0     0     0     0     0     0     0
     0     0     0     0     0     0     0     0     0     0     0     0     0     0     0     0     0     0     0     0     0     0     0     0
     0     0     0     0     0     0     0     0     0     0     0     0     0     0     0     0     0     0     0     0     0     0     0     0
    20    21     4    11     1    30    12     8    18    16    25     9     7    22     2    26    13    17     0     0     0     0     0     0
     0     0     0     0     0     0     0     0     0     0     0     0     0     0     0     0     0     0     0     0     0     0     0     0

  25 至 31 列

     0     0     0     0     0     0     0
     0     0     0     0     0     0     0
     0     0     0     0     0     0     0
     0     0     0     0     0     0     0
     0     0     0     0     0     0     0
     0     0     0     0     0     0     0
     0     0     0     0     0     0     0
     0     0     0     0     0     0     0

本次运算用时:127.546秒
算法在第317代时收敛

best
705.109404388076
705.109404388076
695.054958188521
695.054958188521
691.058747516982
688.472929417967
688.472929417967
688.472929417967
688.472929417967
688.472929417967
688.472929417967
688.472929417967
688.472929417967
688.472929417967
688.472929417967
688.472929417967
688.472929417967
688.472929417967
688.472929417967
680.425617837921
680.425617837921
680.425617837921
680.425617837921
678.484862622963
678.484862622963
678.484862622963
678.484862622963
678.484862622963
678.484862622963
678.484862622963
678.484862622963
678.484862622963
678.484862622963
678.484862622963
677.787136792400
677.787136792400
677.787136792400
677.534062180938
676.219082640979
675.710954229518
675.710954229518
675.710954229518
675.710954229518
675.710954229518
675.710954229518
675.710954229518
675.710954229518
675.702844704649
675.702844704649
675.702844704649
675.702844704649
675.702844704649
675.702844704649
675.702844704649
675.702844704649
675.702844704649
675.702844704649
675.702844704649
675.702844704649
675.702844704649
675.702844704649
675.702844704649
675.702844704649
675.702844704649
675.648401917145
675.648401917145
675.648401917145
675.648401917145
675.648401917145
675.648401917145
675.648401917145
675.648401917145
674.351480460049
674.351480460049
674.351480460049
674.351480460049
674.351480460049
674.092169060659
674.092169060659
674.092169060659
674.092169060659
674.092169060659
674.092169060659
674.092169060659
674.092169060659
674.092169060659
674.092169060659
674.092169060659
674.092169060659
674.092169060659
674.092169060659
674.092169060659
674.092169060659
674.092169060659
674.092169060659
674.092169060659
674.092169060659
674.092169060659
674.092169060659
674.092169060659
674.092169060659
674.092169060659
674.092169060659
674.092169060659
674.092169060659
674.092169060659
674.092169060659
674.092169060659
674.092169060659
674.092169060659
674.092169060659
674.092169060659
674.059239990222
674.059239990222
674.059239990222
674.059239990222
674.059239990222
674.059239990222
674.059239990222
674.059239990222
674.059239990222
674.059239990222
674.059239990222
674.059239990222
674.059239990222
674.059239990222
674.059239990222
674.059239990222
674.059239990222
674.059239990222
674.059239990222
674.059239990222
674.059239990222
674.059239990222
674.059239990222
674.059239990222
674.059239990222
674.059239990222
674.059239990222
674.059239990222
674.059239990222
674.059239990222
674.059239990222
674.059239990222
674.059239990222
674.059239990222
674.059239990222
674.059239990222
674.059239990222
674.059239990222
674.059239990222
674.059239990222
674.059239990222
674.059239990222
674.059239990222
674.059239990222
674.059239990222
674.059239990222
674.059239990222
674.059239990222
674.059239990222
674.059239990222
674.059239990222
674.059239990222
674.059239990222
674.059239990222
674.059239990222
674.059239990222
674.059239990222
674.059239990222
674.059239990222
674.059239990222
674.059239990222
674.059239990222
674.059239990222
674.059239990222
674.059239990222
674.059239990222
674.059239990222
674.059239990222
674.059239990222
674.059239990222
674.059239990222
674.059239990222
674.059239990222
674.059239990222
674.059239990222
674.059239990222
674.059239990222
674.059239990222
674.059239990222
674.059239990222
674.059239990222
674.059239990222
674.059239990222
674.059239990222
674.059239990222
674.059239990222
674.059239990222
674.059239990222
674.059239990222
674.059239990222
674.059239990222
674.059239990222
674.059239990222
674.059239990222
674.059239990222
674.059239990222
674.059239990222
674.059239990222
674.059239990222
674.059239990222
674.059239990222
674.059239990222
674.059239990222
674.059239990222
674.059239990222
674.059239990222
674.059239990222
674.059239990222
674.059239990222
674.059239990222
674.059239990222
674.059239990222
674.059239990222
674.059239990222
674.059239990222
674.059239990222
674.059239990222
674.059239990222
674.059239990222
674.059239990222
674.059239990222
674.059239990222
674.059239990222
674.059239990222
674.059239990222
674.059239990222
674.059239990222
674.059239990222
674.059239990222
674.059239990222
674.059239990222
674.059239990222
674.059239990222
674.059239990222
674.059239990222
674.059239990222
674.059239990222
674.059239990222
674.059239990222
674.059239990222
674.059239990222
674.059239990222
674.059239990222
674.059239990222
674.059239990222
674.059239990222
674.059239990222
674.059239990222
674.059239990222
674.059239990222
674.059239990222
674.059239990222
674.059239990222
674.059239990222
674.059239990222
674.059239990222
674.059239990222
674.059239990222
674.059239990222
674.059239990222
674.059239990222
674.059239990222
674.059239990222
674.059239990222
674.059239990222
674.059239990222
674.059239990222
674.059239990222
674.059239990222
674.059239990222
674.059239990222
674.059239990222
674.059239990222
674.059239990222
674.059239990222
674.059239990222
674.059239990222
674.059239990222
674.059239990222
674.059239990222
674.059239990222
674.059239990222
674.059239990222
674.059239990222
674.059239990222
674.059239990222
674.059239990222
674.059239990222
674.059239990222
674.059239990222
674.059239990222
674.059239990222
674.059239990222
674.059239990222
674.059239990222
674.059239990222
674.059239990222
674.059239990222
674.059239990222
674.059239990222
674.059239990222
674.059239990222
674.059239990222
674.059239990222
673.843439545458
673.843439545458
673.843439545458
673.843439545458
673.843439545458
673.843439545458
673.843439545458
673.843439545458
673.843439545458
673.843439545458
673.843439545458
673.843439545458
673.843439545458
673.843439545458
673.843439545458
673.843439545458
673.843439545458
673.843439545458
673.843439545458
673.843439545458
673.843439545458
673.843439545458
673.843439545458
673.843439545458
673.843439545458
673.843439545458
673.843439545458
673.843439545458
673.843439545458
673.843439545458
673.843439545458
673.843439545458
673.843439545458
673.843439545458
673.843439545458
673.843439545458
673.843439545458
673.843439545458
673.843439545458
673.843439545458
673.843439545458
673.843439545458
673.843439545458
673.843439545458
673.843439545458
673.843439545458
673.843439545458
673.843439545458
673.843439545458
673.843439545458
673.843439545458
673.843439545458
673.843439545458
673.843439545458
673.843439545458
673.843439545458
673.843439545458
673.843439545458
673.843439545458
673.843439545458
673.843439545458
673.843439545458
673.843439545458
673.843439545458
673.843439545458
673.843439545458
673.843439545458
673.843439545458
673.843439545458
673.843439545458
673.843439545458
673.843439545458
673.843439545458
673.843439545458
673.843439545458
673.843439545458
673.843439545458
673.843439545458
673.843439545458
673.843439545458
673.843439545458
673.843439545458
673.843439545458
673.843439545458
673.843439545458
673.843439545458
673.843439545458
673.843439545458
673.843439545458
673.843439545458
673.843439545458
673.843439545458
673.843439545458
673.843439545458
673.843439545458
673.843439545458
673.843439545458
673.843439545458
673.843439545458
673.843439545458
673.843439545458
673.843439545458
673.843439545458
673.843439545458
673.843439545458
673.843439545458
673.843439545458
673.843439545458
673.843439545458
673.843439545458
673.843439545458
673.843439545458
673.843439545458
673.843439545458
673.843439545458
673.843439545458
673.843439545458
673.843439545458
673.843439545458
673.843439545458
673.843439545458
673.843439545458
673.843439545458
673.843439545458
673.843439545458
673.843439545458
673.843439545458
673.843439545458
673.843439545458
673.843439545458
673.843439545458
673.843439545458
673.843439545458
673.843439545458
673.843439545458
673.843439545458
673.843439545458
673.843439545458
673.843439545458
673.843439545458
673.843439545458
673.843439545458
673.843439545458
673.843439545458
673.843439545458
673.843439545458
673.843439545458
673.843439545458
673.843439545458
673.843439545458
673.843439545458
673.843439545458
673.843439545458
673.843439545458
673.843439545458
673.843439545458
673.843439545458
673.843439545458
673.843439545458
673.843439545458
673.843439545458
673.843439545458
673.843439545458
673.843439545458
673.843439545458
673.843439545458
673.843439545458
673.843439545458
673.843439545458
673.843439545458
673.843439545458
673.843439545458
673.843439545458
673.843439545458
673.843439545458
673.843439545458
673.843439545458
673.843439545458
673.843439545458
673.843439545458
673.843439545458
673.843439545458
673.843439545458
673.843439545458

ave
915.324237059672
1006.00630453243
968.368158155076
942.754403460738
920.281969244578
888.731333782288
866.709551513635
916.923283632070
925.047462134100
926.473420521993
901.273809387670
903.120955949204
844.974609916610
819.744944235995
879.881898423955
864.120589476074
831.058165700197
926.306183348856
892.053413857834
823.567269678609
876.443671390812
799.830656528667
857.318126397512
832.794618795218
832.504811640265
855.612522872646
916.682512099524
831.881422819597
863.419973341957
805.287278137812
775.367673430175
816.766411411555
851.144604135733
897.049853750467
798.838454653454
821.894820348846
831.673569421536
843.572916025184
768.119030251909
868.422706421050
830.904436806616
794.253725710470
808.698154478846
778.241876809018
744.014053667220
767.713555511746
813.927219370622
738.984249683571
789.743150303354
740.734965428183
740.852064803019
716.527196806367
714.394947718967
718.819725027565
740.560999856272
717.174836144022
713.817679418571
714.590814229622
766.301656860244
714.364907130585
714.976084433314
702.249362686422
681.163603595120
689.212189737973
714.960257388844
703.008493993392
690.563869281819
702.921713756042
740.678670571342
700.331844209270
676.802493718579
676.238542969855
690.940974754162
691.521569134071
689.432167616141
676.174556589237
700.289162852562
687.613926769996
687.725799398225
688.854205382674
676.725706564863
690.148096260631
689.005954968109
688.095257026233
687.974274617536
701.217918999427
677.942361661068
690.345560090276
675.310394524529
690.848232070871
677.350965484011
677.893584446889
689.237071449807
701.086263282169
688.321286595587
676.589637490480
727.740984371265
702.456670066754
676.654463208392
713.677348187413
712.098887537802
699.880956787072
676.913843165904
675.204439976770
688.271293292197
675.054394041180
701.284715059199
675.194397402650
698.671598582748
676.510244516397
699.407240551450
675.370397771368
687.987931359729
712.961881981330
712.279090717675
674.775732673844
700.653363634941
678.895773783848
675.758780272838
698.573467090394
689.046646466260
687.225795547729
687.875992482998
687.013120829318
700.679159093655
699.810193651766
686.377542300486
738.680243790269
699.917787300792
687.054386233863
711.414296969111
698.707672051944
688.444820201756
675.633020289693
712.061967302736
686.365916118231
686.646824152114
688.240840313678
676.703088545713
700.734065071118
689.050503447329
676.738142669970
711.508100983398
674.432225377976
674.821251791094
700.535000402183
676.373710599340
676.410622582929
675.187002422824
686.938157429936
687.165968096293
674.882980156018
674.215842341074
676.273169647758
689.238143680253
676.892228715492
689.787765297071
674.278274256338
712.148241414304
676.023430645420
674.284984130318
687.840049476806
675.081759955372
698.513268314963
687.582515200692
676.161302936499
688.071099823109
687.695988373054
690.229758060901
687.721618765073
698.774658601489
688.788640941321
674.278274256338
687.877456726951
688.151537949652
712.830730349613
687.926893351825
699.123511270110
688.800480292905
675.469449200605
674.059239990222
675.426796227546
712.839221273009
675.820100757562
676.106797317671
675.076892334514
676.136782805698
688.174766032763
700.372051116842
699.254179678729
698.755410166020
689.184661103946
701.311438738180
690.324484048041
674.686963813881
688.593605619434
699.382887993734
676.482179504416
676.528360217253
700.569972388464
724.538064481245
686.356960415953
700.121353195162
674.659922399716
688.781821970357
687.917015831951
712.029843179155
689.972079503558
688.508176322556
675.642792364086
702.249806987599
686.569335001351
686.759956492895
689.211109312436
689.256756876735
689.600159004994
689.726140464310
675.451703242182
674.805374766171
687.520358060821
699.473886725805
688.183477191757
674.783606338335
700.623724952289
713.410832206948
678.084568558994
702.774082979115
675.281085286134
690.040881756367
676.397287555775
675.689543471412
675.116205301228
678.173998510040
675.812130146661
676.585297096144
715.223626258844
699.852447119995
689.255822438893
689.152222208403
676.570533156836
689.181176519226
686.319717770929
735.269437312876
674.840363582646
686.726037122149
699.733875905986
703.704263786936
711.394809042643
700.464275759014
687.337087043181
699.199258725804
676.345568570812
676.588894516338
701.740497243653
688.870884185101
700.675309826372
688.250151451500
674.387963212955
686.956561627967
688.291255278041
675.712134449216
674.950715341348
687.207865337400
688.122727658016
712.100932532928
675.234731988597
689.799622933976
688.356486165563
674.233734743415
689.640379708089
687.034088472376
688.609966134523
713.014051606345
699.110896252857
688.323502759163
712.339250482548
687.680783457526
688.374236550132
686.753134231981
675.913286708243
679.230659372382
688.807965967556
689.411464049828
677.879814717459
688.063315093289
674.719783627938
676.762439533088
675.151301085547
676.559754051981
675.242932479564
702.584796882727
701.665766596609
686.723245815833
687.851151986823
675.381641991415
686.563595125250
681.073926298962
711.891841027349
674.059239990222
687.903910611285
699.235645572519
699.435664339971
675.703502954194
677.210684427487
676.822595290248
687.330924294759
701.283989276087
686.790446238181
687.035009182042
687.507518402197
701.558162634147
689.028079206046
702.156375347326
675.782934904872
700.796415952092
674.824246379923
686.459637530646
723.712303805798
686.220127326314
688.844594284542
686.964993660816
687.549121105050
701.712571736143
687.006700329726
686.147596667888
688.716349467807
689.105186512612
676.726883978125
724.839343418141
676.971497271755
699.372707230785
687.045961640362
676.182529163020
676.290426624162
687.549412334075
689.335458010656
698.517217508646
674.149808495821
689.907818120407
674.887033444289
674.653830191666
686.103917326165
712.585151002506
674.622960033290
689.942199098706
676.903626322917
698.075958562673
686.829272917045
701.060205197085
676.311176585585
687.042704037493
690.795437217096
686.261484582419
700.469955662847
687.480178211733
688.784753489528
678.284948982817
689.056687305255
676.361271761704
700.466875476524
725.324008289430
686.274597062912
687.655591295472
701.317758352811
676.012090675156
674.833008720495
714.070242761661
674.909283452613
676.332695283263
675.915020513128
674.635361338720
724.572477762616
675.616819048886
675.278196704376
675.079199610140
674.052714367549
702.738957434153
700.859598758332
699.393080485658
677.599130050639
698.257127068413
700.652720231482
727.992303753973
674.239829428979
686.926780978194
688.094976462261
688.652242045515
674.586944072122
673.843439545458
701.344448744403
686.201634431020
676.353360209987
686.537803051371
701.878976783140
688.113733282516
711.590425848883
688.826829050678
674.247493389645
675.616972350492
677.778481105375
686.545761446401
687.723627036407
675.739369667199
687.429998194411
700.549912312839
688.356697885557
688.527967079455
675.105834295518
688.649151321390
675.386424552322
676.473769089307
687.127505140979
700.449540804596
714.655342126785
673.843439545458
687.493430799646
687.338657576086
674.672494438793
749.100393775095
687.156465708536
712.252928421705
686.699890917708
700.325217967594
675.761842298490
700.181114238797
686.668498448346
675.559158655254
687.983735804337
689.873922198642
689.444784682101
676.105917291127
699.163587216117
678.443641189775
687.394705831289
703.472023540953
700.244370732254
711.135008907951
675.340290162626
676.080046835862
676.932522268988
687.521453107353
698.526360137219
688.663213845842
698.479488295501
674.026753898745
688.124185970825
702.110061449338
674.342248633036
702.521918510920
677.606530518718
687.774891412856
674.925290194901
677.474584847475
698.448087636130
687.076862352282
687.460091257450
711.169344666043
676.589369096706
688.233491925833
676.197789626878
676.141464527575
686.914363343655
689.679766175777
688.426516000794
674.795180970031
674.018007875905
687.329103145749
698.365388456107
687.731420380604
687.053462361336
700.151015970587
673.908003130862
724.147291353928
687.918269520506
689.259606134266
688.605313814534
690.660334301236
688.530215628451
698.086099386062
699.053853458425
710.785701292368
699.545201124662
674.035890769540
701.218965400381
714.449567916525
686.137896604668
700.795134194523
688.590862884515
700.189595955198
698.927515765648
675.188150321405
674.768327390683
686.027320558955
700.967550985459
678.339823934914
689.147876856697
700.365755784177
675.061140205894
675.565068171348
690.360446691250