最优解为:712.0417
最优解路径:

Best_route =

  1 至 24 列

     0     0     0     0     0     0     0     0     0     0     0     0     0     0     0     0     0     0     0     0     0     0     0     0
     0     0     0     0     0     0     0     0     0     0     0     0     0     0     0     0     0     0     0     0     0     0     0     0
     0     0     0     0     0     0     0     0     0     0     0     0     0     0     0     0     0     0     0     0     0     0     0     0
     0     0     0     0     0     0     0     0     0     0     0     0     0     0     0     0     0     0     0     0     0     0     0     0
     0     0     0     0     0     0     0     0     0     0     0     0     0     0     0     0     0     0     0     0     0     0     0     0
     0     0     0     0     0     0     0     0     0     0     0     0     0     0     0     0     0     0     0     0     0     0     0     0
     8    26     9    20    28     6    24    11    23    30     2    27    19    14    22     3    18    15     0     0     0     0     0     0
    17    13     4    21    16    25     7     5    12     1    10    29     0     0     0     0     0     0     0     0     0     0     0     0
     0     0     0     0     0     0     0     0     0     0     0     0     0     0     0     0     0     0     0     0     0     0     0     0

  25 至 31 列

     0     0     0     0     0     0     0
     0     0     0     0     0     0     0
     0     0     0     0     0     0     0
     0     0     0     0     0     0     0
     0     0     0     0     0     0     0
     0     0     0     0     0     0     0
     0     0     0     0     0     0     0
     0     0     0     0     0     0     0
     0     0     0     0     0     0     0

本次运算用时:125.875秒
算法在第323代时收敛

best
744.146713427513
744.146713427513
744.146713427513
744.146713427513
744.146713427513
744.146713427513
744.146713427513
744.146713427513
738.073961707887
738.073961707887
736.415282158376
727.246285446935
727.246285446935
723.330803862064
722.713718316254
722.713718316254
722.713718316254
722.713718316254
722.713718316254
722.713718316254
720.280134790412
720.280134790412
720.280134790412
720.280134790412
720.280134790412
720.280134790412
720.280134790412
720.280134790412
720.280134790412
717.989842182972
717.989842182972
717.989842182972
717.989842182972
716.664706195670
716.664706195670
716.664706195670
716.664706195670
716.604480706819
716.604480706819
716.604480706819
716.604480706819
716.604480706819
716.604480706819
716.604480706819
715.146551273381
715.146551273381
715.146551273381
715.146551273381
715.146551273381
715.146551273381
715.146551273381
715.146551273381
715.146551273381
715.146551273381
715.146551273381
714.314100419312
714.167864136807
714.167864136807
714.167864136807
714.167864136807
714.167864136807
714.167864136807
714.167864136807
714.167864136807
714.167864136807
714.167864136807
714.167864136807
714.167864136807
714.167864136807
714.167864136807
714.167864136807
714.167864136807
714.167864136807
714.167864136807
714.167864136807
714.167864136807
714.167864136807
714.167864136807
714.167864136807
714.167864136807
714.167864136807
714.167864136807
714.167864136807
714.167864136807
714.167864136807
714.167864136807
714.167864136807
714.167864136807
714.167864136807
714.167864136807
714.167864136807
714.167864136807
714.167864136807
714.167864136807
714.167864136807
714.167864136807
714.167864136807
714.167864136807
714.167864136807
714.167864136807
714.167864136807
714.167864136807
714.167864136807
714.167864136807
714.167864136807
714.167864136807
714.167864136807
714.167864136807
714.167864136807
714.167864136807
714.167864136807
714.167864136807
714.167864136807
714.167864136807
714.167864136807
714.167864136807
714.167864136807
714.167864136807
714.167864136807
714.167864136807
714.167864136807
714.167864136807
714.167864136807
714.167864136807
714.167864136807
714.167864136807
714.167864136807
714.167864136807
714.167864136807
714.167864136807
714.167864136807
714.167864136807
714.167864136807
714.167864136807
714.167864136807
714.167864136807
714.167864136807
714.167864136807
714.167864136807
714.167864136807
714.167864136807
714.167864136807
713.600113376656
713.600113376656
713.600113376656
713.600113376656
713.600113376656
713.600113376656
713.600113376656
713.600113376656
713.600113376656
713.600113376656
713.600113376656
713.600113376656
713.600113376656
713.600113376656
713.600113376656
713.600113376656
713.600113376656
713.600113376656
713.600113376656
713.600113376656
713.600113376656
713.600113376656
713.600113376656
713.600113376656
713.600113376656
713.600113376656
713.600113376656
713.600113376656
713.600113376656
712.425670747277
712.425670747277
712.425670747277
712.425670747277
712.425670747277
712.425670747277
712.425670747277
712.425670747277
712.425670747277
712.425670747277
712.425670747277
712.425670747277
712.425670747277
712.425670747277
712.425670747277
712.425670747277
712.425670747277
712.425670747277
712.425670747277
712.425670747277
712.425670747277
712.425670747277
712.425670747277
712.178842568012
712.178842568012
712.178842568012
712.178842568012
712.178842568012
712.178842568012
712.178842568012
712.178842568012
712.178842568012
712.178842568012
712.178842568012
712.178842568012
712.178842568012
712.178842568012
712.178842568012
712.178842568012
712.178842568012
712.178842568012
712.178842568012
712.178842568012
712.178842568012
712.178842568012
712.178842568012
712.178842568012
712.178842568012
712.178842568012
712.178842568012
712.178842568012
712.178842568012
712.178842568012
712.178842568012
712.178842568012
712.178842568012
712.178842568012
712.178842568012
712.178842568012
712.178842568012
712.178842568012
712.178842568012
712.178842568012
712.178842568012
712.178842568012
712.178842568012
712.178842568012
712.178842568012
712.178842568012
712.178842568012
712.178842568012
712.178842568012
712.178842568012
712.178842568012
712.178842568012
712.178842568012
712.178842568012
712.178842568012
712.178842568012
712.178842568012
712.178842568012
712.178842568012
712.178842568012
712.178842568012
712.178842568012
712.178842568012
712.178842568012
712.178842568012
712.178842568012
712.178842568012
712.178842568012
712.178842568012
712.178842568012
712.178842568012
712.178842568012
712.178842568012
712.178842568012
712.178842568012
712.178842568012
712.178842568012
712.178842568012
712.178842568012
712.178842568012
712.178842568012
712.178842568012
712.178842568012
712.178842568012
712.178842568012
712.178842568012
712.178842568012
712.178842568012
712.178842568012
712.178842568012
712.178842568012
712.178842568012
712.178842568012
712.178842568012
712.178842568012
712.178842568012
712.178842568012
712.178842568012
712.178842568012
712.178842568012
712.178842568012
712.178842568012
712.178842568012
712.178842568012
712.178842568012
712.178842568012
712.178842568012
712.178842568012
712.178842568012
712.178842568012
712.178842568012
712.178842568012
712.178842568012
712.178842568012
712.178842568012
712.178842568012
712.178842568012
712.178842568012
712.178842568012
712.178842568012
712.178842568012
712.178842568012
712.178842568012
712.178842568012
712.178842568012
712.178842568012
712.178842568012
712.178842568012
712.041748597634
712.041748597634
712.041748597634
712.041748597634
712.041748597634
712.041748597634
712.041748597634
712.041748597634
712.041748597634
712.041748597634
712.041748597634
712.041748597634
712.041748597634
712.041748597634
712.041748597634
712.041748597634
712.041748597634
712.041748597634
712.041748597634
712.041748597634
712.041748597634
712.041748597634
712.041748597634
712.041748597634
712.041748597634
712.041748597634
712.041748597634
712.041748597634
712.041748597634
712.041748597634
712.041748597634
712.041748597634
712.041748597634
712.041748597634
712.041748597634
712.041748597634
712.041748597634
712.041748597634
712.041748597634
712.041748597634
712.041748597634
712.041748597634
712.041748597634
712.041748597634
712.041748597634
712.041748597634
712.041748597634
712.041748597634
712.041748597634
712.041748597634
712.041748597634
712.041748597634
712.041748597634
712.041748597634
712.041748597634
712.041748597634
712.041748597634
712.041748597634
712.041748597634
712.041748597634
712.041748597634
712.041748597634
712.041748597634
712.041748597634
712.041748597634
712.041748597634
712.041748597634
712.041748597634
712.041748597634
712.041748597634
712.041748597634
712.041748597634
712.041748597634
712.041748597634
712.041748597634
712.041748597634
712.041748597634
712.041748597634
712.041748597634
712.041748597634
712.041748597634
712.041748597634
712.041748597634
712.041748597634
712.041748597634
712.041748597634
712.041748597634
712.041748597634
712.041748597634
712.041748597634
712.041748597634
712.041748597634
712.041748597634
712.041748597634
712.041748597634
712.041748597634
712.041748597634
712.041748597634
712.041748597634
712.041748597634
712.041748597634
712.041748597634
712.041748597634
712.041748597634
712.041748597634
712.041748597634
712.041748597634
712.041748597634
712.041748597634
712.041748597634
712.041748597634
712.041748597634
712.041748597634
712.041748597634
712.041748597634
712.041748597634
712.041748597634
712.041748597634
712.041748597634
712.041748597634
712.041748597634
712.041748597634
712.041748597634
712.041748597634
712.041748597634
712.041748597634
712.041748597634
712.041748597634
712.041748597634
712.041748597634
712.041748597634
712.041748597634
712.041748597634
712.041748597634
712.041748597634
712.041748597634
712.041748597634
712.041748597634
712.041748597634
712.041748597634
712.041748597634
712.041748597634
712.041748597634
712.041748597634
712.041748597634
712.041748597634
712.041748597634
712.041748597634
712.041748597634
712.041748597634
712.041748597634
712.041748597634
712.041748597634
712.041748597634
712.041748597634
712.041748597634
712.041748597634
712.041748597634
712.041748597634
712.041748597634
712.041748597634
712.041748597634
712.041748597634
712.041748597634
712.041748597634
712.041748597634
712.041748597634
712.041748597634
712.041748597634
712.041748597634
712.041748597634
712.041748597634
712.041748597634
712.041748597634
712.041748597634
712.041748597634
712.041748597634
712.041748597634

ave
1185.18966444505
1165.95284281737
1212.06261420192
1134.72417387521
1173.58085903297
1113.63262922012
1166.50913947101
1110.69974934707
1128.23295582759
1118.85108214547
1134.40216989744
1013.96315384691
1081.36633965495
1131.27954467135
1003.19389858861
995.182708489064
1065.28526151288
1056.14346275242
1061.56443946120
1107.92161315096
998.078252704461
999.849557122403
1030.76090330951
934.521940244536
952.299970753783
992.823290854051
943.372750301260
994.932536838470
918.175123197059
974.071588384635
899.090511778242
925.477129278557
945.093888140658
990.801974061879
987.849814222039
878.792669603565
908.163752726760
981.926806849574
879.417245047936
1013.52333176830
845.611552281281
875.576318787643
873.626429958720
849.287082952646
859.284647708292
832.773036649141
917.312678999784
840.615564678986
767.173769512615
812.441177354825
797.756907207378
779.435444232653
785.911902172040
779.531513404791
809.998315679954
765.307780762997
719.260818115752
732.339916130482
793.214193966005
763.892282018858
795.109342922939
748.076044053938
747.726356648133
761.618632008328
762.511213658472
779.009110846182
777.964567299636
793.141898510640
745.637541144893
729.052202537465
746.106503879381
729.623088215631
776.668079629249
716.155007887710
778.549616637461
760.410908536337
762.133337499307
733.138226655041
714.637222519432
763.478625839919
733.878642790319
748.593204821361
714.384334441315
746.330474659786
729.661355325861
777.523567574902
732.638348906953
776.594101024630
750.897597153596
730.534577306509
749.472230196314
729.475985953419
746.036561396222
745.058556047399
731.772056702126
729.336459693472
765.828318696128
760.821225557168
714.167864136807
748.293814092257
745.144195003540
731.157882478944
746.517648123561
730.607453201744
731.172256972677
716.845412871135
730.918001971256
729.336459693471
749.271799177969
729.124966971890
761.784485189982
729.317010984660
763.546977585029
746.643197379715
733.388050707529
730.380961522830
717.879956982200
779.062557033706
747.090386323425
714.167864136807
764.599309378758
762.608904212185
746.938450107486
715.019103574129
718.901472061023
746.513988761209
748.683796138423
715.281562105691
714.670595262393
793.548648923439
729.254870484247
729.976205359085
746.184906695900
729.943313852227
761.663703848462
730.781142296133
718.263656145993
715.581921485021
729.103905340262
747.187005967504
716.131536789534
731.941731516568
746.891488283988
731.155527201026
731.109748793700
748.418616465791
716.300904076917
730.508305409444
714.433055839135
761.355855668667
745.598611184308
731.599086051392
745.201744950502
730.984220760177
734.537008116213
778.182499770344
715.234193889020
745.289221609984
732.210871239956
714.655328121761
759.873779948270
729.623494695243
729.148935808030
715.642509829271
748.183990315645
719.071152836971
715.336590827680
745.886173821459
775.412049818448
714.592072361347
759.669701840726
730.587366904218
729.070995100617
714.245530334531
714.876258473626
743.081611057411
743.041775503421
713.896391194149
714.465159453705
763.388383676940
746.237738412318
729.291905412967
743.476985195119
744.740831146977
731.209393524866
759.333997660729
718.215512988954
746.535651213297
728.391134496337
762.126581966113
714.403060455247
713.954828379571
712.484392878746
713.283894774383
729.849726598677
715.175379234539
731.799450236844
760.115822310988
779.129471641888
713.703244389319
716.339034711117
745.621917386795
745.686064684504
790.240210938200
743.517353405645
778.874048135470
713.264500041605
729.691982020256
728.267680701901
743.668587684223
777.245844123611
717.852514704951
790.994919417800
714.176153516323
713.510023964103
747.083436334113
728.913951237476
747.093281293953
746.895742772407
743.657593108416
714.888111366988
712.178842568012
775.613153157639
742.965518047798
762.701492285327
714.072616133365
759.318210549412
729.443884379860
745.820194844484
713.172288871788
716.105535634718
744.265971722994
732.249224595473
728.583982777903
716.157069960738
714.875558660047
745.411740448886
760.926327941988
774.022752705388
714.855479096257
715.756895576381
729.275326405032
790.924931163259
727.439321138736
746.473959581647
729.339296705350
760.663201010489
729.194115016733
713.131998744576
731.161876402757
747.400722871151
745.979153560154
728.299540113797
730.311181438758
715.036795398655
729.566236976257
748.966643902652
744.108919223991
747.207984711097
758.138405555927
714.763675539266
745.116418506031
715.875514290327
745.923362399498
748.164663963497
763.142056904612
761.000146812159
743.958035681987
745.728910999682
763.330018929680
713.967850454494
728.586590320156
727.445067365524
744.849831387313
731.045974935326
712.795437788712
746.295683571518
729.733569708571
719.538804866960
757.987031464795
774.853432721681
745.804073887410
727.439321138736
713.140622816824
728.926503872244
730.242807285116
759.227258597903
730.147667058486
728.590071472986
730.656259755186
759.641502120641
727.368971145287
730.471805133588
744.750515532109
745.040420785829
730.920797104315
730.994348080200
759.297819960434
729.849964202162
728.843091846733
730.190523463613
730.754699678178
775.157114563230
734.833384423662
713.515952528278
729.547196795364
713.189280077740
730.873832585097
746.359725317825
763.091379606789
712.178842568012
775.448729461718
778.217649595677
715.954788984424
747.249956987559
730.110568428049
718.314908618710
744.753968805631
727.612902586439
744.853943365585
776.041026259284
729.338833344572
713.826930242193
745.524306790094
712.566507798837
748.288254912813
730.061350174877
714.459171361192
729.895452397306
714.173246535361
759.496450039108
727.824507575939
733.302049360197
716.584569853423
761.902121259519
712.961531801761
758.495240135422
764.711603704665
745.620178409171
743.554815810008
759.609063458542
713.476882589338
732.857857464010
744.463767326678
746.326582222990
729.198244278633
727.005706131236
776.345417391068
743.049053900469
727.909227248090
715.391717119135
729.820883480186
744.717567739333
759.553023738794
730.506359049005
745.651237611206
746.145110847088
713.138606084837
713.062663882325
712.496035941764
744.628749393596
762.057118202080
727.758020437046
777.011798062289
731.039869353197
743.353148644271
727.369392300590
764.275183479628
761.826340534896
713.480669534933
728.246267376028
762.020459460004
743.902178133193
746.159399200710
746.011076804871
714.415564466662
761.045360903681
744.444176700193
731.336747774018
731.300132944577
728.310532826262
775.641444533013
713.658122787239
760.055464347384
742.470916386945
729.001931241117
712.309378676986
712.041748597634
746.524424534169
759.459743994225
714.633914209859
713.543500460311
729.469288482964
729.364196797278
727.489514698136
728.149455458717
744.583930985873
760.186281506739
729.949059359057
742.593500472863
745.361496819974
745.506873099168
759.676248987910
759.204614928791
743.695771247713
760.590378184169
761.706233572602
727.131105729592
744.768156682307
713.305147273315
730.267125108073
758.459891582422
728.278348298795
744.898341948606
744.031576614737
713.300338198414
729.031874855117
757.185981444420
774.463956070455
792.460512880346
734.072843614046
746.369445169739
730.176344762424
731.064172106492
715.177949599810
743.762290120409
732.898946094713
759.747462640363
713.280010179561
763.405549220488
716.788756361895
762.069404136364
712.155631607605
731.189890638361
775.305142554393
745.966089725677
742.717752705939
729.987903952095
775.334395425683
728.608691364460
745.387191243657
764.022308206870
743.347919178764
712.094554191397
714.884114810619
729.722669355696
716.556194128233
743.654760517753
745.136747008859
745.075243206217
745.363874012526
713.945089293771
760.630900558850
713.914761687722
760.061500963374
728.872591433942
761.786660414976
714.094287289545
742.164286879516
761.431381850637
766.279836303816
729.752633572272
713.568250012886
761.685970417114
727.897908954873
789.762228356251
758.846657975310
728.430954088285
729.444140561264
712.761557219455
728.945243820999
762.189917316979
743.039158977834
712.200872033513
744.909184302693
727.885195240669
728.494348148625
712.189194896428
742.345665341607
760.427874718879
729.581564958079
712.242147202692
760.186056130297
713.349283967118
732.583416345218
743.748340448314
728.920159148388
713.869035525602
727.287744618841
792.643656679552
744.532900043434
713.946088986224
745.394354785365
715.440324130930
745.735464478291
714.305471957652
730.628122858585
749.843620065067
712.041748597634
732.042878621184