最优解为:1244.2861
最优解路径:

Best_route =

  1 至 24 列

    20     2    30    18    15    16    13     9    26     0     0     0     0     0     0     0     0     0     0     0     0     0     0     0
     0     0     0     0     0     0     0     0     0     0     0     0     0     0     0     0     0     0     0     0     0     0     0     0
     0     0     0     0     0     0     0     0     0     0     0     0     0     0     0     0     0     0     0     0     0     0     0     0
     0     0     0     0     0     0     0     0     0     0     0     0     0     0     0     0     0     0     0     0     0     0     0     0
     0     0     0     0     0     0     0     0     0     0     0     0     0     0     0     0     0     0     0     0     0     0     0     0
    27    19    14    10    29    24     6     7     0     0     0     0     0     0     0     0     0     0     0     0     0     0     0     0
    11    12     1    22     3     8    25    17     0     0     0     0     0     0     0     0     0     0     0     0     0     0     0     0
     0     0     0     0     0     0     0     0     0     0     0     0     0     0     0     0     0     0     0     0     0     0     0     0
     4    21    23     5    28     0     0     0     0     0     0     0     0     0     0     0     0     0     0     0     0     0     0     0

  25 至 31 列

     0     0     0     0     0     0     0
     0     0     0     0     0     0     0
     0     0     0     0     0     0     0
     0     0     0     0     0     0     0
     0     0     0     0     0     0     0
     0     0     0     0     0     0     0
     0     0     0     0     0     0     0
     0     0     0     0     0     0     0
     0     0     0     0     0     0     0

本次运算用时:127.147秒
算法在第242代时收敛

best
1270.59429331786
1266.31958547241
1265.47506787625
1265.47506787625
1258.92826797999
1258.92826797999
1258.92826797999
1258.92826797999
1258.92826797999
1258.92826797999
1258.92826797999
1253.04395492007
1253.04395492007
1253.04395492007
1253.04395492007
1253.04395492007
1253.04395492007
1253.04395492007
1253.04395492007
1253.04395492007
1253.04395492007
1253.04395492007
1253.04395492007
1251.54274633862
1251.13939699242
1251.13939699242
1251.13939699242
1251.13939699242
1249.80461775838
1249.80461775838
1249.80461775838
1249.80461775838
1249.80461775838
1249.50087551483
1249.50087551483
1249.50087551483
1249.50087551483
1249.50087551483
1249.50087551483
1249.50087551483
1249.50087551483
1249.50087551483
1249.50087551483
1249.50087551483
1249.50087551483
1249.50087551483
1249.50087551483
1246.71043187294
1246.71043187294
1246.71043187294
1246.71043187294
1246.71043187294
1246.71043187294
1246.71043187294
1246.71043187294
1246.71043187294
1246.71043187294
1246.71043187294
1246.71043187294
1246.71043187294
1246.71043187294
1246.71043187294
1246.71043187294
1246.71043187294
1246.71043187294
1246.71043187294
1246.71043187294
1246.71043187294
1246.71043187294
1246.47491315635
1246.09202865638
1246.09202865638
1246.09202865638
1245.85650993979
1245.85650993979
1245.85650993979
1245.85650993979
1245.85650993979
1245.83579975548
1245.83579975548
1245.83579975548
1245.83579975548
1245.83579975548
1245.83579975548
1245.83579975548
1245.83579975548
1245.83579975548
1245.83579975548
1245.83579975548
1245.83579975548
1245.83579975548
1245.83579975548
1245.83579975548
1245.83579975548
1245.83579975548
1245.83579975548
1245.83579975548
1245.83579975548
1245.83579975548
1245.83579975548
1245.83579975548
1245.83579975548
1245.83579975548
1245.83579975548
1245.83579975548
1245.83579975548
1245.83579975548
1245.83579975548
1245.83579975548
1245.83579975548
1245.83579975548
1245.83579975548
1245.83579975548
1245.83579975548
1245.83579975548
1245.83579975548
1245.83579975548
1245.83579975548
1245.83579975548
1245.83579975548
1245.83579975548
1245.83579975548
1245.83579975548
1245.83579975548
1245.83579975548
1245.83579975548
1245.83579975548
1245.83579975548
1245.83579975548
1245.83579975548
1245.83579975548
1245.83579975548
1245.83579975548
1245.83579975548
1245.83579975548
1245.83579975548
1245.83579975548
1245.83579975548
1245.83579975548
1245.83579975548
1245.83579975548
1245.83579975548
1245.83579975548
1245.83579975548
1245.44289140010
1245.44289140010
1245.44289140010
1245.44289140010
1245.44289140010
1245.44289140010
1245.44289140010
1245.44289140010
1245.15388527132
1244.74026673163
1244.74026673163
1244.74026673163
1244.74026673163
1244.74026673163
1244.74026673163
1244.74026673163
1244.74026673163
1244.74026673163
1244.74026673163
1244.74026673163
1244.74026673163
1244.74026673163
1244.74026673163
1244.74026673163
1244.74026673163
1244.74026673163
1244.74026673163
1244.74026673163
1244.74026673163
1244.74026673163
1244.74026673163
1244.74026673163
1244.74026673163
1244.74026673163
1244.74026673163
1244.74026673163
1244.74026673163
1244.74026673163
1244.74026673163
1244.74026673163
1244.74026673163
1244.74026673163
1244.74026673163
1244.28607204132
1244.28607204132
1244.28607204132
1244.28607204132
1244.28607204132
1244.28607204132
1244.28607204132
1244.28607204132
1244.28607204132
1244.28607204132
1244.28607204132
1244.28607204132
1244.28607204132
1244.28607204132
1244.28607204132
1244.28607204132
1244.28607204132
1244.28607204132
1244.28607204132
1244.28607204132
1244.28607204132
1244.28607204132
1244.28607204132
1244.28607204132
1244.28607204132
1244.28607204132
1244.28607204132
1244.28607204132
1244.28607204132
1244.28607204132
1244.28607204132
1244.28607204132
1244.28607204132
1244.28607204132
1244.28607204132
1244.28607204132
1244.28607204132
1244.28607204132
1244.28607204132
1244.28607204132
1244.28607204132
1244.28607204132
1244.28607204132
1244.28607204132
1244.28607204132
1244.28607204132
1244.28607204132
1244.28607204132
1244.28607204132
1244.28607204132
1244.28607204132
1244.28607204132
1244.28607204132
1244.28607204132
1244.28607204132
1244.28607204132
1244.28607204132
1244.28607204132
1244.28607204132
1244.28607204132
1244.28607204132
1244.28607204132
1244.28607204132
1244.28607204132
1244.28607204132
1244.28607204132
1244.28607204132
1244.28607204132
1244.28607204132
1244.28607204132
1244.28607204132
1244.28607204132
1244.28607204132
1244.28607204132
1244.28607204132
1244.28607204132
1244.28607204132
1244.28607204132
1244.28607204132
1244.28607204132
1244.28607204132
1244.28607204132
1244.28607204132
1244.28607204132
1244.28607204132
1244.28607204132
1244.28607204132
1244.28607204132
1244.28607204132
1244.28607204132
1244.28607204132
1244.28607204132
1244.28607204132
1244.28607204132
1244.28607204132
1244.28607204132
1244.28607204132
1244.28607204132
1244.28607204132
1244.28607204132
1244.28607204132
1244.28607204132
1244.28607204132
1244.28607204132
1244.28607204132
1244.28607204132
1244.28607204132
1244.28607204132
1244.28607204132
1244.28607204132
1244.28607204132
1244.28607204132
1244.28607204132
1244.28607204132
1244.28607204132
1244.28607204132
1244.28607204132
1244.28607204132
1244.28607204132
1244.28607204132
1244.28607204132
1244.28607204132
1244.28607204132
1244.28607204132
1244.28607204132
1244.28607204132
1244.28607204132
1244.28607204132
1244.28607204132
1244.28607204132
1244.28607204132
1244.28607204132
1244.28607204132
1244.28607204132
1244.28607204132
1244.28607204132
1244.28607204132
1244.28607204132
1244.28607204132
1244.28607204132
1244.28607204132
1244.28607204132
1244.28607204132
1244.28607204132
1244.28607204132
1244.28607204132
1244.28607204132
1244.28607204132
1244.28607204132
1244.28607204132
1244.28607204132
1244.28607204132
1244.28607204132
1244.28607204132
1244.28607204132
1244.28607204132
1244.28607204132
1244.28607204132
1244.28607204132
1244.28607204132
1244.28607204132
1244.28607204132
1244.28607204132
1244.28607204132
1244.28607204132
1244.28607204132
1244.28607204132
1244.28607204132
1244.28607204132
1244.28607204132
1244.28607204132
1244.28607204132
1244.28607204132
1244.28607204132
1244.28607204132
1244.28607204132
1244.28607204132
1244.28607204132
1244.28607204132
1244.28607204132
1244.28607204132
1244.28607204132
1244.28607204132
1244.28607204132
1244.28607204132
1244.28607204132
1244.28607204132
1244.28607204132
1244.28607204132
1244.28607204132
1244.28607204132
1244.28607204132
1244.28607204132
1244.28607204132
1244.28607204132
1244.28607204132
1244.28607204132
1244.28607204132
1244.28607204132
1244.28607204132
1244.28607204132
1244.28607204132
1244.28607204132
1244.28607204132
1244.28607204132
1244.28607204132
1244.28607204132
1244.28607204132
1244.28607204132
1244.28607204132
1244.28607204132
1244.28607204132
1244.28607204132
1244.28607204132
1244.28607204132
1244.28607204132
1244.28607204132
1244.28607204132
1244.28607204132
1244.28607204132
1244.28607204132
1244.28607204132
1244.28607204132
1244.28607204132
1244.28607204132
1244.28607204132
1244.28607204132
1244.28607204132
1244.28607204132
1244.28607204132
1244.28607204132
1244.28607204132
1244.28607204132
1244.28607204132
1244.28607204132
1244.28607204132
1244.28607204132
1244.28607204132
1244.28607204132
1244.28607204132
1244.28607204132
1244.28607204132
1244.28607204132
1244.28607204132
1244.28607204132
1244.28607204132
1244.28607204132
1244.28607204132
1244.28607204132
1244.28607204132
1244.28607204132
1244.28607204132
1244.28607204132
1244.28607204132
1244.28607204132
1244.28607204132
1244.28607204132
1244.28607204132
1244.28607204132
1244.28607204132
1244.28607204132
1244.28607204132
1244.28607204132
1244.28607204132
1244.28607204132
1244.28607204132
1244.28607204132
1244.28607204132
1244.28607204132
1244.28607204132
1244.28607204132
1244.28607204132
1244.28607204132
1244.28607204132
1244.28607204132
1244.28607204132
1244.28607204132
1244.28607204132
1244.28607204132
1244.28607204132
1244.28607204132
1244.28607204132
1244.28607204132
1244.28607204132
1244.28607204132
1244.28607204132
1244.28607204132
1244.28607204132
1244.28607204132
1244.28607204132
1244.28607204132
1244.28607204132
1244.28607204132
1244.28607204132
1244.28607204132
1244.28607204132
1244.28607204132
1244.28607204132
1244.28607204132
1244.28607204132
1244.28607204132
1244.28607204132
1244.28607204132
1244.28607204132
1244.28607204132
1244.28607204132
1244.28607204132
1244.28607204132
1244.28607204132
1244.28607204132
1244.28607204132
1244.28607204132
1244.28607204132

ave
1377.06977024754
1392.08177559516
1362.73760197855
1394.24577941339
1312.41859199935
1311.42264950728
1294.78312289189
1343.84619098261
1354.06957236634
1325.96099337092
1325.41291169345
1383.98076069165
1369.40053506875
1335.59597380780
1291.58542723768
1291.35552583187
1306.25862688748
1318.04547972788
1286.84923068327
1352.36169548304
1360.76500880609
1331.20720076729
1329.47856512168
1314.93364935833
1297.56075725887
1326.30040934214
1312.44574856365
1371.69865260839
1354.10052026881
1308.99592551664
1398.97263818261
1353.30325850550
1353.81127885829
1366.37718303138
1348.69474766368
1306.28938171825
1334.25145709194
1349.89125409071
1337.29116220449
1338.30378668320
1348.00652479847
1362.80771414429
1291.56655764052
1376.78019165995
1316.36790500119
1347.99636925405
1376.54046278743
1346.15679314030
1420.38777412786
1347.24137192401
1348.29699021520
1403.79622484738
1374.48093307659
1387.88447937527
1373.67875723533
1314.45521038829
1405.24158110319
1329.98470841688
1298.08532244167
1372.60309414917
1328.10053525764
1345.55547414008
1359.19961991059
1447.88389437888
1374.13056813264
1345.12023635315
1328.45171814478
1359.25661015315
1418.22478328130
1388.28596449965
1388.76707592553
1317.80039646675
1389.32281798976
1386.52420473203
1430.97746858811
1385.05800415180
1341.88237114532
1401.57364901881
1338.93203040470
1356.07611868429
1325.37369133438
1369.96786275078
1341.18216004846
1357.41265237766
1341.44250855373
1356.10902108841
1322.85344897452
1323.17306500988
1353.61325132927
1354.04452216134
1342.17022072545
1323.91131979937
1298.06977542986
1262.79307039506
1292.55325146062
1323.88126436298
1248.30221473912
1248.62833830426
1295.71195824635
1297.66187523902
1277.72891704876
1295.51068044101
1299.47497215425
1281.25695807925
1280.48051442738
1248.58146330965
1265.18864738259
1247.07059645664
1278.60555140540
1265.87840676696
1277.01925319422
1279.45029135025
1263.58960441664
1263.76165376425
1247.33059526921
1247.84771893033
1279.29979742697
1248.96932213928
1248.03371768498
1261.42559156315
1278.01438628859
1248.84102520235
1248.44174939422
1247.16777131570
1247.01277402601
1262.64586441484
1246.88683638351
1278.86833707148
1265.55685229090
1278.45017454202
1247.07458506227
1248.29890640001
1247.86669353903
1277.82681966663
1279.00294002674
1293.06539728013
1263.92045701555
1246.57444706020
1247.61308900878
1262.09126340706
1277.13576279964
1261.48608811307
1262.66028124351
1250.03993526433
1279.46963748754
1278.08938591272
1261.54120033231
1247.42424793362
1248.29944580744
1247.27426912611
1247.12964851769
1249.76879708735
1264.04973866117
1281.37454266941
1264.06092313148
1247.96651212331
1247.62997587440
1294.92464525113
1248.53619217519
1264.23454404378
1248.48982999930
1278.41458086477
1248.68635783715
1261.11608625178
1309.09367710628
1247.43944891124
1260.72640176123
1276.27230589567
1263.22437681913
1276.66356853049
1261.56853904442
1277.13043694705
1275.29402686259
1260.65851671230
1277.54001738234
1278.31448700425
1265.55128611202
1262.51801074277
1247.27594571542
1265.44006385995
1248.04304135677
1265.28233359996
1262.96149601720
1264.70832202427
1248.32939951338
1248.82961044333
1245.75888472954
1249.32676536479
1248.12378194418
1261.91276175277
1261.71970976387
1247.99120775524
1245.54829673312
1246.27328808000
1278.05186165894
1277.30518409183
1245.56702899940
1264.21230928546
1261.32777922959
1248.48696436613
1246.62011771740
1280.15601028410
1260.71385693725
1248.97891345321
1246.74501908559
1263.14374684307
1246.38092795440
1246.13453041677
1246.11801018786
1264.20430486658
1246.92693391735
1245.45610489460
1261.25229618113
1261.29833186756
1260.77851576251
1248.26243051337
1247.01839677173
1246.59139977684
1262.14819746795
1263.74840844289
1247.36713420385
1247.90633717963
1246.96438094500
1262.17918358616
1247.06719537729
1246.64266075194
1245.08058235203
1277.26390834319
1261.10916653874
1246.50446288783
1246.80072628315
1293.99698253575
1262.59336447974
1275.31468149240
1260.74755105507
1276.74976323965
1267.18387625548
1290.94475651991
1248.41452799380
1263.66087787537
1247.07138942707
1247.04942019549
1245.86138047602
1244.86170903719
1245.95728388586
1259.67112323214
1276.42186791731
1247.87648348839
1259.97236593037
1261.34583580196
1261.11997183960
1263.03096276987
1245.07416723674
1247.11995642238
1245.50614318602
1262.56810316231
1247.64952170711
1276.73608211283
1262.47646699494
1247.13226668764
1264.84022593074
1247.80487473957
1261.40668018161
1246.03057486260
1263.14243935724
1263.36886230302
1262.47270359971
1267.23140198806
1322.71691148052
1277.96356804637
1245.85026408454
1275.94295837419
1246.31858788964
1248.37249803794
1262.33792376428
1246.23524486097
1247.54558893489
1246.14496448074
1261.98236168237
1246.84465220518
1261.02632701957
1244.81979428194
1246.66132164052
1260.11796807757
1277.85082366809
1248.32761275165
1261.84797829018
1247.91392508829
1246.29528902878
1246.18888923801
1249.02852778753
1247.97725637271
1261.33281198149
1278.63837841170
1277.35001443052
1277.06964981468
1266.05972265574
1247.08274554785
1247.38320214671
1246.57767880305
1246.49002372563
1277.44447069627
1244.89366131930
1292.48358568575
1247.14810472428
1260.79378098598
1249.55250968818
1260.80359852925
1261.03654233219
1245.83873511172
1245.46026615615
1260.40857800750
1247.67924700616
1262.55177073939
1261.59304016565
1248.20876690398
1245.89458719404
1244.71766921197
1245.82563240299
1259.52192952798
1262.48056588003
1249.52947929419
1246.55204423689
1261.42854452379
1245.48090531590
1261.19014320990
1246.53764848061
1262.02571019325
1244.98454685429
1247.77843096937
1246.29413534238
1276.83712386126
1261.80593432924
1261.68836267922
1246.37421972827
1261.98916455219
1249.08981879756
1309.19377627204
1260.02395805527
1247.24070310762
1259.91128553482
1290.50249279977
1246.27766875396
1276.04282479905
1248.69638922999
1247.30952964194
1276.34393948481
1263.91251093635
1260.79487376614
1262.24860125328
1277.75929932082
1245.07888415747
1245.82373463912
1246.05014302532
1244.91497405547
1262.61096033930
1278.59233200553
1248.43167356462
1247.52182115587
1277.00910473753
1290.45105532318
1260.48112298837
1292.86521742973
1245.76109271277
1259.64417192684
1260.05222524889
1247.40749064054
1262.67016336410
1276.81771918660
1246.53264843712
1245.41928386707
1259.28607204132
1276.02741379508
1248.72005597851
1248.47643112565
1245.39188065118
1277.14057052666
1246.00524557688
1262.70831117380
1245.76328778903
1246.26808422525
1248.62325088884
1277.22661919814
1261.45853032336
1294.18668575933
1263.73585134467
1247.92972575515
1249.44108728260
1262.70129579650
1248.04173687841
1261.17969414143
1245.31599442960
1261.70726742828
1277.98475441095
1276.51849315815
1276.65759899107
1262.02204801475
1246.52760633967
1262.24475898238
1260.98486434131
1261.29142982529
1248.54209609161
1246.86137542110
1277.42558123995
1262.43015641179
1246.29855236053
1247.11656414300
1263.58055262499
1247.85065946878
1292.21305006530
1261.49002965286
1246.03918685136
1275.02544268585
1290.96478582580
1245.81603951550
1260.69765197990
1245.70576148168
1245.34770446763
1245.85591524935
1245.99965444880
1245.26082862846
1246.31204870196
1262.65412197820
1245.19407735569
1249.11473694425
1277.50873373529
1260.04092802289
1276.70721388739
1261.65971498791
1246.21512562403
1276.43465866206
1245.05617442295
1244.69180415912
1246.28121274465
1275.71623902921
1261.21101881540
1261.64822212266
1260.75136795839
1260.96693276946
1262.74779618727
1245.12117239767
1245.22214776956
1275.50850831865
1244.67604503155
1246.68965554309
1260.97767924044
1245.86668071225
1244.91828766498
1246.30486012005
1262.23883947370
1248.79151491235
1247.44083524667
1245.85594535768
1277.39000905764
1259.67112323214
1265.07872480562
1294.27489474830
1248.11324783151
1248.26696780318
1263.18843880075
1245.86099172179
1245.69808130546
1277.83916647509
1244.67112323214
1261.23563830929
1248.35930300616
1264.00156647626
1261.43043485835
1248.37435984916
1263.02684672710
1261.44472590433
1245.17367453960
1261.47405116370
1261.65262439908
1246.12454526350
1247.78482541694
1246.93508485794
1261.48987083994
1262.47842551992
1247.81151483217
1248.88230795320
1247.78662071398
1245.33204401999
1259.30878177584
1259.90662250114
1247.14540222568
1261.17451125749
1308.40198835039
1277.58028660438
1246.35558838017
1266.34688905265
1264.55619610110
1261.74556100490
1261.13925744948
1261.73694989070
1262.26271673948
1276.62497992545
1245.89724621351
1262.90537368335
1247.20402403667