最优解为:312.8394
最优解路径:

Best_route =

     2     1     0
     0     0     0

本次运算用时:0.548秒
算法在第1代时收敛

best
312.839443298034
312.839443298034
312.839443298034
312.839443298034
312.839443298034
312.839443298034
312.839443298034
312.839443298034
312.839443298034
312.839443298034
312.839443298034
312.839443298034
312.839443298034
312.839443298034
312.839443298034
312.839443298034
312.839443298034
312.839443298034
312.839443298034
312.839443298034
312.839443298034
312.839443298034
312.839443298034
312.839443298034
312.839443298034
312.839443298034
312.839443298034
312.839443298034
312.839443298034
312.839443298034
312.839443298034
312.839443298034
312.839443298034
312.839443298034
312.839443298034
312.839443298034
312.839443298034
312.839443298034
312.839443298034
312.839443298034
312.839443298034
312.839443298034
312.839443298034
312.839443298034
312.839443298034
312.839443298034
312.839443298034
312.839443298034
312.839443298034
312.839443298034
312.839443298034
312.839443298034
312.839443298034
312.839443298034
312.839443298034
312.839443298034
312.839443298034
312.839443298034
312.839443298034
312.839443298034
312.839443298034
312.839443298034
312.839443298034
312.839443298034
312.839443298034
312.839443298034
312.839443298034
312.839443298034
312.839443298034
312.839443298034
312.839443298034
312.839443298034
312.839443298034
312.839443298034
312.839443298034
312.839443298034
312.839443298034
312.839443298034
312.839443298034
312.839443298034
312.839443298034
312.839443298034
312.839443298034
312.839443298034
312.839443298034
312.839443298034
312.839443298034
312.839443298034
312.839443298034
312.839443298034
312.839443298034
312.839443298034
312.839443298034
312.839443298034
312.839443298034
312.839443298034
312.839443298034
312.839443298034
312.839443298034
312.839443298034

ave
313.255004923834
328.574977595035
313.255004923834
328.367196782135
313.670566549635
313.255004923834
313.670566549635
313.255004923834
314.086128175435
328.367196782135
313.255004923834
313.047224110934
313.047224110934
313.047224110934
312.839443298034
312.839443298034
312.839443298034
328.159415969235
313.047224110934
312.839443298034
328.367196782135
312.839443298034
313.255004923834
312.839443298034
313.047224110934
312.839443298034
312.839443298034
312.839443298034
312.839443298034
312.839443298034
312.839443298034
312.839443298034
312.839443298034
312.839443298034
312.839443298034
312.839443298034
312.839443298034
312.839443298034
312.839443298034
313.047224110934
312.839443298034
312.839443298034
312.839443298034
312.839443298034
312.839443298034
312.839443298034
312.839443298034
312.839443298034
312.839443298034
312.839443298034
312.839443298034
312.839443298034
312.839443298034
312.839443298034
312.839443298034
312.839443298034
312.839443298034
312.839443298034
312.839443298034
312.839443298034
312.839443298034
312.839443298034
312.839443298034
312.839443298034
312.839443298034
312.839443298034
312.839443298034
312.839443298034
312.839443298034
312.839443298034
312.839443298034
312.839443298034
312.839443298034
312.839443298034
312.839443298034
312.839443298034
312.839443298034
312.839443298034
312.839443298034
312.839443298034
312.839443298034
312.839443298034
312.839443298034
312.839443298034
312.839443298034
312.839443298034
312.839443298034
312.839443298034
312.839443298034
312.839443298034
312.839443298034
312.839443298034
312.839443298034
312.839443298034
312.839443298034
312.839443298034
312.839443298034
312.839443298034
312.839443298034
312.839443298034