最优解为:306.3614
最优解路径:

Best_route =

     1     2     0
     0     0     0

本次运算用时:0.578秒
算法在第1代时收敛

best
306.361448361026
306.361448361026
306.361448361026
306.361448361026
306.361448361026
306.361448361026
306.361448361026
306.361448361026
306.361448361026
306.361448361026
306.361448361026
306.361448361026
306.361448361026
306.361448361026
306.361448361026
306.361448361026
306.361448361026
306.361448361026
306.361448361026
306.361448361026
306.361448361026
306.361448361026
306.361448361026
306.361448361026
306.361448361026
306.361448361026
306.361448361026
306.361448361026
306.361448361026
306.361448361026
306.361448361026
306.361448361026
306.361448361026
306.361448361026
306.361448361026
306.361448361026
306.361448361026
306.361448361026
306.361448361026
306.361448361026
306.361448361026
306.361448361026
306.361448361026
306.361448361026
306.361448361026
306.361448361026
306.361448361026
306.361448361026
306.361448361026
306.361448361026
306.361448361026
306.361448361026
306.361448361026
306.361448361026
306.361448361026
306.361448361026
306.361448361026
306.361448361026
306.361448361026
306.361448361026
306.361448361026
306.361448361026
306.361448361026
306.361448361026
306.361448361026
306.361448361026
306.361448361026
306.361448361026
306.361448361026
306.361448361026
306.361448361026
306.361448361026
306.361448361026
306.361448361026
306.361448361026
306.361448361026
306.361448361026
306.361448361026
306.361448361026
306.361448361026
306.361448361026
306.361448361026
306.361448361026
306.361448361026
306.361448361026
306.361448361026
306.361448361026
306.361448361026
306.361448361026
306.361448361026
306.361448361026
306.361448361026
306.361448361026
306.361448361026
306.361448361026
306.361448361026
306.361448361026
306.361448361026
306.361448361026
306.361448361026

ave
307.172778628216
321.564280927823
306.564280927823
321.564280927823
306.665697211222
321.412156502725
321.462864644425
306.513572786124
321.412156502725
306.513572786124
306.564280927823
306.361448361026
306.564280927823
306.412156502725
306.361448361026
306.412156502725
321.361448361026
306.361448361026
306.412156502725
306.412156502725
306.361448361026
306.412156502725
306.361448361026
306.361448361026
306.361448361026
306.361448361026
306.361448361026
306.361448361026
306.361448361026
306.361448361026
306.361448361026
306.361448361026
306.412156502725
306.361448361026
306.361448361026
306.361448361026
306.361448361026
306.361448361026
306.361448361026
306.361448361026
306.361448361026
306.361448361026
321.361448361026
306.361448361026
306.361448361026
306.361448361026
306.361448361026
306.361448361026
306.361448361026
306.361448361026
306.361448361026
306.361448361026
306.361448361026
306.361448361026
306.361448361026
306.361448361026
306.361448361026
306.361448361026
306.361448361026
306.361448361026
306.361448361026
306.361448361026
306.361448361026
306.361448361026
306.361448361026
306.361448361026
306.361448361026
321.361448361026
306.361448361026
306.361448361026
306.361448361026
306.361448361026
306.361448361026
306.361448361026
306.361448361026
306.361448361026
306.361448361026
306.361448361026
306.361448361026
306.361448361026
306.361448361026
306.361448361026
306.361448361026
306.361448361026
306.361448361026
306.361448361026
306.361448361026
306.361448361026
306.361448361026
306.361448361026
306.361448361026
306.361448361026
306.361448361026
306.361448361026
306.361448361026
306.361448361026
306.361448361026
306.361448361026
306.361448361026
306.361448361026