最优解为:10164.6248
最优解路径:

Best_route =

  1 至 24 列

     0     0     0     0     0     0     0     0     0     0     0     0     0     0     0     0     0     0     0     0     0     0     0     0
     0     0     0     0     0     0     0     0     0     0     0     0     0     0     0     0     0     0     0     0     0     0     0     0
   117   118    22   110     2    78     0     0     0     0     0     0     0     0     0     0     0     0     0     0     0     0     0     0
    73    74   127    79    80     0     0     0     0     0     0     0     0     0     0     0     0     0     0     0     0     0     0     0
   159   160    23   109    85    86    25    26    53    54    45    46     0     0     0     0     0     0     0     0     0     0     0     0
    71    72    91    41    42   157   158    56     0     0     0     0     0     0     0     0     0     0     0     0     0     0     0     0
   131   132    95    96    65    66    49    50     0     0     0     0     0     0     0     0     0     0     0     0     0     0     0     0
     4   149   150    62    44     0     0     0     0     0     0     0     0     0     0     0     0     0     0     0     0     0     0     0
     0     0     0     0     0     0     0     0     0     0     0     0     0     0     0     0     0     0     0     0     0     0     0     0
     3    51    52     1    17   101   102   133   134   148     0     0     0     0     0     0     0     0     0     0     0     0     0     0
    63    64   143   144   128    60     0     0     0     0     0     0     0     0     0     0     0     0     0     0     0     0     0     0
    31    32    24    68     0     0     0     0     0     0     0     0     0     0     0     0     0     0     0     0     0     0     0     0
    67    37    38    27    28    57    58    75    76     0     0     0     0     0     0     0     0     0     0     0     0     0     0     0
    47    48   135   103    43   142     9    10     0     0     0     0     0     0     0     0     0     0     0     0     0     0     0     0
     0     0     0     0     0     0     0     0     0     0     0     0     0     0     0     0     0     0     0     0     0     0     0     0
    35    36    11    12    99   100   156   104     0     0     0     0     0     0     0     0     0     0     0     0     0     0     0     0
     0     0     0     0     0     0     0     0     0     0     0     0     0     0     0     0     0     0     0     0     0     0     0     0
    93    94   151   152    29    30    15    16    83    84     0     0     0     0     0     0     0     0     0     0     0     0     0     0
   115   116   147    81    82    77     7     8   113   114     0     0     0     0     0     0     0     0     0     0     0     0     0     0
   125   145   146   119   120   139   140   121   122     0     0     0     0     0     0     0     0     0     0     0     0     0     0     0
    20    92    88     0     0     0     0     0     0     0     0     0     0     0     0     0     0     0     0     0     0     0     0     0
     0     0     0     0     0     0     0     0     0     0     0     0     0     0     0     0     0     0     0     0     0     0     0     0
    97    98   107   108   105   106   136   111   112    87   130     0     0     0     0     0     0     0     0     0     0     0     0     0
    39    40    61    69    70   153    33    34    89    90     0     0     0     0     0     0     0     0     0     0     0     0     0     0
   137   138    19    13    14    18   126   154     0     0     0     0     0     0     0     0     0     0     0     0     0     0     0     0
     5     6   155    21    55    59   141   123   124   129     0     0     0     0     0     0     0     0     0     0     0     0     0     0

  25 至 48 列

     0     0     0     0     0     0     0     0     0     0     0     0     0     0     0     0     0     0     0     0     0     0     0     0
     0     0     0     0     0     0     0     0     0     0     0     0     0     0     0     0     0     0     0     0     0     0     0     0
     0     0     0     0     0     0     0     0     0     0     0     0     0     0     0     0     0     0     0     0     0     0     0     0
     0     0     0     0     0     0     0     0     0     0     0     0     0     0     0     0     0     0     0     0     0     0     0     0
     0     0     0     0     0     0     0     0     0     0     0     0     0     0     0     0     0     0     0     0     0     0     0     0
     0     0     0     0     0     0     0     0     0     0     0     0     0     0     0     0     0     0     0     0     0     0     0     0
     0     0     0     0     0     0     0     0     0     0     0     0     0     0     0     0     0     0     0     0     0     0     0     0
     0     0     0     0     0     0     0     0     0     0     0     0     0     0     0     0     0     0     0     0     0     0     0     0
     0     0     0     0     0     0     0     0     0     0     0     0     0     0     0     0     0     0     0     0     0     0     0     0
     0     0     0     0     0     0     0     0     0     0     0     0     0     0     0     0     0     0     0     0     0     0     0     0
     0     0     0     0     0     0     0     0     0     0     0     0     0     0     0     0     0     0     0     0     0     0     0     0
     0     0     0     0     0     0     0     0     0     0     0     0     0     0     0     0     0     0     0     0     0     0     0     0
     0     0     0     0     0     0     0     0     0     0     0     0     0     0     0     0     0     0     0     0     0     0     0     0
     0     0     0     0     0     0     0     0     0     0     0     0     0     0     0     0     0     0     0     0     0     0     0     0
     0     0     0     0     0     0     0     0     0     0     0     0     0     0     0     0     0     0     0     0     0     0     0     0
     0     0     0     0     0     0     0     0     0     0     0     0     0     0     0     0     0     0     0     0     0     0     0     0
     0     0     0     0     0     0     0     0     0     0     0     0     0     0     0     0     0     0     0     0     0     0     0     0
     0     0     0     0     0     0     0     0     0     0     0     0     0     0     0     0     0     0     0     0     0     0     0     0
     0     0     0     0     0     0     0     0     0     0     0     0     0     0     0     0     0     0     0     0     0     0     0     0
     0     0     0     0     0     0     0     0     0     0     0     0     0     0     0     0     0     0     0     0     0     0     0     0
     0     0     0     0     0     0     0     0     0     0     0     0     0     0     0     0     0     0     0     0     0     0     0     0
     0     0     0     0     0     0     0     0     0     0     0     0     0     0     0     0     0     0     0     0     0     0     0     0
     0     0     0     0     0     0     0     0     0     0     0     0     0     0     0     0     0     0     0     0     0     0     0     0
     0     0     0     0     0     0     0     0     0     0     0     0     0     0     0     0     0     0     0     0     0     0     0     0
     0     0     0     0     0     0     0     0     0     0     0     0     0     0     0     0     0     0     0     0     0     0     0     0
     0     0     0     0     0     0     0     0     0     0     0     0     0     0     0     0     0     0     0     0     0     0     0     0

  49 至 72 列

     0     0     0     0     0     0     0     0     0     0     0     0     0     0     0     0     0     0     0     0     0     0     0     0
     0     0     0     0     0     0     0     0     0     0     0     0     0     0     0     0     0     0     0     0     0     0     0     0
     0     0     0     0     0     0     0     0     0     0     0     0     0     0     0     0     0     0     0     0     0     0     0     0
     0     0     0     0     0     0     0     0     0     0     0     0     0     0     0     0     0     0     0     0     0     0     0     0
     0     0     0     0     0     0     0     0     0     0     0     0     0     0     0     0     0     0     0     0     0     0     0     0
     0     0     0     0     0     0     0     0     0     0     0     0     0     0     0     0     0     0     0     0     0     0     0     0
     0     0     0     0     0     0     0     0     0     0     0     0     0     0     0     0     0     0     0     0     0     0     0     0
     0     0     0     0     0     0     0     0     0     0     0     0     0     0     0     0     0     0     0     0     0     0     0     0
     0     0     0     0     0     0     0     0     0     0     0     0     0     0     0     0     0     0     0     0     0     0     0     0
     0     0     0     0     0     0     0     0     0     0     0     0     0     0     0     0     0     0     0     0     0     0     0     0
     0     0     0     0     0     0     0     0     0     0     0     0     0     0     0     0     0     0     0     0     0     0     0     0
     0     0     0     0     0     0     0     0     0     0     0     0     0     0     0     0     0     0     0     0     0     0     0     0
     0     0     0     0     0     0     0     0     0     0     0     0     0     0     0     0     0     0     0     0     0     0     0     0
     0     0     0     0     0     0     0     0     0     0     0     0     0     0     0     0     0     0     0     0     0     0     0     0
     0     0     0     0     0     0     0     0     0     0     0     0     0     0     0     0     0     0     0     0     0     0     0     0
     0     0     0     0     0     0     0     0     0     0     0     0     0     0     0     0     0     0     0     0     0     0     0     0
     0     0     0     0     0     0     0     0     0     0     0     0     0     0     0     0     0     0     0     0     0     0     0     0
     0     0     0     0     0     0     0     0     0     0     0     0     0     0     0     0     0     0     0     0     0     0     0     0
     0     0     0     0     0     0     0     0     0     0     0     0     0     0     0     0     0     0     0     0     0     0     0     0
     0     0     0     0     0     0     0     0     0     0     0     0     0     0     0     0     0     0     0     0     0     0     0     0
     0     0     0     0     0     0     0     0     0     0     0     0     0     0     0     0     0     0     0     0     0     0     0     0
     0     0     0     0     0     0     0     0     0     0     0     0     0     0     0     0     0     0     0     0     0     0     0     0
     0     0     0     0     0     0     0     0     0     0     0     0     0     0     0     0     0     0     0     0     0     0     0     0
     0     0     0     0     0     0     0     0     0     0     0     0     0     0     0     0     0     0     0     0     0     0     0     0
     0     0     0     0     0     0     0     0     0     0     0     0     0     0     0     0     0     0     0     0     0     0     0     0
     0     0     0     0     0     0     0     0     0     0     0     0     0     0     0     0     0     0     0     0     0     0     0     0

  73 至 96 列

     0     0     0     0     0     0     0     0     0     0     0     0     0     0     0     0     0     0     0     0     0     0     0     0
     0     0     0     0     0     0     0     0     0     0     0     0     0     0     0     0     0     0     0     0     0     0     0     0
     0     0     0     0     0     0     0     0     0     0     0     0     0     0     0     0     0     0     0     0     0     0     0     0
     0     0     0     0     0     0     0     0     0     0     0     0     0     0     0     0     0     0     0     0     0     0     0     0
     0     0     0     0     0     0     0     0     0     0     0     0     0     0     0     0     0     0     0     0     0     0     0     0
     0     0     0     0     0     0     0     0     0     0     0     0     0     0     0     0     0     0     0     0     0     0     0     0
     0     0     0     0     0     0     0     0     0     0     0     0     0     0     0     0     0     0     0     0     0     0     0     0
     0     0     0     0     0     0     0     0     0     0     0     0     0     0     0     0     0     0     0     0     0     0     0     0
     0     0     0     0     0     0     0     0     0     0     0     0     0     0     0     0     0     0     0     0     0     0     0     0
     0     0     0     0     0     0     0     0     0     0     0     0     0     0     0     0     0     0     0     0     0     0     0     0
     0     0     0     0     0     0     0     0     0     0     0     0     0     0     0     0     0     0     0     0     0     0     0     0
     0     0     0     0     0     0     0     0     0     0     0     0     0     0     0     0     0     0     0     0     0     0     0     0
     0     0     0     0     0     0     0     0     0     0     0     0     0     0     0     0     0     0     0     0     0     0     0     0
     0     0     0     0     0     0     0     0     0     0     0     0     0     0     0     0     0     0     0     0     0     0     0     0
     0     0     0     0     0     0     0     0     0     0     0     0     0     0     0     0     0     0     0     0     0     0     0     0
     0     0     0     0     0     0     0     0     0     0     0     0     0     0     0     0     0     0     0     0     0     0     0     0
     0     0     0     0     0     0     0     0     0     0     0     0     0     0     0     0     0     0     0     0     0     0     0     0
     0     0     0     0     0     0     0     0     0     0     0     0     0     0     0     0     0     0     0     0     0     0     0     0
     0     0     0     0     0     0     0     0     0     0     0     0     0     0     0     0     0     0     0     0     0     0     0     0
     0     0     0     0     0     0     0     0     0     0     0     0     0     0     0     0     0     0     0     0     0     0     0     0
     0     0     0     0     0     0     0     0     0     0     0     0     0     0     0     0     0     0     0     0     0     0     0     0
     0     0     0     0     0     0     0     0     0     0     0     0     0     0     0     0     0     0     0     0     0     0     0     0
     0     0     0     0     0     0     0     0     0     0     0     0     0     0     0     0     0     0     0     0     0     0     0     0
     0     0     0     0     0     0     0     0     0     0     0     0     0     0     0     0     0     0     0     0     0     0     0     0
     0     0     0     0     0     0     0     0     0     0     0     0     0     0     0     0     0     0     0     0     0     0     0     0
     0     0     0     0     0     0     0     0     0     0     0     0     0     0     0     0     0     0     0     0     0     0     0     0

  97 至 120 列

     0     0     0     0     0     0     0     0     0     0     0     0     0     0     0     0     0     0     0     0     0     0     0     0
     0     0     0     0     0     0     0     0     0     0     0     0     0     0     0     0     0     0     0     0     0     0     0     0
     0     0     0     0     0     0     0     0     0     0     0     0     0     0     0     0     0     0     0     0     0     0     0     0
     0     0     0     0     0     0     0     0     0     0     0     0     0     0     0     0     0     0     0     0     0     0     0     0
     0     0     0     0     0     0     0     0     0     0     0     0     0     0     0     0     0     0     0     0     0     0     0     0
     0     0     0     0     0     0     0     0     0     0     0     0     0     0     0     0     0     0     0     0     0     0     0     0
     0     0     0     0     0     0     0     0     0     0     0     0     0     0     0     0     0     0     0     0     0     0     0     0
     0     0     0     0     0     0     0     0     0     0     0     0     0     0     0     0     0     0     0     0     0     0     0     0
     0     0     0     0     0     0     0     0     0     0     0     0     0     0     0     0     0     0     0     0     0     0     0     0
     0     0     0     0     0     0     0     0     0     0     0     0     0     0     0     0     0     0     0     0     0     0     0     0
     0     0     0     0     0     0     0     0     0     0     0     0     0     0     0     0     0     0     0     0     0     0     0     0
     0     0     0     0     0     0     0     0     0     0     0     0     0     0     0     0     0     0     0     0     0     0     0     0
     0     0     0     0     0     0     0     0     0     0     0     0     0     0     0     0     0     0     0     0     0     0     0     0
     0     0     0     0     0     0     0     0     0     0     0     0     0     0     0     0     0     0     0     0     0     0     0     0
     0     0     0     0     0     0     0     0     0     0     0     0     0     0     0     0     0     0     0     0     0     0     0     0
     0     0     0     0     0     0     0     0     0     0     0     0     0     0     0     0     0     0     0     0     0     0     0     0
     0     0     0     0     0     0     0     0     0     0     0     0     0     0     0     0     0     0     0     0     0     0     0     0
     0     0     0     0     0     0     0     0     0     0     0     0     0     0     0     0     0     0     0     0     0     0     0     0
     0     0     0     0     0     0     0     0     0     0     0     0     0     0     0     0     0     0     0     0     0     0     0     0
     0     0     0     0     0     0     0     0     0     0     0     0     0     0     0     0     0     0     0     0     0     0     0     0
     0     0     0     0     0     0     0     0     0     0     0     0     0     0     0     0     0     0     0     0     0     0     0     0
     0     0     0     0     0     0     0     0     0     0     0     0     0     0     0     0     0     0     0     0     0     0     0     0
     0     0     0     0     0     0     0     0     0     0     0     0     0     0     0     0     0     0     0     0     0     0     0     0
     0     0     0     0     0     0     0     0     0     0     0     0     0     0     0     0     0     0     0     0     0     0     0     0
     0     0     0     0     0     0     0     0     0     0     0     0     0     0     0     0     0     0     0     0     0     0     0     0
     0     0     0     0     0     0     0     0     0     0     0     0     0     0     0     0     0     0     0     0     0     0     0     0

  121 至 144 列

     0     0     0     0     0     0     0     0     0     0     0     0     0     0     0     0     0     0     0     0     0     0     0     0
     0     0     0     0     0     0     0     0     0     0     0     0     0     0     0     0     0     0     0     0     0     0     0     0
     0     0     0     0     0     0     0     0     0     0     0     0     0     0     0     0     0     0     0     0     0     0     0     0
     0     0     0     0     0     0     0     0     0     0     0     0     0     0     0     0     0     0     0     0     0     0     0     0
     0     0     0     0     0     0     0     0     0     0     0     0     0     0     0     0     0     0     0     0     0     0     0     0
     0     0     0     0     0     0     0     0     0     0     0     0     0     0     0     0     0     0     0     0     0     0     0     0
     0     0     0     0     0     0     0     0     0     0     0     0     0     0     0     0     0     0     0     0     0     0     0     0
     0     0     0     0     0     0     0     0     0     0     0     0     0     0     0     0     0     0     0     0     0     0     0     0
     0     0     0     0     0     0     0     0     0     0     0     0     0     0     0     0     0     0     0     0     0     0     0     0
     0     0     0     0     0     0     0     0     0     0     0     0     0     0     0     0     0     0     0     0     0     0     0     0
     0     0     0     0     0     0     0     0     0     0     0     0     0     0     0     0     0     0     0     0     0     0     0     0
     0     0     0     0     0     0     0     0     0     0     0     0     0     0     0     0     0     0     0     0     0     0     0     0
     0     0     0     0     0     0     0     0     0     0     0     0     0     0     0     0     0     0     0     0     0     0     0     0
     0     0     0     0     0     0     0     0     0     0     0     0     0     0     0     0     0     0     0     0     0     0     0     0
     0     0     0     0     0     0     0     0     0     0     0     0     0     0     0     0     0     0     0     0     0     0     0     0
     0     0     0     0     0     0     0     0     0     0     0     0     0     0     0     0     0     0     0     0     0     0     0     0
     0     0     0     0     0     0     0     0     0     0     0     0     0     0     0     0     0     0     0     0     0     0     0     0
     0     0     0     0     0     0     0     0     0     0     0     0     0     0     0     0     0     0     0     0     0     0     0     0
     0     0     0     0     0     0     0     0     0     0     0     0     0     0     0     0     0     0     0     0     0     0     0     0
     0     0     0     0     0     0     0     0     0     0     0     0     0     0     0     0     0     0     0     0     0     0     0     0
     0     0     0     0     0     0     0     0     0     0     0     0     0     0     0     0     0     0     0     0     0     0     0     0
     0     0     0     0     0     0     0     0     0     0     0     0     0     0     0     0     0     0     0     0     0     0     0     0
     0     0     0     0     0     0     0     0     0     0     0     0     0     0     0     0     0     0     0     0     0     0     0     0
     0     0     0     0     0     0     0     0     0     0     0     0     0     0     0     0     0     0     0     0     0     0     0     0
     0     0     0     0     0     0     0     0     0     0     0     0     0     0     0     0     0     0     0     0     0     0     0     0
     0     0     0     0     0     0     0     0     0     0     0     0     0     0     0     0     0     0     0     0     0     0     0     0

  145 至 161 列

     0     0     0     0     0     0     0     0     0     0     0     0     0     0     0     0     0
     0     0     0     0     0     0     0     0     0     0     0     0     0     0     0     0     0
     0     0     0     0     0     0     0     0     0     0     0     0     0     0     0     0     0
     0     0     0     0     0     0     0     0     0     0     0     0     0     0     0     0     0
     0     0     0     0     0     0     0     0     0     0     0     0     0     0     0     0     0
     0     0     0     0     0     0     0     0     0     0     0     0     0     0     0     0     0
     0     0     0     0     0     0     0     0     0     0     0     0     0     0     0     0     0
     0     0     0     0     0     0     0     0     0     0     0     0     0     0     0     0     0
     0     0     0     0     0     0     0     0     0     0     0     0     0     0     0     0     0
     0     0     0     0     0     0     0     0     0     0     0     0     0     0     0     0     0
     0     0     0     0     0     0     0     0     0     0     0     0     0     0     0     0     0
     0     0     0     0     0     0     0     0     0     0     0     0     0     0     0     0     0
     0     0     0     0     0     0     0     0     0     0     0     0     0     0     0     0     0
     0     0     0     0     0     0     0     0     0     0     0     0     0     0     0     0     0
     0     0     0     0     0     0     0     0     0     0     0     0     0     0     0     0     0
     0     0     0     0     0     0     0     0     0     0     0     0     0     0     0     0     0
     0     0     0     0     0     0     0     0     0     0     0     0     0     0     0     0     0
     0     0     0     0     0     0     0     0     0     0     0     0     0     0     0     0     0
     0     0     0     0     0     0     0     0     0     0     0     0     0     0     0     0     0
     0     0     0     0     0     0     0     0     0     0     0     0     0     0     0     0     0
     0     0     0     0     0     0     0     0     0     0     0     0     0     0     0     0     0
     0     0     0     0     0     0     0     0     0     0     0     0     0     0     0     0     0
     0     0     0     0     0     0     0     0     0     0     0     0     0     0     0     0     0
     0     0     0     0     0     0     0     0     0     0     0     0     0     0     0     0     0
     0     0     0     0     0     0     0     0     0     0     0     0     0     0     0     0     0
     0     0     0     0     0     0     0     0     0     0     0     0     0     0     0     0     0

本次运算用时:9008.222秒
算法在第469代时收敛

best
12427.9152546523
12427.9152546523
12427.9152546523
12427.9152546523
12427.9152546523
12427.9152546523
12427.9152546523
12427.9152546523
12427.9152546523
12427.9152546523
12427.9152546523
12427.9152546523
12427.9152546523
12427.9152546523
12427.9152546523
12427.9152546523
12427.9152546523
12427.9152546523
12427.9152546523
12427.9152546523
12427.9152546523
12046.6024255327
11830.3925227712
11830.3925227712
11830.3925227712
11830.3925227712
11830.3925227712
11830.3925227712
11830.3925227712
11830.3925227712
11830.3925227712
11830.3925227712
11830.3925227712
11830.3925227712
11830.3925227712
11830.3925227712
11830.3925227712
11830.3925227712
11830.3925227712
11830.3925227712
11830.3925227712
11830.3925227712
11830.3925227712
11830.3925227712
11830.3925227712
11830.3925227712
11830.3925227712
11447.1491253255
11447.1491253255
11447.1491253255
11447.1491253255
11447.1491253255
11447.1491253255
11447.1491253255
11447.1491253255
11447.1491253255
11447.1491253255
11447.1491253255
11447.1491253255
11447.1491253255
11447.1491253255
11447.1491253255
11447.1491253255
11447.1491253255
11447.1491253255
11447.1491253255
11447.1491253255
11379.4918762215
11379.4918762215
11379.4918762215
11379.4918762215
11379.4918762215
11379.4918762215
11379.4918762215
11379.4918762215
11379.4918762215
11379.4918762215
11379.4918762215
11297.5972840093
11297.5972840093
11297.5972840093
11297.5972840093
11297.5972840093
11297.5972840093
11297.5972840093
11297.5972840093
11297.5972840093
11297.5972840093
11297.5972840093
11297.5972840093
11297.5972840093
11297.5972840093
11297.5972840093
11297.5972840093
11297.5972840093
11297.5972840093
11297.5972840093
11297.5972840093
10916.7238261958
10916.7238261958
10916.7238261958
10916.7238261958
10916.7238261958
10916.7238261958
10916.7238261958
10916.7238261958
10916.7238261958
10916.7238261958
10916.7238261958
10916.7238261958
10916.7238261958
10916.7238261958
10916.7238261958
10916.7238261958
10916.7238261958
10916.7238261958
10916.7238261958
10916.7238261958
10916.7238261958
10916.7238261958
10916.7238261958
10916.7238261958
10916.7238261958
10916.7238261958
10916.7238261958
10916.7238261958
10916.7238261958
10916.7238261958
10916.7238261958
10916.7238261958
10916.7238261958
10916.7238261958
10916.7238261958
10916.7238261958
10916.7238261958
10916.7238261958
10916.7238261958
10916.7238261958
10916.7238261958
10916.7238261958
10916.7238261958
10916.7238261958
10916.7238261958
10916.7238261958
10916.7238261958
10916.7238261958
10916.7238261958
10916.7238261958
10916.7238261958
10916.7238261958
10916.7238261958
10916.7238261958
10916.7238261958
10916.7238261958
10916.7238261958
10916.7238261958
10916.7238261958
10916.7238261958
10916.7238261958
10916.7238261958
10916.7238261958
10916.7238261958
10916.7238261958
10916.7238261958
10916.7238261958
10916.7238261958
10916.7238261958
10916.7238261958
10812.7606749334
10812.7606749334
10812.7606749334
10812.7606749334
10812.7606749334
10812.7606749334
10812.7606749334
10812.7606749334
10812.7606749334
10812.7606749334
10812.7606749334
10812.7606749334
10812.7606749334
10812.7606749334
10812.7606749334
10812.7606749334
10812.7606749334
10812.7606749334
10812.7606749334
10812.7606749334
10812.7606749334
10812.7606749334
10812.7606749334
10812.7606749334
10812.7606749334
10812.7606749334
10812.7606749334
10812.7606749334
10812.7606749334
10812.7606749334
10812.7606749334
10812.7606749334
10812.7606749334
10812.7606749334
10812.7606749334
10812.7606749334
10812.7606749334
10812.7606749334
10812.7606749334
10812.7606749334
10812.7606749334
10812.7606749334
10812.7606749334
10812.7606749334
10812.7606749334
10812.7606749334
10812.7606749334
10812.7606749334
10812.7606749334
10812.7606749334
10812.7606749334
10812.7606749334
10812.7606749334
10576.9417099479
10576.9417099479
10576.9417099479
10576.9417099479
10576.9417099479
10576.9417099479
10576.9417099479
10576.9417099479
10576.9417099479
10576.9417099479
10576.9417099479
10576.9417099479
10576.9417099479
10576.9417099479
10576.9417099479
10576.9417099479
10576.9417099479
10576.9417099479
10576.9417099479
10576.9417099479
10576.9417099479
10576.9417099479
10576.9417099479
10576.9417099479
10576.9417099479
10576.9417099479
10576.9417099479
10576.9417099479
10576.9417099479
10576.9417099479
10576.9417099479
10576.9417099479
10576.9417099479
10576.9417099479
10576.9417099479
10576.9417099479
10576.9417099479
10576.9417099479
10576.9417099479
10576.9417099479
10576.9417099479
10576.9417099479
10576.9417099479
10576.9417099479
10576.9417099479
10576.9417099479
10576.9417099479
10576.9417099479
10576.9417099479
10576.9417099479
10576.9417099479
10576.9417099479
10576.9417099479
10576.9417099479
10576.9417099479
10576.9417099479
10576.9417099479
10576.9417099479
10576.9417099479
10576.9417099479
10576.9417099479
10576.9417099479
10576.9417099479
10576.9417099479
10576.9417099479
10576.9417099479
10576.9417099479
10576.9417099479
10576.9417099479
10576.9417099479
10576.9417099479
10576.9417099479
10576.9417099479
10576.9417099479
10576.9417099479
10576.9417099479
10576.9417099479
10576.9417099479
10576.9417099479
10576.9417099479
10576.9417099479
10576.9417099479
10576.9417099479
10576.9417099479
10576.9417099479
10576.9417099479
10576.9417099479
10576.9417099479
10576.9417099479
10576.9417099479
10576.9417099479
10576.9417099479
10576.9417099479
10576.9417099479
10576.9417099479
10576.9417099479
10576.9417099479
10576.9417099479
10576.9417099479
10576.9417099479
10576.9417099479
10576.9417099479
10576.9417099479
10576.9417099479
10576.9417099479
10576.9417099479
10576.9417099479
10576.9417099479
10576.9417099479
10576.9417099479
10576.9417099479
10576.9417099479
10576.9417099479
10576.9417099479
10576.9417099479
10576.9417099479
10576.9417099479
10576.9417099479
10576.9417099479
10576.9417099479
10576.9417099479
10576.9417099479
10576.9417099479
10576.9417099479
10576.9417099479
10576.9417099479
10576.9417099479
10576.9417099479
10576.9417099479
10576.9417099479
10576.9417099479
10576.9417099479
10576.9417099479
10576.9417099479
10576.9417099479
10576.9417099479
10576.9417099479
10576.9417099479
10576.9417099479
10576.9417099479
10576.9417099479
10576.9417099479
10576.9417099479
10576.9417099479
10576.9417099479
10576.9417099479
10576.9417099479
10576.9417099479
10576.9417099479
10576.9417099479
10576.9417099479
10576.9417099479
10576.9417099479
10576.9417099479
10576.9417099479
10576.9417099479
10576.9417099479
10555.3040903558
10555.3040903558
10555.3040903558
10555.3040903558
10555.3040903558
10555.3040903558
10555.3040903558
10555.3040903558
10555.3040903558
10555.3040903558
10555.3040903558
10555.3040903558
10555.3040903558
10555.3040903558
10555.3040903558
10555.3040903558
10555.3040903558
10555.3040903558
10555.3040903558
10555.3040903558
10555.3040903558
10555.3040903558
10555.3040903558
10555.3040903558
10555.3040903558
10555.3040903558
10555.3040903558
10555.3040903558
10555.3040903558
10555.3040903558
10555.3040903558
10555.3040903558
10555.3040903558
10555.3040903558
10555.3040903558
10555.3040903558
10555.3040903558
10555.3040903558
10555.3040903558
10555.3040903558
10555.3040903558
10555.3040903558
10555.3040903558
10555.3040903558
10555.3040903558
10555.3040903558
10555.3040903558
10555.3040903558
10555.3040903558
10555.3040903558
10555.3040903558
10555.3040903558
10555.3040903558
10555.3040903558
10555.3040903558
10555.3040903558
10555.3040903558
10555.3040903558
10555.3040903558
10555.3040903558
10555.3040903558
10555.3040903558
10554.4790209798
10554.4790209798
10554.4790209798
10554.4790209798
10554.4790209798
10554.4790209798
10554.4790209798
10554.4790209798
10554.4790209798
10554.4790209798
10554.4790209798
10554.4790209798
10554.4790209798
10554.4790209798
10554.4790209798
10554.4790209798
10554.4790209798
10554.4790209798
10554.4790209798
10554.4790209798
10554.4790209798
10554.4790209798
10554.4790209798
10554.4790209798
10554.4790209798
10554.4790209798
10554.4790209798
10554.4790209798
10164.6247653151
10164.6247653151
10164.6247653151
10164.6247653151
10164.6247653151
10164.6247653151
10164.6247653151
10164.6247653151
10164.6247653151
10164.6247653151
10164.6247653151
10164.6247653151
10164.6247653151
10164.6247653151
10164.6247653151
10164.6247653151
10164.6247653151
10164.6247653151
10164.6247653151
10164.6247653151
10164.6247653151
10164.6247653151
10164.6247653151
10164.6247653151
10164.6247653151
10164.6247653151
10164.6247653151
10164.6247653151
10164.6247653151
10164.6247653151
10164.6247653151
10164.6247653151

ave
16209.2130308821
16919.4188414855
16926.9356675354
16988.0382464782
16874.3470177920
17155.3062260232
17018.7992063402
16835.7677112586
16636.8934798386
17376.7207585949
17280.5392091087
16807.5511519251
16987.4445664809
16787.3534647585
17061.8767632213
17071.3204450202
16808.9062013435
17431.7053612860
17037.7309653917
17558.0336982038
17627.0724076367
16674.6834603548
16527.9715657849
16642.0913313388
16369.0656424788
16997.4753951079
16804.6752827611
16604.3651728803
16978.3674870455
16587.5329784764
16683.9958308440
16887.5589363072
16610.2749154680
17056.1891161045
15831.3690790600
16207.4500114914
16261.6129094040
16061.6537359079
15545.1845442587
15707.7046955522
15976.3425924449
15819.8858612322
16205.5864853220
16114.3118759380
15514.8640910428
15704.6055097134
15362.8667326633
15141.0056506928
15493.8170301029
14989.1995707982
15354.7484870686
15270.6446418708
15132.1621144128
15278.3014785490
15404.1671226531
15027.6046275349
14954.3176358988
15324.1002325186
14871.0832495331
15294.5850002501
14976.2294586968
15245.2251660888
15059.3617648850
14416.9287408751
14481.9499629512
14938.7224964378
14742.5750372051
14658.5260153276
14411.8044056503
14136.3785222003
14118.6901094033
14892.3506517677
15207.6019891452
14212.6479670651
15072.6165914254
14809.2967898695
14842.1142911605
13921.9490197733
14833.3080079604
14174.8780596784
14602.9419488242
14536.0342779849
14318.9291397597
14076.3944245194
13730.2764190782
14547.3176868144
13933.5491637624
14298.8224613851
14589.7349047031
13658.3263356301
14023.0496460822
14177.4092038716
13739.8765018350
14111.6987396123
14585.7257208523
14201.2087084909
14042.2852111984
14585.1377560153
13875.1637355521
14184.3453021441
13901.4895812105
14427.3606590166
13861.2983748834
13960.0638362964
14154.2535866437
13743.2167426227
13931.0886922512
14752.9763089409
14183.1452013915
13898.9947984190
13964.9007741975
13850.5350009926
14159.0865986969
14546.2357667615
14365.8171425521
14225.8163081668
14402.8582276243
14388.9264504603
14072.7812178183
14246.6880794004
14098.4689408695
14354.6533231114
13719.7656592909
14553.6077910042
14367.8293829717
14301.2283390502
13337.3981700706
14279.7477990522
14341.8867102008
14308.4299029076
14212.7492507992
14220.6264337936
14365.0704167935
13958.3956589458
14154.0553829643
14206.4698469364
13777.4904486571
14218.4950404436
14275.3031947689
14280.9766660075
13576.0663879777
14649.2304699269
14600.6078221308
13770.9713198628
14030.7754076742
14264.6457275918
13907.4166595380
14352.5916203203
14008.4850564709
13939.9713962789
14028.3263180484
14138.3911122806
14028.4285184179
13681.2108802051
13784.2194658788
13845.8246054073
14127.2149214847
14088.0548731858
14052.3259741011
13682.3173290954
13780.4515934304
13523.4054345987
14059.2535342145
14096.8446427465
13532.3674586362
13541.6248886274
13970.3427082741
14494.4672516556
14062.7889016516
13470.7969868178
13647.2421426473
13228.2000774206
13895.3637308529
13660.8337691355
13717.9887785372
13680.0020966694
13718.8373165061
13958.1520253890
13987.2163808100
14002.8526883091
12927.5940694780
13510.2105601669
13567.5454635383
13878.8581191626
13987.9159621754
13963.9808643718
13968.3563709491
13795.1947346704
13168.8632259550
13419.6649549318
13788.4323738592
13486.8479883408
13372.7034179686
14002.3505048814
13627.1917533637
13890.0462571642
13687.0557652146
14324.0564539567
13976.9329401999
13445.5231231480
13710.4994192407
13696.9707222372
14821.7160195964
13954.9249875166
13748.2910785934
14108.3626843688
14077.6132136910
13864.3135926037
14100.5236914638
14240.4493579540
14501.2439686884
13662.9488495490
13262.1244960888
13807.7864642096
13831.8695513215
13459.8914766803
13355.6700165970
13605.7013112611
13766.2511267767
14464.3219741683
13977.0404696799
13481.4985972417
14040.0182050981
13404.4087441110
13996.0143186977
14386.3091056550
13879.5646978362
13878.5933060141
14035.8570915963
14392.0903864313
13225.8825291085
13717.2982844890
13705.8339359152
13899.0820612359
13760.5180792565
13743.4491227778
13653.6589751605
13857.0082399864
13930.8579366965
13722.7628457123
13596.4128308142
13920.0654907526
13281.0973677077
13532.1100308459
13484.8282053800
13385.2943279395
13199.4191452200
13603.8825793437
13821.7900515906
13187.9023134930
14332.1747503693
13861.8197731531
13836.5937090435
13748.1708850125
13958.1005529151
14032.2569973769
13930.1591527905
13713.1513462949
14276.0936412773
14406.4400491205
13739.3637477531
14159.2384153746
14062.0174347172
14329.3242618818
13228.3628262806
13634.3827940153
13769.2502693403
13675.0831872187
13469.8666761203
13576.0180730258
13481.4427675848
14005.3557897045
13939.2741852466
14196.9620493585
14323.9929820894
13806.2621424870
13613.1734772298
14123.0592243139
13478.4948388025
14194.4078383936
14068.6503460821
13361.4259647461
14226.0271869544
14029.6737816659
13641.3813747766
13614.8461380838
13452.5542486629
14493.9458812624
13914.8055980295
14182.6637906810
14204.9477920538
13820.5858617562
14076.0668376481
13936.6453012615
14115.8798521156
14464.8403204251
14651.1358248596
14540.5431610761
14197.9929302844
13986.6348156398
14281.4592070219
13909.5725239971
14385.1701555976
14638.8266875556
14430.6272602758
14541.1543741181
14451.6536745815
13824.0473537766
14072.9418892346
14762.8258887064
14767.2390349792
14350.7298904937
14185.0711624011
14270.9218938259
14300.1439710452
14367.7466988590
14160.3026810703
14566.4800483283
15172.0204444664
14123.1897307020
14325.2440375055
14545.9521370738
13961.9600272037
13956.2473105035
13824.7062128776
13512.6665659097
14023.1653384633
14087.5711369547
13969.3681728691
14266.2788223329
14185.3878009190
13895.1901324808
14761.0063260753
14238.4508689387
14259.1533150035
13698.5079874635
14736.2712687193
13970.4268704759
14167.2805401733
13973.1550410150
14436.3163893697
14471.9772295712
14686.2073179903
14333.2568388534
14226.4681600073
13918.3550547421
14496.2659310265
13685.1434057368
13594.8841514839
13953.6935864184
13721.6927245332
14165.6462109260
13302.8215718035
13815.4258637566
13847.1571866018
13704.4566095146
13900.7929520180
13982.8180950760
13342.4080692388
14432.3802456833
14652.8128838335
13836.1579382250
13337.3707826664
13559.0646291125
14271.2652781872
13431.9472465919
13880.3104511338
13426.6458035189
13866.0577167495
14470.1902694418
13654.9787863197
13658.7154872700
13575.1307262618
13431.8642311160
13887.5608450293
13255.9889801376
13450.6449472794
13398.7976127165
13102.9100484479
12813.9585593305
13713.6848160669
13407.0972010251
13352.5321187682
13652.3473033856
13346.4315985256
13666.8557713150
13465.6704881225
14058.2328452287
13862.2910672465
13892.4723408771
13005.8426078799
13886.8276931355
13730.2102003862
13528.1566889682
13980.0115802538
13880.3569800589
13738.3942151441
13429.9431324436
13963.7842542143
14302.6205319904
14338.1883396711
13728.6645735367
13809.4771235157
14251.2691032394
14158.5786837959
13824.1536427595
13696.7172870738
14023.9642681978
13572.2516558687
14133.4570627426
14167.8786646847
14164.5635748636
14016.6379006564
14473.6668849070
13844.5339925126
13650.5476401681
13575.9142991234
13882.5633223623
14019.7731157861
14422.1069665802
13547.6554001358
13688.8866640417
14391.6630671771
13845.6927963467
14059.8794104592
14446.2685934384
14058.6112336476
14077.6073188354
13893.1655756877
14106.6671845624
13744.8465345207
14237.4865904380
13651.5452094408
14446.9075589379
13737.9785049287
13743.7951901880
14010.8451434772
13315.2101939433
13764.9963154394
14021.1912673629
13225.9570293508
13835.3655850333
13452.6693909142
13551.3630123174
13957.6520321997
13326.3990769537
13658.8865032880
13377.9393403308
13722.1724907146
14054.5329839421
13637.3558219450
13752.7787695754
13142.4842004436
14091.9699600156
13443.4763969805
13904.0896755532
13786.5896703589
13447.3242043115
14477.1250362181
13842.5029693309
13844.5258237441
14276.5943581412
13366.6248708223
13900.7229676194
13438.5651991539
13822.4185793560
13726.0200490000
13819.5793871685
13286.4846391358
13540.0396822324
13074.1577380070
13797.0826105826
13754.1449075094
13687.6024707126
13101.0538671673
13174.5473113070
13798.5270702139
13403.7696408612
13023.0642428554
14592.0851004520
12882.2590365357
14153.7334858767
14173.4893938404
13213.0786735801
13634.9175701338
13995.6674606645
14249.7615370406
14414.1501213350
13484.4013388488
13869.7358011204
14083.7961554589
14179.7616410621
14443.8686610657
13311.4663121613
13707.2363458404
13414.7646416323
13392.3002334914
13966.8062571826
13512.3042290855
13697.3119442200