最优解为:12676.9779
最优解路径:

Best_route =

  1 至 24 列

     0     0     0     0     0     0     0     0     0     0     0     0     0     0     0     0     0     0     0     0     0     0     0     0
   108    26     0     0     0     0     0     0     0     0     0     0     0     0     0     0     0     0     0     0     0     0     0     0
     0     0     0     0     0     0     0     0     0     0     0     0     0     0     0     0     0     0     0     0     0     0     0     0
     0     0     0     0     0     0     0     0     0     0     0     0     0     0     0     0     0     0     0     0     0     0     0     0
   197   198   162    23    24   152   148   114     0     0     0     0     0     0     0     0     0     0     0     0     0     0     0     0
    66   175   176    90   164    51    52     7   173     0     0     0     0     0     0     0     0     0     0     0     0     0     0     0
    47    48    55    15    16   119   120    73    74     0     0     0     0     0     0     0     0     0     0     0     0     0     0     0
   117   118    49    50    79    80    53    54     0     0     0     0     0     0     0     0     0     0     0     0     0     0     0     0
   167   168   111   151   139    87    88   192   102     0     0     0     0     0     0     0     0     0     0     0     0     0     0     0
     0     0     0     0     0     0     0     0     0     0     0     0     0     0     0     0     0     0     0     0     0     0     0     0
    68     9    10    98   106    78     0     0     0     0     0     0     0     0     0     0     0     0     0     0     0     0     0     0
   187   188    83    84    43    44   157   158   127   128     0     0     0     0     0     0     0     0     0     0     0     0     0     0
    37    38   112   166   200    11    12     8     0     0     0     0     0     0     0     0     0     0     0     0     0     0     0     0
   177   178   143     2   129   130   154   140     0     0     0     0     0     0     0     0     0     0     0     0     0     0     0     0
    31    32   105    77   103   189   190   195   196    95    96     0     0     0     0     0     0     0     0     0     0     0     0     0
   121   122     5     6   193   194    25   104    33    34    91    92     0     0     0     0     0     0     0     0     0     0     0     0
    67    69    70   150   144   110     0     0     0     0     0     0     0     0     0     0     0     0     0     0     0     0     0     0
    27    28    39    40    41    42    75    76    45    46    99   100     0     0     0     0     0     0     0     0     0     0     0     0
     0     0     0     0     0     0     0     0     0     0     0     0     0     0     0     0     0     0     0     0     0     0     0     0
   137   138   169   170   133   134    13    14   183   184     0     0     0     0     0     0     0     0     0     0     0     0     0     0
   171   172   107    59    60   199   125   126    17    18     0     0     0     0     0     0     0     0     0     0     0     0     0     0
   159    65   165     0     0     0     0     0     0     0     0     0     0     0     0     0     0     0     0     0     0     0     0     0
    85    86   161   163   185   186    71    72   101    57    58   113   174     0     0     0     0     0     0     0     0     0     0     0
    56    81    82    29    30     0     0     0     0     0     0     0     0     0     0     0     0     0     0     0     0     0     0     0
   115   116     0     0     0     0     0     0     0     0     0     0     0     0     0     0     0     0     0     0     0     0     0     0
   131   132   147    97   191   109     0     0     0     0     0     0     0     0     0     0     0     0     0     0     0     0     0     0
   155   156   141   149     0     0     0     0     0     0     0     0     0     0     0     0     0     0     0     0     0     0     0     0
   135   136    63    64   123   124   145    61    62     0     0     0     0     0     0     0     0     0     0     0     0     0     0     0
     1   160   179   180   153    19    20   142    93    94   146     0     0     0     0     0     0     0     0     0     0     0     0     0
    35    36    89   181   182     3     4    21    22     0     0     0     0     0     0     0     0     0     0     0     0     0     0     0

  25 至 48 列

     0     0     0     0     0     0     0     0     0     0     0     0     0     0     0     0     0     0     0     0     0     0     0     0
     0     0     0     0     0     0     0     0     0     0     0     0     0     0     0     0     0     0     0     0     0     0     0     0
     0     0     0     0     0     0     0     0     0     0     0     0     0     0     0     0     0     0     0     0     0     0     0     0
     0     0     0     0     0     0     0     0     0     0     0     0     0     0     0     0     0     0     0     0     0     0     0     0
     0     0     0     0     0     0     0     0     0     0     0     0     0     0     0     0     0     0     0     0     0     0     0     0
     0     0     0     0     0     0     0     0     0     0     0     0     0     0     0     0     0     0     0     0     0     0     0     0
     0     0     0     0     0     0     0     0     0     0     0     0     0     0     0     0     0     0     0     0     0     0     0     0
     0     0     0     0     0     0     0     0     0     0     0     0     0     0     0     0     0     0     0     0     0     0     0     0
     0     0     0     0     0     0     0     0     0     0     0     0     0     0     0     0     0     0     0     0     0     0     0     0
     0     0     0     0     0     0     0     0     0     0     0     0     0     0     0     0     0     0     0     0     0     0     0     0
     0     0     0     0     0     0     0     0     0     0     0     0     0     0     0     0     0     0     0     0     0     0     0     0
     0     0     0     0     0     0     0     0     0     0     0     0     0     0     0     0     0     0     0     0     0     0     0     0
     0     0     0     0     0     0     0     0     0     0     0     0     0     0     0     0     0     0     0     0     0     0     0     0
     0     0     0     0     0     0     0     0     0     0     0     0     0     0     0     0     0     0     0     0     0     0     0     0
     0     0     0     0     0     0     0     0     0     0     0     0     0     0     0     0     0     0     0     0     0     0     0     0
     0     0     0     0     0     0     0     0     0     0     0     0     0     0     0     0     0     0     0     0     0     0     0     0
     0     0     0     0     0     0     0     0     0     0     0     0     0     0     0     0     0     0     0     0     0     0     0     0
     0     0     0     0     0     0     0     0     0     0     0     0     0     0     0     0     0     0     0     0     0     0     0     0
     0     0     0     0     0     0     0     0     0     0     0     0     0     0     0     0     0     0     0     0     0     0     0     0
     0     0     0     0     0     0     0     0     0     0     0     0     0     0     0     0     0     0     0     0     0     0     0     0
     0     0     0     0     0     0     0     0     0     0     0     0     0     0     0     0     0     0     0     0     0     0     0     0
     0     0     0     0     0     0     0     0     0     0     0     0     0     0     0     0     0     0     0     0     0     0     0     0
     0     0     0     0     0     0     0     0     0     0     0     0     0     0     0     0     0     0     0     0     0     0     0     0
     0     0     0     0     0     0     0     0     0     0     0     0     0     0     0     0     0     0     0     0     0     0     0     0
     0     0     0     0     0     0     0     0     0     0     0     0     0     0     0     0     0     0     0     0     0     0     0     0
     0     0     0     0     0     0     0     0     0     0     0     0     0     0     0     0     0     0     0     0     0     0     0     0
     0     0     0     0     0     0     0     0     0     0     0     0     0     0     0     0     0     0     0     0     0     0     0     0
     0     0     0     0     0     0     0     0     0     0     0     0     0     0     0     0     0     0     0     0     0     0     0     0
     0     0     0     0     0     0     0     0     0     0     0     0     0     0     0     0     0     0     0     0     0     0     0     0
     0     0     0     0     0     0     0     0     0     0     0     0     0     0     0     0     0     0     0     0     0     0     0     0

  49 至 72 列

     0     0     0     0     0     0     0     0     0     0     0     0     0     0     0     0     0     0     0     0     0     0     0     0
     0     0     0     0     0     0     0     0     0     0     0     0     0     0     0     0     0     0     0     0     0     0     0     0
     0     0     0     0     0     0     0     0     0     0     0     0     0     0     0     0     0     0     0     0     0     0     0     0
     0     0     0     0     0     0     0     0     0     0     0     0     0     0     0     0     0     0     0     0     0     0     0     0
     0     0     0     0     0     0     0     0     0     0     0     0     0     0     0     0     0     0     0     0     0     0     0     0
     0     0     0     0     0     0     0     0     0     0     0     0     0     0     0     0     0     0     0     0     0     0     0     0
     0     0     0     0     0     0     0     0     0     0     0     0     0     0     0     0     0     0     0     0     0     0     0     0
     0     0     0     0     0     0     0     0     0     0     0     0     0     0     0     0     0     0     0     0     0     0     0     0
     0     0     0     0     0     0     0     0     0     0     0     0     0     0     0     0     0     0     0     0     0     0     0     0
     0     0     0     0     0     0     0     0     0     0     0     0     0     0     0     0     0     0     0     0     0     0     0     0
     0     0     0     0     0     0     0     0     0     0     0     0     0     0     0     0     0     0     0     0     0     0     0     0
     0     0     0     0     0     0     0     0     0     0     0     0     0     0     0     0     0     0     0     0     0     0     0     0
     0     0     0     0     0     0     0     0     0     0     0     0     0     0     0     0     0     0     0     0     0     0     0     0
     0     0     0     0     0     0     0     0     0     0     0     0     0     0     0     0     0     0     0     0     0     0     0     0
     0     0     0     0     0     0     0     0     0     0     0     0     0     0     0     0     0     0     0     0     0     0     0     0
     0     0     0     0     0     0     0     0     0     0     0     0     0     0     0     0     0     0     0     0     0     0     0     0
     0     0     0     0     0     0     0     0     0     0     0     0     0     0     0     0     0     0     0     0     0     0     0     0
     0     0     0     0     0     0     0     0     0     0     0     0     0     0     0     0     0     0     0     0     0     0     0     0
     0     0     0     0     0     0     0     0     0     0     0     0     0     0     0     0     0     0     0     0     0     0     0     0
     0     0     0     0     0     0     0     0     0     0     0     0     0     0     0     0     0     0     0     0     0     0     0     0
     0     0     0     0     0     0     0     0     0     0     0     0     0     0     0     0     0     0     0     0     0     0     0     0
     0     0     0     0     0     0     0     0     0     0     0     0     0     0     0     0     0     0     0     0     0     0     0     0
     0     0     0     0     0     0     0     0     0     0     0     0     0     0     0     0     0     0     0     0     0     0     0     0
     0     0     0     0     0     0     0     0     0     0     0     0     0     0     0     0     0     0     0     0     0     0     0     0
     0     0     0     0     0     0     0     0     0     0     0     0     0     0     0     0     0     0     0     0     0     0     0     0
     0     0     0     0     0     0     0     0     0     0     0     0     0     0     0     0     0     0     0     0     0     0     0     0
     0     0     0     0     0     0     0     0     0     0     0     0     0     0     0     0     0     0     0     0     0     0     0     0
     0     0     0     0     0     0     0     0     0     0     0     0     0     0     0     0     0     0     0     0     0     0     0     0
     0     0     0     0     0     0     0     0     0     0     0     0     0     0     0     0     0     0     0     0     0     0     0     0
     0     0     0     0     0     0     0     0     0     0     0     0     0     0     0     0     0     0     0     0     0     0     0     0

  73 至 96 列

     0     0     0     0     0     0     0     0     0     0     0     0     0     0     0     0     0     0     0     0     0     0     0     0
     0     0     0     0     0     0     0     0     0     0     0     0     0     0     0     0     0     0     0     0     0     0     0     0
     0     0     0     0     0     0     0     0     0     0     0     0     0     0     0     0     0     0     0     0     0     0     0     0
     0     0     0     0     0     0     0     0     0     0     0     0     0     0     0     0     0     0     0     0     0     0     0     0
     0     0     0     0     0     0     0     0     0     0     0     0     0     0     0     0     0     0     0     0     0     0     0     0
     0     0     0     0     0     0     0     0     0     0     0     0     0     0     0     0     0     0     0     0     0     0     0     0
     0     0     0     0     0     0     0     0     0     0     0     0     0     0     0     0     0     0     0     0     0     0     0     0
     0     0     0     0     0     0     0     0     0     0     0     0     0     0     0     0     0     0     0     0     0     0     0     0
     0     0     0     0     0     0     0     0     0     0     0     0     0     0     0     0     0     0     0     0     0     0     0     0
     0     0     0     0     0     0     0     0     0     0     0     0     0     0     0     0     0     0     0     0     0     0     0     0
     0     0     0     0     0     0     0     0     0     0     0     0     0     0     0     0     0     0     0     0     0     0     0     0
     0     0     0     0     0     0     0     0     0     0     0     0     0     0     0     0     0     0     0     0     0     0     0     0
     0     0     0     0     0     0     0     0     0     0     0     0     0     0     0     0     0     0     0     0     0     0     0     0
     0     0     0     0     0     0     0     0     0     0     0     0     0     0     0     0     0     0     0     0     0     0     0     0
     0     0     0     0     0     0     0     0     0     0     0     0     0     0     0     0     0     0     0     0     0     0     0     0
     0     0     0     0     0     0     0     0     0     0     0     0     0     0     0     0     0     0     0     0     0     0     0     0
     0     0     0     0     0     0     0     0     0     0     0     0     0     0     0     0     0     0     0     0     0     0     0     0
     0     0     0     0     0     0     0     0     0     0     0     0     0     0     0     0     0     0     0     0     0     0     0     0
     0     0     0     0     0     0     0     0     0     0     0     0     0     0     0     0     0     0     0     0     0     0     0     0
     0     0     0     0     0     0     0     0     0     0     0     0     0     0     0     0     0     0     0     0     0     0     0     0
     0     0     0     0     0     0     0     0     0     0     0     0     0     0     0     0     0     0     0     0     0     0     0     0
     0     0     0     0     0     0     0     0     0     0     0     0     0     0     0     0     0     0     0     0     0     0     0     0
     0     0     0     0     0     0     0     0     0     0     0     0     0     0     0     0     0     0     0     0     0     0     0     0
     0     0     0     0     0     0     0     0     0     0     0     0     0     0     0     0     0     0     0     0     0     0     0     0
     0     0     0     0     0     0     0     0     0     0     0     0     0     0     0     0     0     0     0     0     0     0     0     0
     0     0     0     0     0     0     0     0     0     0     0     0     0     0     0     0     0     0     0     0     0     0     0     0
     0     0     0     0     0     0     0     0     0     0     0     0     0     0     0     0     0     0     0     0     0     0     0     0
     0     0     0     0     0     0     0     0     0     0     0     0     0     0     0     0     0     0     0     0     0     0     0     0
     0     0     0     0     0     0     0     0     0     0     0     0     0     0     0     0     0     0     0     0     0     0     0     0
     0     0     0     0     0     0     0     0     0     0     0     0     0     0     0     0     0     0     0     0     0     0     0     0

  97 至 120 列

     0     0     0     0     0     0     0     0     0     0     0     0     0     0     0     0     0     0     0     0     0     0     0     0
     0     0     0     0     0     0     0     0     0     0     0     0     0     0     0     0     0     0     0     0     0     0     0     0
     0     0     0     0     0     0     0     0     0     0     0     0     0     0     0     0     0     0     0     0     0     0     0     0
     0     0     0     0     0     0     0     0     0     0     0     0     0     0     0     0     0     0     0     0     0     0     0     0
     0     0     0     0     0     0     0     0     0     0     0     0     0     0     0     0     0     0     0     0     0     0     0     0
     0     0     0     0     0     0     0     0     0     0     0     0     0     0     0     0     0     0     0     0     0     0     0     0
     0     0     0     0     0     0     0     0     0     0     0     0     0     0     0     0     0     0     0     0     0     0     0     0
     0     0     0     0     0     0     0     0     0     0     0     0     0     0     0     0     0     0     0     0     0     0     0     0
     0     0     0     0     0     0     0     0     0     0     0     0     0     0     0     0     0     0     0     0     0     0     0     0
     0     0     0     0     0     0     0     0     0     0     0     0     0     0     0     0     0     0     0     0     0     0     0     0
     0     0     0     0     0     0     0     0     0     0     0     0     0     0     0     0     0     0     0     0     0     0     0     0
     0     0     0     0     0     0     0     0     0     0     0     0     0     0     0     0     0     0     0     0     0     0     0     0
     0     0     0     0     0     0     0     0     0     0     0     0     0     0     0     0     0     0     0     0     0     0     0     0
     0     0     0     0     0     0     0     0     0     0     0     0     0     0     0     0     0     0     0     0     0     0     0     0
     0     0     0     0     0     0     0     0     0     0     0     0     0     0     0     0     0     0     0     0     0     0     0     0
     0     0     0     0     0     0     0     0     0     0     0     0     0     0     0     0     0     0     0     0     0     0     0     0
     0     0     0     0     0     0     0     0     0     0     0     0     0     0     0     0     0     0     0     0     0     0     0     0
     0     0     0     0     0     0     0     0     0     0     0     0     0     0     0     0     0     0     0     0     0     0     0     0
     0     0     0     0     0     0     0     0     0     0     0     0     0     0     0     0     0     0     0     0     0     0     0     0
     0     0     0     0     0     0     0     0     0     0     0     0     0     0     0     0     0     0     0     0     0     0     0     0
     0     0     0     0     0     0     0     0     0     0     0     0     0     0     0     0     0     0     0     0     0     0     0     0
     0     0     0     0     0     0     0     0     0     0     0     0     0     0     0     0     0     0     0     0     0     0     0     0
     0     0     0     0     0     0     0     0     0     0     0     0     0     0     0     0     0     0     0     0     0     0     0     0
     0     0     0     0     0     0     0     0     0     0     0     0     0     0     0     0     0     0     0     0     0     0     0     0
     0     0     0     0     0     0     0     0     0     0     0     0     0     0     0     0     0     0     0     0     0     0     0     0
     0     0     0     0     0     0     0     0     0     0     0     0     0     0     0     0     0     0     0     0     0     0     0     0
     0     0     0     0     0     0     0     0     0     0     0     0     0     0     0     0     0     0     0     0     0     0     0     0
     0     0     0     0     0     0     0     0     0     0     0     0     0     0     0     0     0     0     0     0     0     0     0     0
     0     0     0     0     0     0     0     0     0     0     0     0     0     0     0     0     0     0     0     0     0     0     0     0
     0     0     0     0     0     0     0     0     0     0     0     0     0     0     0     0     0     0     0     0     0     0     0     0

  121 至 144 列

     0     0     0     0     0     0     0     0     0     0     0     0     0     0     0     0     0     0     0     0     0     0     0     0
     0     0     0     0     0     0     0     0     0     0     0     0     0     0     0     0     0     0     0     0     0     0     0     0
     0     0     0     0     0     0     0     0     0     0     0     0     0     0     0     0     0     0     0     0     0     0     0     0
     0     0     0     0     0     0     0     0     0     0     0     0     0     0     0     0     0     0     0     0     0     0     0     0
     0     0     0     0     0     0     0     0     0     0     0     0     0     0     0     0     0     0     0     0     0     0     0     0
     0     0     0     0     0     0     0     0     0     0     0     0     0     0     0     0     0     0     0     0     0     0     0     0
     0     0     0     0     0     0     0     0     0     0     0     0     0     0     0     0     0     0     0     0     0     0     0     0
     0     0     0     0     0     0     0     0     0     0     0     0     0     0     0     0     0     0     0     0     0     0     0     0
     0     0     0     0     0     0     0     0     0     0     0     0     0     0     0     0     0     0     0     0     0     0     0     0
     0     0     0     0     0     0     0     0     0     0     0     0     0     0     0     0     0     0     0     0     0     0     0     0
     0     0     0     0     0     0     0     0     0     0     0     0     0     0     0     0     0     0     0     0     0     0     0     0
     0     0     0     0     0     0     0     0     0     0     0     0     0     0     0     0     0     0     0     0     0     0     0     0
     0     0     0     0     0     0     0     0     0     0     0     0     0     0     0     0     0     0     0     0     0     0     0     0
     0     0     0     0     0     0     0     0     0     0     0     0     0     0     0     0     0     0     0     0     0     0     0     0
     0     0     0     0     0     0     0     0     0     0     0     0     0     0     0     0     0     0     0     0     0     0     0     0
     0     0     0     0     0     0     0     0     0     0     0     0     0     0     0     0     0     0     0     0     0     0     0     0
     0     0     0     0     0     0     0     0     0     0     0     0     0     0     0     0     0     0     0     0     0     0     0     0
     0     0     0     0     0     0     0     0     0     0     0     0     0     0     0     0     0     0     0     0     0     0     0     0
     0     0     0     0     0     0     0     0     0     0     0     0     0     0     0     0     0     0     0     0     0     0     0     0
     0     0     0     0     0     0     0     0     0     0     0     0     0     0     0     0     0     0     0     0     0     0     0     0
     0     0     0     0     0     0     0     0     0     0     0     0     0     0     0     0     0     0     0     0     0     0     0     0
     0     0     0     0     0     0     0     0     0     0     0     0     0     0     0     0     0     0     0     0     0     0     0     0
     0     0     0     0     0     0     0     0     0     0     0     0     0     0     0     0     0     0     0     0     0     0     0     0
     0     0     0     0     0     0     0     0     0     0     0     0     0     0     0     0     0     0     0     0     0     0     0     0
     0     0     0     0     0     0     0     0     0     0     0     0     0     0     0     0     0     0     0     0     0     0     0     0
     0     0     0     0     0     0     0     0     0     0     0     0     0     0     0     0     0     0     0     0     0     0     0     0
     0     0     0     0     0     0     0     0     0     0     0     0     0     0     0     0     0     0     0     0     0     0     0     0
     0     0     0     0     0     0     0     0     0     0     0     0     0     0     0     0     0     0     0     0     0     0     0     0
     0     0     0     0     0     0     0     0     0     0     0     0     0     0     0     0     0     0     0     0     0     0     0     0
     0     0     0     0     0     0     0     0     0     0     0     0     0     0     0     0     0     0     0     0     0     0     0     0

  145 至 168 列

     0     0     0     0     0     0     0     0     0     0     0     0     0     0     0     0     0     0     0     0     0     0     0     0
     0     0     0     0     0     0     0     0     0     0     0     0     0     0     0     0     0     0     0     0     0     0     0     0
     0     0     0     0     0     0     0     0     0     0     0     0     0     0     0     0     0     0     0     0     0     0     0     0
     0     0     0     0     0     0     0     0     0     0     0     0     0     0     0     0     0     0     0     0     0     0     0     0
     0     0     0     0     0     0     0     0     0     0     0     0     0     0     0     0     0     0     0     0     0     0     0     0
     0     0     0     0     0     0     0     0     0     0     0     0     0     0     0     0     0     0     0     0     0     0     0     0
     0     0     0     0     0     0     0     0     0     0     0     0     0     0     0     0     0     0     0     0     0     0     0     0
     0     0     0     0     0     0     0     0     0     0     0     0     0     0     0     0     0     0     0     0     0     0     0     0
     0     0     0     0     0     0     0     0     0     0     0     0     0     0     0     0     0     0     0     0     0     0     0     0
     0     0     0     0     0     0     0     0     0     0     0     0     0     0     0     0     0     0     0     0     0     0     0     0
     0     0     0     0     0     0     0     0     0     0     0     0     0     0     0     0     0     0     0     0     0     0     0     0
     0     0     0     0     0     0     0     0     0     0     0     0     0     0     0     0     0     0     0     0     0     0     0     0
     0     0     0     0     0     0     0     0     0     0     0     0     0     0     0     0     0     0     0     0     0     0     0     0
     0     0     0     0     0     0     0     0     0     0     0     0     0     0     0     0     0     0     0     0     0     0     0     0
     0     0     0     0     0     0     0     0     0     0     0     0     0     0     0     0     0     0     0     0     0     0     0     0
     0     0     0     0     0     0     0     0     0     0     0     0     0     0     0     0     0     0     0     0     0     0     0     0
     0     0     0     0     0     0     0     0     0     0     0     0     0     0     0     0     0     0     0     0     0     0     0     0
     0     0     0     0     0     0     0     0     0     0     0     0     0     0     0     0     0     0     0     0     0     0     0     0
     0     0     0     0     0     0     0     0     0     0     0     0     0     0     0     0     0     0     0     0     0     0     0     0
     0     0     0     0     0     0     0     0     0     0     0     0     0     0     0     0     0     0     0     0     0     0     0     0
     0     0     0     0     0     0     0     0     0     0     0     0     0     0     0     0     0     0     0     0     0     0     0     0
     0     0     0     0     0     0     0     0     0     0     0     0     0     0     0     0     0     0     0     0     0     0     0     0
     0     0     0     0     0     0     0     0     0     0     0     0     0     0     0     0     0     0     0     0     0     0     0     0
     0     0     0     0     0     0     0     0     0     0     0     0     0     0     0     0     0     0     0     0     0     0     0     0
     0     0     0     0     0     0     0     0     0     0     0     0     0     0     0     0     0     0     0     0     0     0     0     0
     0     0     0     0     0     0     0     0     0     0     0     0     0     0     0     0     0     0     0     0     0     0     0     0
     0     0     0     0     0     0     0     0     0     0     0     0     0     0     0     0     0     0     0     0     0     0     0     0
     0     0     0     0     0     0     0     0     0     0     0     0     0     0     0     0     0     0     0     0     0     0     0     0
     0     0     0     0     0     0     0     0     0     0     0     0     0     0     0     0     0     0     0     0     0     0     0     0
     0     0     0     0     0     0     0     0     0     0     0     0     0     0     0     0     0     0     0     0     0     0     0     0

  169 至 192 列

     0     0     0     0     0     0     0     0     0     0     0     0     0     0     0     0     0     0     0     0     0     0     0     0
     0     0     0     0     0     0     0     0     0     0     0     0     0     0     0     0     0     0     0     0     0     0     0     0
     0     0     0     0     0     0     0     0     0     0     0     0     0     0     0     0     0     0     0     0     0     0     0     0
     0     0     0     0     0     0     0     0     0     0     0     0     0     0     0     0     0     0     0     0     0     0     0     0
     0     0     0     0     0     0     0     0     0     0     0     0     0     0     0     0     0     0     0     0     0     0     0     0
     0     0     0     0     0     0     0     0     0     0     0     0     0     0     0     0     0     0     0     0     0     0     0     0
     0     0     0     0     0     0     0     0     0     0     0     0     0     0     0     0     0     0     0     0     0     0     0     0
     0     0     0     0     0     0     0     0     0     0     0     0     0     0     0     0     0     0     0     0     0     0     0     0
     0     0     0     0     0     0     0     0     0     0     0     0     0     0     0     0     0     0     0     0     0     0     0     0
     0     0     0     0     0     0     0     0     0     0     0     0     0     0     0     0     0     0     0     0     0     0     0     0
     0     0     0     0     0     0     0     0     0     0     0     0     0     0     0     0     0     0     0     0     0     0     0     0
     0     0     0     0     0     0     0     0     0     0     0     0     0     0     0     0     0     0     0     0     0     0     0     0
     0     0     0     0     0     0     0     0     0     0     0     0     0     0     0     0     0     0     0     0     0     0     0     0
     0     0     0     0     0     0     0     0     0     0     0     0     0     0     0     0     0     0     0     0     0     0     0     0
     0     0     0     0     0     0     0     0     0     0     0     0     0     0     0     0     0     0     0     0     0     0     0     0
     0     0     0     0     0     0     0     0     0     0     0     0     0     0     0     0     0     0     0     0     0     0     0     0
     0     0     0     0     0     0     0     0     0     0     0     0     0     0     0     0     0     0     0     0     0     0     0     0
     0     0     0     0     0     0     0     0     0     0     0     0     0     0     0     0     0     0     0     0     0     0     0     0
     0     0     0     0     0     0     0     0     0     0     0     0     0     0     0     0     0     0     0     0     0     0     0     0
     0     0     0     0     0     0     0     0     0     0     0     0     0     0     0     0     0     0     0     0     0     0     0     0
     0     0     0     0     0     0     0     0     0     0     0     0     0     0     0     0     0     0     0     0     0     0     0     0
     0     0     0     0     0     0     0     0     0     0     0     0     0     0     0     0     0     0     0     0     0     0     0     0
     0     0     0     0     0     0     0     0     0     0     0     0     0     0     0     0     0     0     0     0     0     0     0     0
     0     0     0     0     0     0     0     0     0     0     0     0     0     0     0     0     0     0     0     0     0     0     0     0
     0     0     0     0     0     0     0     0     0     0     0     0     0     0     0     0     0     0     0     0     0     0     0     0
     0     0     0     0     0     0     0     0     0     0     0     0     0     0     0     0     0     0     0     0     0     0     0     0
     0     0     0     0     0     0     0     0     0     0     0     0     0     0     0     0     0     0     0     0     0     0     0     0
     0     0     0     0     0     0     0     0     0     0     0     0     0     0     0     0     0     0     0     0     0     0     0     0
     0     0     0     0     0     0     0     0     0     0     0     0     0     0     0     0     0     0     0     0     0     0     0     0
     0     0     0     0     0     0     0     0     0     0     0     0     0     0     0     0     0     0     0     0     0     0     0     0

  193 至 201 列

     0     0     0     0     0     0     0     0     0
     0     0     0     0     0     0     0     0     0
     0     0     0     0     0     0     0     0     0
     0     0     0     0     0     0     0     0     0
     0     0     0     0     0     0     0     0     0
     0     0     0     0     0     0     0     0     0
     0     0     0     0     0     0     0     0     0
     0     0     0     0     0     0     0     0     0
     0     0     0     0     0     0     0     0     0
     0     0     0     0     0     0     0     0     0
     0     0     0     0     0     0     0     0     0
     0     0     0     0     0     0     0     0     0
     0     0     0     0     0     0     0     0     0
     0     0     0     0     0     0     0     0     0
     0     0     0     0     0     0     0     0     0
     0     0     0     0     0     0     0     0     0
     0     0     0     0     0     0     0     0     0
     0     0     0     0     0     0     0     0     0
     0     0     0     0     0     0     0     0     0
     0     0     0     0     0     0     0     0     0
     0     0     0     0     0     0     0     0     0
     0     0     0     0     0     0     0     0     0
     0     0     0     0     0     0     0     0     0
     0     0     0     0     0     0     0     0     0
     0     0     0     0     0     0     0     0     0
     0     0     0     0     0     0     0     0     0
     0     0     0     0     0     0     0     0     0
     0     0     0     0     0     0     0     0     0
     0     0     0     0     0     0     0     0     0
     0     0     0     0     0     0     0     0     0

本次运算用时:20183.971秒
算法在第129代时收敛

best
16845.9247184323
16845.9247184323
16845.9247184323
16845.9247184323
16845.9247184323
16845.9247184323
16845.9247184323
16845.9247184323
16845.9247184323
16845.9247184323
16845.9247184323
14366.0998607360
14366.0998607360
13914.8282391464
13914.8282391464
13914.8282391464
13914.8282391464
13914.8282391464
13914.8282391464
13914.8282391464
13914.8282391464
13914.8282391464
13914.8282391464
13914.8282391464
13914.8282391464
13914.8282391464
13914.8282391464
13914.8282391464
13914.8282391464
13914.8282391464
13914.8282391464
13914.8282391464
13914.8282391464
13914.8282391464
13914.8282391464
13914.8282391464
13914.8282391464
13914.8282391464
13914.8282391464
13914.8282391464
13914.8282391464
13914.8282391464
13914.8282391464
13914.8282391464
13914.8282391464
13914.8282391464
13914.8282391464
13914.8282391464
13757.4548349305
13757.4548349305
13757.4548349305
13757.4548349305
13757.4548349305
13757.4548349305
13757.4548349305
13757.4548349305
13757.4548349305
13757.4548349305
13757.4548349305
13757.4548349305
13757.4548349305
13757.4548349305
13738.2998849618
13738.2998849618
13738.2998849618
13738.2998849618
13738.2998849618
13738.2998849618
13738.2998849618
13738.2998849618
13738.2998849618
13738.2998849618
13738.2998849618
13738.2998849618
13738.2998849618
13738.2998849618
13738.2998849618
13738.2998849618
13738.2998849618
13738.2998849618
13738.2998849618
13738.2998849618
13738.2998849618
13738.2998849618
13738.2998849618
13738.2998849618
13738.2998849618
13738.2998849618
13009.1786775110
13009.1786775110
13009.1786775110
13009.1786775110
13009.1786775110
13009.1786775110
13009.1786775110
13009.1786775110
13009.1786775110
13009.1786775110
13009.1786775110
13009.1786775110
13009.1786775110
13009.1786775110
13009.1786775110
13009.1786775110
13009.1786775110
13009.1786775110
13009.1786775110
13009.1786775110
13009.1786775110
13009.1786775110
13009.1786775110
13009.1786775110
13009.1786775110
13009.1786775110
13009.1786775110
13009.1786775110
13009.1786775110
13009.1786775110
13009.1786775110
13005.3324720156
13005.3324720156
12969.7875126222
12969.7875126222
12969.7875126222
12969.7875126222
12969.7875126222
12969.7875126222
12969.7875126222
12676.9779225653
12676.9779225653
12676.9779225653
12676.9779225653
12676.9779225653
12676.9779225653
12676.9779225653
12676.9779225653
12676.9779225653
12676.9779225653
12676.9779225653
12676.9779225653
12676.9779225653
12676.9779225653
12676.9779225653
12676.9779225653
12676.9779225653
12676.9779225653
12676.9779225653
12676.9779225653
12676.9779225653
12676.9779225653
12676.9779225653
12676.9779225653
12676.9779225653
12676.9779225653
12676.9779225653
12676.9779225653
12676.9779225653
12676.9779225653
12676.9779225653
12676.9779225653
12676.9779225653
12676.9779225653
12676.9779225653
12676.9779225653
12676.9779225653
12676.9779225653
12676.9779225653
12676.9779225653
12676.9779225653
12676.9779225653
12676.9779225653
12676.9779225653
12676.9779225653
12676.9779225653
12676.9779225653
12676.9779225653
12676.9779225653
12676.9779225653
12676.9779225653
12676.9779225653
12676.9779225653
12676.9779225653
12676.9779225653
12676.9779225653
12676.9779225653
12676.9779225653
12676.9779225653
12676.9779225653
12676.9779225653
12676.9779225653
12676.9779225653
12676.9779225653
12676.9779225653
12676.9779225653
12676.9779225653
12676.9779225653
12676.9779225653
12676.9779225653
12676.9779225653
12676.9779225653
12676.9779225653
12676.9779225653
12676.9779225653
12676.9779225653
12676.9779225653
12676.9779225653
12676.9779225653
12676.9779225653
12676.9779225653
12676.9779225653
12676.9779225653
12676.9779225653
12676.9779225653
12676.9779225653
12676.9779225653
12676.9779225653
12676.9779225653
12676.9779225653
12676.9779225653
12676.9779225653
12676.9779225653
12676.9779225653
12676.9779225653
12676.9779225653
12676.9779225653
12676.9779225653
12676.9779225653
12676.9779225653
12676.9779225653
12676.9779225653
12676.9779225653
12676.9779225653
12676.9779225653
12676.9779225653
12676.9779225653
12676.9779225653
12676.9779225653
12676.9779225653
12676.9779225653
12676.9779225653
12676.9779225653
12676.9779225653
12676.9779225653
12676.9779225653
12676.9779225653
12676.9779225653
12676.9779225653
12676.9779225653
12676.9779225653
12676.9779225653
12676.9779225653
12676.9779225653
12676.9779225653
12676.9779225653
12676.9779225653
12676.9779225653
12676.9779225653
12676.9779225653
12676.9779225653
12676.9779225653
12676.9779225653
12676.9779225653
12676.9779225653
12676.9779225653
12676.9779225653
12676.9779225653
12676.9779225653
12676.9779225653
12676.9779225653
12676.9779225653
12676.9779225653
12676.9779225653
12676.9779225653
12676.9779225653
12676.9779225653
12676.9779225653
12676.9779225653
12676.9779225653
12676.9779225653
12676.9779225653
12676.9779225653
12676.9779225653
12676.9779225653
12676.9779225653
12676.9779225653
12676.9779225653
12676.9779225653
12676.9779225653
12676.9779225653
12676.9779225653
12676.9779225653
12676.9779225653
12676.9779225653
12676.9779225653
12676.9779225653
12676.9779225653
12676.9779225653
12676.9779225653
12676.9779225653
12676.9779225653
12676.9779225653
12676.9779225653
12676.9779225653
12676.9779225653
12676.9779225653
12676.9779225653
12676.9779225653
12676.9779225653
12676.9779225653
12676.9779225653
12676.9779225653
12676.9779225653
12676.9779225653
12676.9779225653
12676.9779225653
12676.9779225653
12676.9779225653
12676.9779225653
12676.9779225653
12676.9779225653
12676.9779225653
12676.9779225653
12676.9779225653
12676.9779225653
12676.9779225653
12676.9779225653
12676.9779225653
12676.9779225653
12676.9779225653
12676.9779225653
12676.9779225653
12676.9779225653
12676.9779225653
12676.9779225653
12676.9779225653
12676.9779225653
12676.9779225653
12676.9779225653
12676.9779225653
12676.9779225653
12676.9779225653
12676.9779225653
12676.9779225653
12676.9779225653
12676.9779225653
12676.9779225653
12676.9779225653
12676.9779225653
12676.9779225653
12676.9779225653
12676.9779225653
12676.9779225653
12676.9779225653
12676.9779225653
12676.9779225653
12676.9779225653
12676.9779225653
12676.9779225653
12676.9779225653
12676.9779225653
12676.9779225653
12676.9779225653
12676.9779225653
12676.9779225653
12676.9779225653
12676.9779225653
12676.9779225653
12676.9779225653
12676.9779225653
12676.9779225653
12676.9779225653
12676.9779225653
12676.9779225653
12676.9779225653
12676.9779225653
12676.9779225653
12676.9779225653
12676.9779225653
12676.9779225653
12676.9779225653
12676.9779225653
12676.9779225653
12676.9779225653
12676.9779225653
12676.9779225653
12676.9779225653
12676.9779225653
12676.9779225653
12676.9779225653
12676.9779225653
12676.9779225653
12676.9779225653
12676.9779225653
12676.9779225653
12676.9779225653
12676.9779225653
12676.9779225653
12676.9779225653
12676.9779225653
12676.9779225653
12676.9779225653
12676.9779225653
12676.9779225653
12676.9779225653
12676.9779225653
12676.9779225653
12676.9779225653
12676.9779225653
12676.9779225653
12676.9779225653
12676.9779225653
12676.9779225653
12676.9779225653
12676.9779225653
12676.9779225653
12676.9779225653
12676.9779225653
12676.9779225653
12676.9779225653
12676.9779225653
12676.9779225653
12676.9779225653
12676.9779225653
12676.9779225653
12676.9779225653
12676.9779225653
12676.9779225653
12676.9779225653
12676.9779225653
12676.9779225653
12676.9779225653
12676.9779225653
12676.9779225653
12676.9779225653
12676.9779225653
12676.9779225653
12676.9779225653
12676.9779225653
12676.9779225653
12676.9779225653
12676.9779225653
12676.9779225653
12676.9779225653
12676.9779225653
12676.9779225653
12676.9779225653
12676.9779225653
12676.9779225653
12676.9779225653
12676.9779225653
12676.9779225653
12676.9779225653
12676.9779225653
12676.9779225653
12676.9779225653
12676.9779225653
12676.9779225653
12676.9779225653
12676.9779225653
12676.9779225653
12676.9779225653
12676.9779225653
12676.9779225653
12676.9779225653
12676.9779225653
12676.9779225653
12676.9779225653
12676.9779225653
12676.9779225653
12676.9779225653
12676.9779225653
12676.9779225653
12676.9779225653
12676.9779225653
12676.9779225653
12676.9779225653
12676.9779225653
12676.9779225653
12676.9779225653
12676.9779225653
12676.9779225653
12676.9779225653
12676.9779225653
12676.9779225653
12676.9779225653
12676.9779225653
12676.9779225653
12676.9779225653
12676.9779225653
12676.9779225653
12676.9779225653
12676.9779225653
12676.9779225653
12676.9779225653
12676.9779225653
12676.9779225653
12676.9779225653
12676.9779225653
12676.9779225653
12676.9779225653

ave
19688.6839205313
19929.1258101928
19672.4323794491
20270.3246543257
20069.2890107816
19834.9368106711
20387.3155259410
19764.7446879629
20436.9729196049
19693.2170766801
19836.6009128975
19644.9323223945
20197.6309444652
19766.1918811328
20271.1338727436
20129.3617930043
20040.0516092695
20134.6103853005
20349.8920402500
19960.3874343551
20312.3808865332
19499.2284232008
19967.4426362819
18734.3757697237
19870.1793010148
19832.1296328556
19846.6895195927
19428.8670681207
20048.1664076945
19732.2932434251
19398.0118488118
19555.1966656242
19318.3931384030
19460.6872509862
19464.7677585699
18979.5077688529
19131.2223266948
19271.1498326740
18578.1639511810
18710.3862424609
19282.4955495431
19291.4349148015
19381.4542762348
18591.8889259644
19087.6008129725
18885.7461306138
18613.9349903453
18457.4428212473
18267.5763025902
18135.1744621809
18068.4439549047
17548.1045541179
17864.7086250292
17952.5519173313
17717.7725545900
17584.2293787129
18112.6969714401
18091.5513192819
17973.7818687368
17971.7741584950
18125.9604462678
17672.5241521092
16629.9548420972
17765.9664791996
17895.5266992272
18001.9527805928
18151.8595172429
16873.8486773654
18041.4605969530
16981.7220253170
17637.8731689550
17344.4966389463
17465.7364351656
17377.3556226999
17545.1676005872
17599.0368214856
17309.2286411989
17772.0972372886
17498.2808835712
17166.9114865197
17079.2533042771
17345.9442838208
17992.3623047688
17345.6992030737
16978.7805412777
17240.7800943266
16830.4110213434
17156.2923391688
16921.7692422783
17226.2895244297
17161.3008223998
17056.1819460619
16971.4184982501
17196.2547079914
16581.3522875975
16897.5236101607
16568.2723908342
16637.9581343005
16929.2981625453
17388.6456852271
16855.1835143259
17134.9134349858
16539.5910061717
17706.6740434267
16867.3207031889
16745.4055108162
16680.9686900732
16064.5651039236
15745.3433751373
16600.4257680145
16200.6026057416
16477.5264793766
16200.9936347875
16253.7818090069
16059.4726817290
16338.4485204926
16418.5624164267
16588.1575617470
17340.2988736518
16308.8151346576
16301.9790150888
15864.7010377595
16341.9197397980
16716.5578579880
17028.4840749585
16326.3213990126
15805.7006438290
15892.5619788683
16119.2766027701
16073.8447612385
16439.3928834266
16207.7141472158
15840.1229134335
16197.0044320386
15389.3654851451
16667.4289743810
16841.4574952549
16770.4430175706
16440.1415442203
16090.6402939610
16237.5067461274
16576.1652451406
16443.8075658929
16124.2779553751
16861.6803328002
16306.6927570359
16811.9226613228
16845.8164166303
17081.7884967884
16168.4409058848
16441.7638367557
15908.4289892700
16526.2123656852
16920.4848483706
16668.6791166681
16825.0895894819
17531.6094596098
16856.4392664206
16467.7112667917
17456.1260802837
16238.3424700067
16913.4019580545
17246.8074762788
16920.0590052100
17105.6497965349
16987.8222972838
16727.1851211809
16855.8879761798
16731.5351666829
16690.1975810177
16801.2761451365
16783.4122864939
16693.5042699443
16240.5331574199
16374.7315497210
17069.7354543191
16453.7217992194
16826.9944420539
16838.9632960359
16395.6843192622
16539.5482764127
16434.5060349884
16707.9007580423
17241.9974224252
16711.5828206834
16668.0105801029
16661.5588658058
16770.3615916874
16154.4386494354
16479.4269723492
16699.3268228531
17225.9349714861
17384.7156105471
16776.2287065968
17248.9852185020
17152.0935051567
16862.1305437746
16659.7261809026
17273.5428529900
17039.7183156397
17175.3615357385
16498.8416927206
16877.5469583893
15853.6087215058
16462.3852672999
16818.9175823308
16439.5162051031
16584.6480534677
16875.0862330545
17016.7330127957
16917.3250833810
17313.6998997945
16347.3975262931
16583.5594960928
16861.1360113860
16790.6249675649
16925.9809413217
16579.7453229404
17290.0255469972
16999.3647854512
17437.9234967436
16740.2868396953
16954.2432066560
16748.6911266835
16588.8103468045
16824.7334399812
16413.9926687801
17025.4713822613
16807.5360441127
16659.2188726368
17505.7656983365
16751.5345176795
16528.1708237270
17183.4197502374
17037.5824838811
16356.8303071475
16590.2897928333
16725.2327954222
16463.8978354222
16637.3283304017
17036.4476143443
16854.5331240834
16849.5279952699
16640.8100615869
17240.4529149590
16694.0684920788
16497.9296222928
16532.8044329368
16890.1032502644
16879.1215984772
17402.0903377671
16707.9471768716
17131.2404366460
17292.0051441807
16934.6686847675
16501.7274809896
16967.4055863285
17041.7745515382
17224.4280834725
17419.9087332147
16432.7997127124
17070.1359452491
17118.7933608086
17204.5076029303
17166.8648025357
16935.6211029250
17259.4867405800
16951.3948712164
16757.5069806625
16895.7055473070
17333.0500976872
16430.4945004576
17501.1920235447
16399.0560669772
17266.4897596617
16704.5857034429
16778.9944448827
17049.1562722195
17733.4246591993
16539.4170610017
17036.0952830547
16822.8454241546
17058.4709222972
16766.0096516136
16834.3816454936
16772.1701553393
16706.8994941556
16955.8338565210
16761.6019941065
16889.1222152422
16632.4150474796
16550.1876446860
17152.6842997576
17562.9949711212
17023.5464811733
17207.4260356248
16689.4029793356
16670.1105861026
16649.6811920185
16739.8786235482
16981.0810637331
16666.5936455079
17279.8799179740
17386.9490862784
17118.0121165635
17044.4215923288
17433.3100090654
17583.8759976725
17077.0876822284
17447.6664331077
17475.4665301312
17102.4204140354
17322.9119468222
17646.7216407042
16455.4258616991
17125.7631423742
17082.2482703184
16900.9522974074
17524.4302817136
17146.0368897623
17216.6777008270
16960.8418647102
17452.5310085810
17060.5428745435
17242.3414369407
17092.5584416484
16933.1204223801
17191.8712182231
16987.4807342252
16381.0619225279
17333.8890806654
16844.2570580255
17186.3266994295
17233.2901791245
17161.2861861449
17551.3810635342
17323.1322647506
16710.0578795944
16749.3355313291
17872.1342711726
16768.7676755810
16698.4402142354
17011.6557967261
16678.1657044811
17005.9341281821
17169.5293131687
17688.0403779956
16914.2903140927
17077.1488070661
16315.5918056965
16717.7800566223
16958.8840822913
16946.3148738926
17056.2234060742
16839.7162144587
16800.1444448111
16621.1484435951
17086.6256727483
16724.9253055192
16498.1529743526
16431.5628770934
16816.5475014479
17239.4940313317
16374.4703277310
16527.3749605454
16625.9147374158
16236.8331402650
16590.5861204448
16537.3844437543
16593.4167555954
16631.6496891022
17008.7572699047
16168.0008026968
16720.4198381526
16335.0852090283
16300.0736760616
16774.5016323603
16666.6629406954
16841.5356606971
16930.0974693752
16689.7434658484
16981.4544624204
16811.2620344161
17191.4450514932
16900.9004359014
16757.3463884016
17287.1773559488
16895.4561599890
17218.0911314376
16715.5051524948
16352.6299524629
16944.5165785589
16864.6548657498
16946.2882587569
16649.5309518454
16729.9092569981
16716.1201060298
16794.2605381242
16741.0131491634
16886.6443819148
16483.7079259391
16683.6040758370
16323.7445959040
17410.0684987385
16825.8009795368
16731.0194888711
16640.3182918270
16311.4244182130
16522.8228564315
16230.8516001064
16833.9600221255
16276.7297525267
16103.8805269847
16473.9428573069
16066.6507667886
16249.7123556382
16440.6560319294
16126.5523002747
16244.2778795737
16344.4479655111
16333.8382646419
16239.9996227600
17036.0876230854
16443.4517831215
16383.3182794133
16153.2974860424
16667.2016974647
16522.7462544980
16916.9456869703
17488.6318556802
17296.3633709638
16664.2576034297
16599.9580122884
16852.9954038273
16598.2135804326
17443.5871359625
17308.1276929148
17399.6062194205
16486.0476614919
16902.8795278722
16440.7444901099
16856.3030111737
16975.2361143681
16684.3042176454
16590.4732920190
17144.8036997282
16462.0678704593
16814.4777952825
17327.7525845363
16841.2827934915
16657.6036693446
17328.7379930956
17111.7093794712
17152.1833239216
17121.5431495611
16763.7631474415
16887.1493787098
17913.6790856771
16492.3185973594
16982.4889708362
17083.8557114119
17203.6313237580
16400.8748348645
16651.5737487837
16616.3509990860
17061.7649798484
16779.6801648154
17191.7406910388
17009.2810160247
16366.2526937291
16449.4522490691
15967.2917113532
17446.2540137112
16966.7730933384
16498.7687757874
16740.8024097574
16698.6125617402
16610.1093050873
17063.8760897933
16842.4299199671
16268.5159706618
16794.6598369223
16790.0808782579
16674.8876092889
16611.5540010127
17082.1160123321
16691.7574586342
17761.0692608168
17029.4593411444
17311.2088332593
16741.6413233460
16254.4044039253
17463.6388968579
16229.4735620843
16446.1083427138
16527.5656392054
17295.8589506064
16870.6509452242
16081.1072817553
17287.4422618471