最优解为:932.6339
最优解路径:

Best_route =

    14     6    16    11    19     4    18     7     3    17     0     0     0     0     0     0     0     0     0     0     0
     0     0     0     0     0     0     0     0     0     0     0     0     0     0     0     0     0     0     0     0     0
     0     0     0     0     0     0     0     0     0     0     0     0     0     0     0     0     0     0     0     0     0
    10     2     0     0     0     0     0     0     0     0     0     0     0     0     0     0     0     0     0     0     0
    20     9    13     8     5    15     1    12     0     0     0     0     0     0     0     0     0     0     0     0     0

本次运算用时:36.225秒
算法在第11代时收敛

best
946.157795644583
946.157795644583
944.953557527334
944.953557527334
944.232600482170
941.418953882227
938.804323311499
933.817580064027
933.817580064027
933.817580064027
932.633914427434
932.633914427434
932.633914427434
932.633914427434
932.633914427434
932.633914427434
932.633914427434
932.633914427434
932.633914427434
932.633914427434
932.633914427434
932.633914427434
932.633914427434
932.633914427434
932.633914427434
932.633914427434
932.633914427434
932.633914427434
932.633914427434
932.633914427434
932.633914427434
932.633914427434
932.633914427434
932.633914427434
932.633914427434
932.633914427434
932.633914427434
932.633914427434
932.633914427434
932.633914427434
932.633914427434
932.633914427434
932.633914427434
932.633914427434
932.633914427434
932.633914427434
932.633914427434
932.633914427434
932.633914427434
932.633914427434
932.633914427434
932.633914427434
932.633914427434
932.633914427434
932.633914427434
932.633914427434
932.633914427434
932.633914427434
932.633914427434
932.633914427434
932.633914427434
932.633914427434
932.633914427434
932.633914427434
932.633914427434
932.633914427434
932.633914427434
932.633914427434
932.633914427434
932.633914427434
932.633914427434
932.633914427434
932.633914427434
932.633914427434
932.633914427434
932.633914427434
932.633914427434
932.633914427434
932.633914427434
932.633914427434
932.633914427434
932.633914427434
932.633914427434
932.633914427434
932.633914427434
932.633914427434
932.633914427434
932.633914427434
932.633914427434
932.633914427434
932.633914427434
932.633914427434
932.633914427434
932.633914427434
932.633914427434
932.633914427434
932.633914427434
932.633914427434
932.633914427434
932.633914427434
932.633914427434
932.633914427434
932.633914427434
932.633914427434
932.633914427434
932.633914427434
932.633914427434
932.633914427434
932.633914427434
932.633914427434
932.633914427434
932.633914427434
932.633914427434
932.633914427434
932.633914427434
932.633914427434
932.633914427434
932.633914427434
932.633914427434
932.633914427434
932.633914427434
932.633914427434
932.633914427434
932.633914427434
932.633914427434
932.633914427434
932.633914427434
932.633914427434
932.633914427434
932.633914427434
932.633914427434
932.633914427434
932.633914427434
932.633914427434
932.633914427434
932.633914427434
932.633914427434
932.633914427434
932.633914427434
932.633914427434
932.633914427434
932.633914427434
932.633914427434
932.633914427434
932.633914427434
932.633914427434
932.633914427434
932.633914427434
932.633914427434
932.633914427434
932.633914427434
932.633914427434
932.633914427434
932.633914427434
932.633914427434
932.633914427434
932.633914427434
932.633914427434
932.633914427434
932.633914427434
932.633914427434
932.633914427434
932.633914427434
932.633914427434
932.633914427434
932.633914427434
932.633914427434
932.633914427434
932.633914427434
932.633914427434
932.633914427434
932.633914427434
932.633914427434
932.633914427434
932.633914427434
932.633914427434
932.633914427434
932.633914427434
932.633914427434
932.633914427434
932.633914427434
932.633914427434
932.633914427434
932.633914427434
932.633914427434
932.633914427434
932.633914427434
932.633914427434
932.633914427434
932.633914427434
932.633914427434
932.633914427434
932.633914427434
932.633914427434
932.633914427434
932.633914427434
932.633914427434
932.633914427434
932.633914427434
932.633914427434
932.633914427434
932.633914427434
932.633914427434
932.633914427434
932.633914427434
932.633914427434
932.633914427434
932.633914427434
932.633914427434
932.633914427434
932.633914427434
932.633914427434
932.633914427434
932.633914427434
932.633914427434
932.633914427434
932.633914427434
932.633914427434
932.633914427434
932.633914427434
932.633914427434
932.633914427434
932.633914427434
932.633914427434
932.633914427434
932.633914427434
932.633914427434
932.633914427434
932.633914427434
932.633914427434
932.633914427434
932.633914427434
932.633914427434
932.633914427434
932.633914427434
932.633914427434
932.633914427434
932.633914427434
932.633914427434
932.633914427434
932.633914427434
932.633914427434
932.633914427434
932.633914427434
932.633914427434
932.633914427434
932.633914427434
932.633914427434
932.633914427434
932.633914427434
932.633914427434
932.633914427434
932.633914427434
932.633914427434
932.633914427434
932.633914427434
932.633914427434
932.633914427434
932.633914427434
932.633914427434
932.633914427434
932.633914427434
932.633914427434
932.633914427434
932.633914427434
932.633914427434
932.633914427434
932.633914427434
932.633914427434
932.633914427434
932.633914427434
932.633914427434
932.633914427434
932.633914427434
932.633914427434
932.633914427434
932.633914427434
932.633914427434
932.633914427434
932.633914427434
932.633914427434
932.633914427434
932.633914427434
932.633914427434
932.633914427434
932.633914427434
932.633914427434
932.633914427434
932.633914427434
932.633914427434
932.633914427434
932.633914427434
932.633914427434
932.633914427434
932.633914427434
932.633914427434
932.633914427434
932.633914427434
932.633914427434
932.633914427434
932.633914427434
932.633914427434
932.633914427434
932.633914427434
932.633914427434
932.633914427434
932.633914427434
932.633914427434
932.633914427434
932.633914427434
932.633914427434
932.633914427434
932.633914427434
932.633914427434
932.633914427434
932.633914427434
932.633914427434
932.633914427434
932.633914427434
932.633914427434
932.633914427434
932.633914427434
932.633914427434
932.633914427434
932.633914427434
932.633914427434
932.633914427434
932.633914427434
932.633914427434
932.633914427434
932.633914427434
932.633914427434
932.633914427434
932.633914427434
932.633914427434
932.633914427434
932.633914427434
932.633914427434
932.633914427434
932.633914427434
932.633914427434
932.633914427434
932.633914427434
932.633914427434
932.633914427434
932.633914427434
932.633914427434
932.633914427434
932.633914427434
932.633914427434
932.633914427434
932.633914427434
932.633914427434
932.633914427434
932.633914427434
932.633914427434
932.633914427434
932.633914427434
932.633914427434
932.633914427434
932.633914427434
932.633914427434
932.633914427434
932.633914427434
932.633914427434
932.633914427434
932.633914427434
932.633914427434
932.633914427434
932.633914427434
932.633914427434
932.633914427434
932.633914427434
932.633914427434
932.633914427434
932.633914427434
932.633914427434
932.633914427434
932.633914427434
932.633914427434
932.633914427434
932.633914427434
932.633914427434
932.633914427434
932.633914427434
932.633914427434
932.633914427434
932.633914427434
932.633914427434
932.633914427434
932.633914427434
932.633914427434
932.633914427434
932.633914427434
932.633914427434
932.633914427434
932.633914427434
932.633914427434
932.633914427434
932.633914427434
932.633914427434
932.633914427434
932.633914427434
932.633914427434
932.633914427434
932.633914427434
932.633914427434
932.633914427434
932.633914427434
932.633914427434
932.633914427434
932.633914427434
932.633914427434
932.633914427434
932.633914427434
932.633914427434
932.633914427434
932.633914427434
932.633914427434
932.633914427434
932.633914427434
932.633914427434
932.633914427434
932.633914427434
932.633914427434
932.633914427434
932.633914427434
932.633914427434
932.633914427434
932.633914427434
932.633914427434
932.633914427434
932.633914427434
932.633914427434
932.633914427434
932.633914427434
932.633914427434
932.633914427434
932.633914427434
932.633914427434
932.633914427434
932.633914427434
932.633914427434
932.633914427434
932.633914427434
932.633914427434
932.633914427434
932.633914427434
932.633914427434
932.633914427434
932.633914427434
932.633914427434
932.633914427434
932.633914427434
932.633914427434
932.633914427434
932.633914427434
932.633914427434
932.633914427434
932.633914427434
932.633914427434
932.633914427434
932.633914427434
932.633914427434
932.633914427434
932.633914427434
932.633914427434
932.633914427434
932.633914427434
932.633914427434
932.633914427434
932.633914427434
932.633914427434
932.633914427434
932.633914427434
932.633914427434
932.633914427434
932.633914427434
932.633914427434
932.633914427434
932.633914427434
932.633914427434
932.633914427434
932.633914427434
932.633914427434
932.633914427434
932.633914427434
932.633914427434
932.633914427434
932.633914427434
932.633914427434
932.633914427434
932.633914427434
932.633914427434
932.633914427434
932.633914427434
932.633914427434
932.633914427434
932.633914427434
932.633914427434

ave
977.546082813751
958.587843777026
989.403842272651
992.573771509542
959.732048792500
959.340275919171
973.240200847881
985.188295397550
954.267781370616
953.405672242919
950.560176868569
965.417459712293
948.825303745826
1028.26805303916
966.743850775604
952.205921036480
966.751261762891
947.557062655416
946.925359948887
992.317795494767
959.766033626708
958.848030733791
946.387076834800
960.056508965990
973.161648548330
958.274539654669
942.649320700727
972.577356765170
985.406173332811
1015.41868824627
970.938126419887
983.564464798639
955.589665609995
985.240437272215
969.258751573651
982.785796862595
938.666771144122
953.708571155581
983.654110721380
953.251539513504
982.487241986948
951.291175437004
951.051078058184
934.820460318406
995.317448497250
950.194900096085
966.751397810835
935.016398362805
935.676429970031
994.805259816986
934.221028525473
964.785330706464
965.316374358124
935.060246998250
948.689830478937
934.573190282972
934.652421398915
949.603358755508
949.722144164150
933.706639890755
933.227638186372
949.169114168690
934.355821832609
934.498067466677
934.839938810547
949.155813421454
934.325664079395
933.981022995821
949.017152293794
948.517516145559
932.693097709263
934.444225920980
947.876624272923
932.935203828134
933.033065308273
947.812847238434
933.097158842181
933.730370593007
948.270917432965
947.843599101226
935.093275976674
950.095578330998
932.814676659211
949.035717682684
935.551621171688
932.968832118668
932.633914427434
934.347401168041
933.152550869305
948.827522829638
934.115263597849
933.911132824784
933.033065308273
933.422308560540
947.858776735160
950.108964878262
933.671187311177
933.212264970606
933.037975560352
933.604433804605
948.836328495781
934.262627228037
933.152550869305
934.083093167768
935.566366391854
932.633914427434
936.100637593772
934.284676517822
932.633914427434
934.518764726113
950.350171122061
949.534230077097
933.643595212394
935.641081411546
949.868661198370
933.105269301340
934.780166478851
934.892614926932
932.841231656574
948.677147620001
934.559336183147
935.133311886146
933.748274962017
948.315673065916
949.468025487931
949.141892821050
933.152550869305
934.418554044473
935.905953656741
933.152550869305
933.453840270005
949.449885608928
934.839107908722
948.296253656065
963.836608873266
949.638451356908
950.329288541414
934.780999036239
932.633914427434
933.915053187853
932.633914427434
932.633914427434
934.271973475293
933.549313540353
932.633914427434
934.252865421980
932.931593629783
934.054808483644
947.699074427434
948.673570445902
948.812961552208
933.152550869305
932.633914427434
933.216681437028
934.226432603251
932.693097709263
933.926989414714
934.476561441938
933.344213829099
948.634602501783
932.633914427434
933.195594919106
934.425677111014
934.698415784071
933.130434919107
949.585740026190
947.747809884777
948.166860466460
932.633914427434
934.024484007735
933.032937758512
934.929180689119
933.808607441249
934.145824440246
933.807260376600
950.122068019766
934.890147718866
934.487857929860
934.208941697621
934.189823753049
948.958605586854
948.152550869305
948.447893518402
933.826613866033
934.381486712843
933.355636252206
934.163657941215
933.284288662807
948.032784930789
935.653805533296
933.836903426253
933.152550869305
934.562545208688
949.340748155750
933.344213829099
947.693097709263
962.978004832384
932.633914427434
934.810812705125
937.137188304270
948.869331153348
932.699074427434
934.313608706353
933.128701107705
933.688605137868
933.282870869305
933.394745863819
933.903079193712
933.777614899468
933.152550869305
934.957240041720
948.512139138144
951.799316466809
933.955988167623
933.448976079802
932.633914427434
933.422308560540
933.517571197256
963.714549828537
949.091905248996
934.259374271579
947.841231656574
932.633914427434
934.048983976881
933.069670045625
933.522927721048
948.682350791926
933.216681437027
933.152550869305
933.873045940458
932.633914427434
933.331256745981
932.633914427434
933.152550869305
934.352433494424
932.633914427434
933.895753420482
934.170626992475
948.832484711508
933.281841437027
934.845611839083
934.085670726271
949.147757394092
934.089460740929
934.972788231471
949.452342022896
932.965574938404
933.403648552411
933.755248916702
933.621772002223
933.992694138329
935.329127195807
934.010019394360
933.588659844821
948.729033247912
932.633914427434
934.047941864333
933.851859027007
933.333313101083
933.629809065477
933.253856905114
933.653642057985
932.633914427434
932.633914427434
934.417760336640
947.939358988349
933.564146359592
933.684784597967
933.130434919107
964.989408896221
949.084483403332
948.683609986137
933.856511630988
933.663578338245
932.633914427434
933.152550869305
933.359868098446
934.872989450805
933.556612002223
935.148204271207
933.519763540256
933.152550869305
935.334838788801
935.696360735878
934.167707802850
935.573420984907
934.231988757380
932.633914427434
936.114653310087
947.804341534108
933.671187311177
947.918821550555
934.173785320082
949.100311019348
933.979173567550
934.965838872623
935.625699573908
948.302634627535
932.633914427434
933.152550869305
934.924010948448
933.105269301340
933.350754283386
933.481750907090
934.672851814637
933.400192610341
933.774177873414
933.449780652195
934.126884216934
933.625425254886
950.068972588962
947.935203828134
934.106942929368
933.568513716088
933.592688960951
933.149594350446
933.130434919106
949.136701612186
934.439684426553
934.011293342119
933.403648552411
933.969360169853
951.506485769947
932.903672118668
932.633914427434
934.459537354619
948.975490777661
934.617760178074
934.337943589021
948.534496052024
933.732944834843
933.133078930699
934.447096723785
933.302542622023
949.095231875297
933.693573891017
933.481491842369
933.940945002412
933.510462599326
948.296454283386
949.514068094062
933.692115410779
965.219616874959
932.633914427434
933.152550869305
948.554502952756
933.373547560887
933.152550869305
933.684608536716
933.327834360368
949.543782504395
932.633914427434
949.275421288945
932.633914427434
935.185473041904
932.885012110540
932.955421254586
932.633914427434
933.534496052024
934.445973319846
933.032784930789
949.456424615482
947.885012110540
934.413819387992
933.586070193627
933.509330434258
933.668055245269
933.600055981611
932.633914427434
932.841231656574
934.678735781504
934.723829762989
934.232166058241
934.582084871551
933.033065308273
933.032784930789
933.835766445454
935.800007722679
935.461388501012
934.129602223423
934.361745347198
934.270222972707
934.024295758241
933.771743426253
933.891166337074
948.935530307193
933.567820373007
933.152550869305
932.693097709263
932.633914427434
932.699074427434
934.139741711529
933.431935811628
933.744106782928
933.344213829099
933.872869685329
932.633914427434
933.996461313608
933.534496052025
935.216138610798
933.112351471766
933.032784930789
963.749121922873
934.781560632604
933.736347311177
949.264459265044
933.483965325029
963.814089271318
934.376882837397
949.484185110254
933.152550869305
934.195227595947
934.417522303326
932.633914427434
948.105269301340
933.152550869305
933.259828108711
934.987731648476
933.529305422461
934.579303293136
934.036064487513
932.633914427434
948.142782721823
948.533593429434
933.875983367856
933.225331437925
934.916866635401
948.913714118022
935.471891079645
934.083642075424
933.792495934629
932.633914427434
964.685288876228
933.542030409393
932.633914427434
934.081959528396
933.431705312536
933.613459429539
932.633914427434
933.103789869652
933.556612002223
932.633914427434
933.152550869305
948.964486022634
935.454813643741
934.264829457861
933.815568703006
933.651290293447
933.671187311177
932.928437666021
933.730370593007
934.167707802850
932.633914427434
948.940618735206
948.671187311177
934.165004463027
948.790044361497
948.344213829099
963.552680804914
948.152550869305
949.780044626009
932.633914427434
932.633914427434
933.130434919107
934.454164249448
936.229125130709
933.671187311177
949.569470883952
934.099683942234
934.791205734355
935.008893382985
934.440934501748
932.633914427434
933.915053187853
934.592074338684
950.291606765821
935.009212503695
932.633914427434
947.932174261602
934.069988802323
933.671187311177
933.644979802791
933.474057696457
933.832565924442
933.792061837373
949.376989191972
948.303842664000
932.699074427434
935.585427451904
933.529585799946
935.260847278726
933.862809892876
934.392160436501
934.278948326699
933.869291131562
949.033479866467
933.671187311177
933.651715372571
933.218762258434
949.664010042943