实验环境：
VeiNum = 5
Q_ant = 350
AntNum = 20 
iter_max = 500
抽取的客户节点编号为

Cus_select =

    10    76    88    50    59    78    65    24    20    42    61    27    18    60    69    94     6    66    85     7

各任务对应的的客户节点编号为

Task_Cus =

    10    76    88    50    59    78    65    24    20    42    61    27    18    60    69    94     6    66    85     7

cus
40	50
40	50
40	50
10	40
60	12
24	58
72	35
10	20
8	56
35	40
38	15
42	15
55	80
45	65
95	35
44	5
15	60
31	52
57	48
18	75
41	37
63	23
15	75

task
3	4	3	0	1
4	2	4	1	0
2	5	1	0	1
5	3	2	3	0
2	6	1	0	1
6	3	2	5	0
3	7	3	0	1
7	2	4	7	0
3	8	3	0	1
8	2	4	9	0
3	9	3	0	1
9	2	4	11	0
3	10	3	0	1
10	2	4	13	0
2	11	1	0	1
11	3	2	15	0
2	12	1	0	1
12	3	2	17	0
3	13	3	0	1
13	2	4	19	0
3	14	3	0	1
14	2	4	21	0
2	15	1	0	1
15	3	2	23	0
3	16	3	0	1
16	2	4	25	0
2	17	1	0	1
17	3	2	27	0
2	18	1	0	1
18	3	2	29	0
2	19	1	0	1
19	3	2	31	0
3	20	3	0	1
20	2	4	33	0
2	21	1	0	1
21	3	2	35	0
2	22	1	0	1
22	3	2	37	0
3	23	3	0	1
23	2	4	39	0

linktime
0	1.29056941504210	0.790569415042095	0	1.07354552767919	0	0.447213595499958	1.38352985235361	0.883529852353615	1.56066017177982	1.06066017177982	1.31394102980499	0.813941029804985	0.779508497187474	0.279508497187474	0	0.876427407147905	0	0.876427407147905	1.33852549156242	0.838525491562421	0.895284707521048	0.395284707521047	0	1.42521928137392	1.62943569980765	1.12943569980765	0	0.673145600891813	0	0.230488611432322	0	0.427931069215592	1.33254129026734	0.832541290267336	0	0.325960120260133	0	0.886707392548410	1.38388347648318	0.883883476483184
0.790569415042095	2.24780549675086	0	0.957236081708762	1.43265487818944	0.957236081708762	0.570087712549569	2.34076593406238	1.55503215400840	2.51789625348858	0.500000000000000	2.27117711151375	0.403112887414927	1.73674457889624	0.625000000000000	0.957236081708762	0.938416218956173	0.957236081708762	1.01519702521235	2.29576157327118	1.50519932234904	1.85252078922981	1.07529065838033	0.957236081708762	2.12867329574080	2.58667178151641	1.21988728987559	0.957236081708762	0.515388203202208	0.957236081708762	0.604669331122391	0.957236081708762	1.19189974410602	2.28977737197610	0.897566153550812	0.957236081708762	0.778620575119872	0.957236081708762	1.39149200500757	2.34111955819195	0.883883476483184
0	1.29056941504210	0.957236081708762	0	1.24021219434586	0	0.613880262166625	1.38352985235361	1.05019651902028	1.56066017177982	1.22732683844649	1.31394102980499	0.980607696471652	0.779508497187474	0.446175163854140	0	1.04309407381457	0	1.04309407381457	1.33852549156242	1.00519215822909	0.895284707521048	0.561951374187714	0	1.59188594804059	1.62943569980765	1.29610236647432	0	0.839812267558480	0	0.397155278098989	0	0.594597735882259	1.33254129026734	0.999207956934002	0	0.492626786926799	0	1.05337405921508	1.38388347648318	1.05055014314985
1.07354552767919	2.53078160938796	1.43265487818944	1.24021219434586	0	1.24021219434586	58.4123274660409	2.62374204669948	0.648556088553642	2.80087236612568	1.26589889011722	2.55415322415085	1.70293863659264	2.01972069153334	0.938416218956173	1.24021219434586	22.2036033111745	1.24021219434586	18.2482875908947	2.57873768590828	1.70458939337308	2.13549690186691	1.37704393539204	1.24021219434586	41.8807831827439	2.86964789415351	0.436606229914325	1.24021219434586	65.7951365983839	1.24021219434586	49.4064773081425	1.24021219434586	36.1247837363769	2.57275348461320	1.89291441961859	1.24021219434586	31.4006369362152	1.24021219434586	11.4017542509914	2.62409567082905	1.93552318508459
1.57354552767919	1.43265487818944	2.53078160938796	1.57354552767919	2.81375772202506	1.57354552767919	2.18742578984582	0.648556088553642	2.62374204669948	1.26589889011722	2.80087236612568	1.70293863659264	2.55415322415085	0.938416218956173	2.01972069153334	1.57354552767919	2.61663960149377	1.57354552767919	2.61663960149377	1.70458939337308	2.57873768590828	1.37704393539204	2.13549690186691	1.57354552767919	3.16543147571978	0.436606229914325	2.86964789415351	1.57354552767919	2.41335779523767	1.57354552767919	1.97070080577818	1.57354552767919	2.16814326356145	1.89291441961859	2.57275348461320	1.57354552767919	2.06617231460599	1.57354552767919	2.62691958689427	1.93552318508459	2.62409567082905
0.447213595499958	1.90444967720872	0.570087712549569	0.613880262166625	58.4123274660409	0.613880262166625	0	1.99741011452024	1.33064833821713	2.17454043394645	1.01242283656583	1.92782129197161	0.403112887414927	1.39338875935410	0.527375577743225	0.613880262166625	45.2216762183801	0.613880262166625	46.6154480832267	1.95240575372905	0.950328890437411	1.50916496968767	0.553398590529466	0.613880262166625	74.6324326281812	2.24331596197428	1.41620090382685	0.613880262166625	9.21954445729289	0.613880262166625	9.21954445729289	0.613880262166625	34.4818792991333	1.94642155243396	0.450693909432999	0.613880262166625	27.0185121722126	0.613880262166625	52.4022900262956	1.99776373864981	0.480884601541784
0.947213595499958	0.570087712549569	1.90444967720872	0.947213595499958	2.18742578984582	0.947213595499958	1.56109385766658	1.33064833821713	1.99741011452024	1.01242283656583	2.17454043394645	0.403112887414927	1.92782129197161	0.527375577743225	1.39338875935410	0.947213595499958	1.99030766931453	0.947213595499958	1.99030766931453	0.950328890437411	1.95240575372905	0.553398590529466	1.50916496968767	0.947213595499958	2.53909954354055	1.41620090382685	2.24331596197428	0.947213595499958	1.78702586305844	0.947213595499958	1.34436887359895	0.947213595499958	1.54181133138222	0.450693909432999	1.94642155243396	0.947213595499958	1.43984038242676	0.947213595499958	2.00058765471503	0.480884601541784	1.99776373864981
0.883529852353615	2.34076593406238	1.55503215400840	1.05019651902028	0.648556088553642	1.05019651902028	1.33064833821713	2.43372637137390	0	2.61085669080010	1.59471784338171	2.36413754882527	1.68393141190489	1.82970501620776	0.933407735129724	1.05019651902028	0.986154146165801	1.05019651902028	0.901387818865997	2.38872201058270	1.20260134708057	1.94548122654133	1.00902180353053	1.05019651902028	0.575000000000000	2.67963221882793	1.02591422643416	1.05019651902028	1.55603663195954	1.05019651902028	1.10961705105861	1.05019651902028	0.496235831031980	2.38273780928762	1.68002976164114	1.05019651902028	0.776611228350453	1.05019651902028	0.375000000000000	2.43407999550347	1.74086903585537
0	1.29056941504210	0.957236081708762	0	1.24021219434586	0	0.613880262166625	1.38352985235361	1.05019651902028	1.56066017177982	1.22732683844649	1.31394102980499	0.980607696471652	0.779508497187474	0.446175163854140	0	1.04309407381457	0	1.04309407381457	1.33852549156242	1.00519215822909	0.895284707521048	0.561951374187714	0	1.59188594804059	1.62943569980765	1.29610236647432	0	0.839812267558480	0	0.397155278098989	0	0.594597735882259	1.33254129026734	0.999207956934002	0	0.492626786926799	0	1.05337405921508	1.38388347648318	1.05055014314985
1.06066017177982	2.51789625348858	0.500000000000000	1.22732683844649	1.26589889011722	1.22732683844649	1.01242283656583	2.61085669080010	1.59471784338171	2.78798701022631	0	2.54126786825147	0.901387818865997	2.00683533563396	0.800390529679106	1.22732683844649	0.711073132666395	1.22732683844649	0.809706737035082	2.56585233000891	1.87500000000000	2.12261154596754	1.42521928137392	1.22732683844649	2.15783456270401	2.85676253825414	0.929045208803102	1.22732683844649	1.00778221853732	1.22732683844649	0.956882960450232	1.22732683844649	1.36770793665899	2.55986812871382	1.38946932315903	1.22732683844649	0.883883476483184	1.22732683844649	1.32712094399870	2.61121031492967	1.38067012714841
0	1.29056941504210	0.957236081708762	0	1.24021219434586	0	0.613880262166625	1.38352985235361	1.05019651902028	1.56066017177982	1.22732683844649	1.31394102980499	0.980607696471652	0.779508497187474	0.446175163854140	0	1.04309407381457	0	1.04309407381457	1.33852549156242	1.00519215822909	0.895284707521048	0.561951374187714	0	1.59188594804059	1.62943569980765	1.29610236647432	0	0.839812267558480	0	0.397155278098989	0	0.594597735882259	1.33254129026734	0.999207956934002	0	0.492626786926799	0	1.05337405921508	1.38388347648318	1.05055014314985
0.813941029804985	2.27117711151375	0.403112887414927	0.980607696471652	1.70293863659264	0.980607696471652	0.403112887414927	2.36413754882527	1.68393141190489	2.54126786825147	0.901387818865997	2.29454872627664	0	1.76011619365913	0.784617741323761	0.980607696471652	1.27008857958805	0.980607696471652	1.33158739855858	2.31913318803407	1.31932748019588	1.87589240399270	0.951971638232989	0.980607696471652	2.23746508352644	2.61004339627930	1.56064890350136	0.980607696471652	0.201556443707464	0.980607696471652	0.583630876496438	0.980607696471652	1.24121915873064	2.31314898673899	0.536772763839597	0.980607696471652	0.951971638232989	0.980607696471652	1.60351177108246	2.36449117295484	0.506211418282915
0	1.29056941504210	0.957236081708762	0	1.24021219434586	0	0.613880262166625	1.38352985235361	1.05019651902028	1.56066017177982	1.22732683844649	1.31394102980499	0.980607696471652	0.779508497187474	0.446175163854140	0	1.04309407381457	0	1.04309407381457	1.33852549156242	1.00519215822909	0.895284707521048	0.561951374187714	0	1.59188594804059	1.62943569980765	1.29610236647432	0	0.839812267558480	0	0.397155278098989	0	0.594597735882259	1.33254129026734	0.999207956934002	0	0.492626786926799	0	1.05337405921508	1.38388347648318	1.05055014314985
0.279508497187474	1.73674457889624	0.625000000000000	0.446175163854140	0.938416218956173	0.446175163854140	0.527375577743225	1.82970501620775	0.933407735129724	2.00683533563396	0.800390529679106	1.76011619365913	0.784617741323761	1.22568366104161	0	0.446175163854140	0.629483915600709	0.446175163854140	0.649037749287359	1.78470065541656	1.11803398874990	1.34145987137519	0.673145600891813	0.446175163854140	1.50519932234904	2.07561086366179	0.903465549979633	0.446175163854140	0.707106781186548	0.446175163854140	0.316227766016838	0.446175163854140	0.585234995535981	1.77871645412148	0.972753822917186	0.446175163854140	0.167705098312484	0.446175163854140	0.818916967707960	1.83005864033732	1.00778221853732
0	1.29056941504210	0.957236081708762	0	1.24021219434586	0	0.613880262166625	1.38352985235361	1.05019651902028	1.56066017177982	1.22732683844649	1.31394102980499	0.980607696471652	0.779508497187474	0.446175163854140	0	1.04309407381457	0	1.04309407381457	1.33852549156242	1.00519215822909	0.895284707521048	0.561951374187714	0	1.59188594804059	1.62943569980765	1.29610236647432	0	0.839812267558480	0	0.397155278098989	0	0.594597735882259	1.33254129026734	0.999207956934002	0	0.492626786926799	0	1.05337405921508	1.38388347648318	1.05055014314985
0.876427407147905	2.33366348885667	0.938416218956173	1.04309407381457	22.2036033111745	1.04309407381457	45.2216762183801	2.42662392616819	0.986154146165801	2.60375424559439	0.711073132666395	2.35703510361956	1.27008857958805	1.82260257100205	0.629483915600709	1.04309407381457	0	1.04309407381457	4	2.38161956537699	1.67965770322408	1.93837878133562	1.26219055613643	1.04309407381457	60.4069532421558	2.67252977362222	0.291547594742265	1.04309407381457	50.5371150739731	1.04309407381457	37.6563407675255	1.04309407381457	38.0788655293195	2.37563536408191	1.58113883008419	1.04309407381457	22.2036033111745	1.04309407381457	26.2488094968134	2.42697755029776	1.60643238264173
1.37642740714791	0.938416218956173	2.33366348885667	1.37642740714791	2.61663960149377	1.37642740714791	1.99030766931453	0.986154146165801	2.42662392616819	0.711073132666395	2.60375424559439	1.27008857958805	2.35703510361956	0.629483915600709	1.82260257100205	1.37642740714791	2.41952148096248	1.37642740714791	2.41952148096248	1.67965770322408	2.38161956537699	1.26219055613643	1.93837878133562	1.37642740714791	2.96831335518850	0.291547594742265	2.67252977362222	1.37642740714791	2.21623967470639	1.37642740714791	1.77358268524689	1.37642740714791	1.97102514303016	1.58113883008419	2.37563536408191	1.37642740714791	1.86905419407470	1.37642740714791	2.42980146636298	1.60643238264173	2.42697755029776
0.876427407147905	2.33366348885667	1.01519702521235	1.04309407381457	18.2482875908947	1.04309407381457	46.6154480832267	2.42662392616819	0.901387818865997	2.60375424559439	0.809706737035082	2.35703510361956	1.33158739855858	1.82260257100205	0.649037749287359	1.04309407381457	4	1.04309407381457	0	2.38161956537699	1.65718134191766	1.93837878133562	1.25224797863682	1.04309407381457	56.6480361530742	2.67252977362222	0.254950975679639	1.04309407381457	52.4785670536077	1.04309407381457	38.6005181312376	1.04309407381457	36.2491379207837	2.37563536408191	1.61554944214035	1.04309407381457	22.0227155455452	1.04309407381457	22.4722050542442	2.42697755029776	1.64487841495960
1.37642740714791	1.01519702521235	2.33366348885667	1.37642740714791	2.61663960149377	1.37642740714791	1.99030766931453	0.901387818865997	2.42662392616819	0.809706737035082	2.60375424559439	1.33158739855858	2.35703510361956	0.649037749287359	1.82260257100205	1.37642740714791	2.41952148096248	1.37642740714791	2.41952148096248	1.65718134191766	2.38161956537699	1.25224797863682	1.93837878133562	1.37642740714791	2.96831335518850	0.254950975679639	2.67252977362222	1.37642740714791	2.21623967470639	1.37642740714791	1.77358268524689	1.37642740714791	1.97102514303016	1.61554944214035	2.37563536408191	1.37642740714791	1.86905419407470	1.37642740714791	2.42980146636298	1.64487841495960	2.42697755029776
0.838525491562421	2.29576157327118	1.50519932234904	1.00519215822909	1.70458939337308	1.00519215822909	0.950328890437411	2.38872201058270	1.20260134708057	2.56585233000891	1.87500000000000	2.31913318803407	1.31932748019588	1.78470065541656	1.11803398874990	1.00519215822909	1.67965770322408	1.00519215822909	1.65718134191766	2.34371764979151	0	1.90047686575014	0.450693909432999	1.00519215822909	1.50519932234904	2.63462785803674	1.89505936582472	1.00519215822909	1.11803398874990	1.00519215822909	0.921954445729289	1.00519215822909	0.801560977094070	2.33773344849642	0.933407735129724	1.00519215822909	1.13054190545950	1.00519215822909	1.43896664311582	2.38907563471227	1.00778221853732
0	1.29056941504210	0.957236081708762	0	1.24021219434586	0	0.613880262166625	1.38352985235361	1.05019651902028	1.56066017177982	1.22732683844649	1.31394102980499	0.980607696471652	0.779508497187474	0.446175163854140	0	1.04309407381457	0	1.04309407381457	1.33852549156242	1.00519215822909	0.895284707521048	0.561951374187714	0	1.59188594804059	1.62943569980765	1.29610236647432	0	0.839812267558480	0	0.397155278098989	0	0.594597735882259	1.33254129026734	0.999207956934002	0	0.492626786926799	0	1.05337405921508	1.38388347648318	1.05055014314985
0.395284707521047	1.85252078922981	1.07529065838033	0.561951374187714	1.37704393539204	0.561951374187714	0.553398590529466	1.94548122654133	1.00902180353053	2.12261154596754	1.42521928137392	1.87589240399270	0.951971638232989	1.34145987137519	0.673145600891813	0.561951374187714	1.26219055613643	0.561951374187714	1.25224797863682	1.90047686575014	0.450693909432999	1.45723608170876	0	0.561951374187714	1.45773797371133	2.19138707399537	1.50020831886775	0.561951374187714	0.760345316287278	0.561951374187714	0.477624329363570	0.561951374187714	0.520216301167120	1.89449266445505	0.719809002444399	0.561951374187714	0.707106781186548	0.561951374187714	1.14236596587959	1.94583485067090	0.790569415042095
0	1.29056941504210	0.957236081708762	0	1.24021219434586	0	0.613880262166625	1.38352985235361	1.05019651902028	1.56066017177982	1.22732683844649	1.31394102980499	0.980607696471652	0.779508497187474	0.446175163854140	0	1.04309407381457	0	1.04309407381457	1.33852549156242	1.00519215822909	0.895284707521048	0.561951374187714	0	1.59188594804059	1.62943569980765	1.29610236647432	0	0.839812267558480	0	0.397155278098989	0	0.594597735882259	1.33254129026734	0.999207956934002	0	0.492626786926799	0	1.05337405921508	1.38388347648318	1.05055014314985
1.42521928137392	2.88245536308268	2.12867329574080	1.59188594804059	41.8807831827439	1.59188594804059	74.6324326281812	2.97541580039420	0.575000000000000	3.15254611982041	2.15783456270401	2.90582697784558	2.23746508352644	2.37139444522806	1.50519932234904	1.59188594804059	60.4069532421558	1.59188594804059	56.6480361530742	2.93041143960301	1.50519932234904	2.48717065556164	1.45773797371133	1.59188594804059	0	3.22132164784824	1.47923121924870	1.59188594804059	83.8152730712011	1.59188594804059	66.2193325245732	1.59188594804059	40.1621712560464	2.92442723830793	2.16924526045351	1.59188594804059	54.0370243444252	1.59188594804059	34.1760149812701	2.97576942452377	2.23606797749979
1.92521928137392	2.12867329574080	2.88245536308268	1.92521928137392	3.16543147571978	1.92521928137392	2.53909954354055	0.575000000000000	2.97541580039420	2.15783456270401	3.15254611982041	2.23746508352644	2.90582697784557	1.50519932234904	2.37139444522806	1.92521928137392	2.96831335518849	1.92521928137392	2.96831335518849	1.50519932234904	2.93041143960301	1.45773797371133	2.48717065556164	1.92521928137392	3.51710522941451	1.47923121924870	3.22132164784824	1.92521928137392	2.76503154893240	1.92521928137392	2.32237455947291	1.92521928137392	2.51981701725618	2.16924526045351	2.92442723830793	1.92521928137392	2.41784606830072	1.92521928137392	2.97859334058900	2.23606797749979	2.97576942452377
1.12943569980765	2.58667178151641	1.21988728987559	1.29610236647432	0.436606229914325	1.29610236647432	1.41620090382685	2.67963221882793	1.02591422643416	2.85676253825414	0.929045208803102	2.61004339627930	1.56064890350136	2.07561086366179	0.903465549979633	1.29610236647432	0.291547594742265	1.29610236647432	0.254950975679639	2.63462785803674	1.89505936582472	2.19138707399537	1.50020831886775	1.29610236647432	1.47923121924870	2.92553806628197	0	1.29610236647432	1.55442915567098	1.29610236647432	1.21911853402366	1.29610236647432	1.12305387226081	2.62864365674165	1.86681547025945	1.29610236647432	0.803507933999410	1.29610236647432	0.654312616415120	2.67998584295750	1.89423467395146
0	1.29056941504210	0.957236081708762	0	1.24021219434586	0	0.613880262166625	1.38352985235361	1.05019651902028	1.56066017177982	1.22732683844649	1.31394102980499	0.980607696471652	0.779508497187474	0.446175163854140	0	1.04309407381457	0	1.04309407381457	1.33852549156242	1.00519215822909	0.895284707521048	0.561951374187714	0	1.59188594804059	1.62943569980765	1.29610236647432	0	0.839812267558480	0	0.397155278098989	0	0.594597735882259	1.33254129026734	0.999207956934002	0	0.492626786926799	0	1.05337405921508	1.38388347648318	1.05055014314985
0.673145600891813	2.13038168260057	0.515388203202208	0.839812267558480	65.7951365983839	0.839812267558480	9.21954445729289	2.22334211991209	1.55603663195954	2.40047243933830	1.00778221853732	2.15375329736347	0.201556443707464	1.61932076474595	0.707106781186548	0.839812267558480	50.5371150739731	0.839812267558480	52.4785670536077	2.17833775912090	1.11803398874990	1.73509697507953	0.760345316287278	0.839812267558480	83.8152730712011	2.46924796736613	1.55442915567098	0.839812267558480	0	0.839812267558480	17.8885438199983	0.839812267558480	43.6806593356831	2.17235355782582	0.382426463519459	0.839812267558480	34.7131099154196	0.839812267558480	60.6052802980070	2.22369574404166	0.375000000000000
1.17314560089181	0.515388203202208	2.13038168260057	1.17314560089181	2.41335779523767	1.17314560089181	1.78702586305844	1.55603663195954	2.22334211991209	1.00778221853732	2.40047243933830	0.201556443707464	2.15375329736347	0.707106781186548	1.61932076474595	1.17314560089181	2.21623967470639	1.17314560089181	2.21623967470639	1.11803398874990	2.17833775912090	0.760345316287278	1.73509697507953	1.17314560089181	2.76503154893240	1.55442915567098	2.46924796736613	1.17314560089181	2.01295786845029	1.17314560089181	1.57030087899080	1.17314560089181	1.76774333677407	0.382426463519459	2.17235355782582	1.17314560089181	1.66577238781861	1.17314560089181	2.22651966010689	0.375000000000000	2.22369574404166
0.230488611432322	1.68772469314108	0.604669331122391	0.397155278098989	49.4064773081425	0.397155278098989	9.21954445729289	1.78068513045260	1.10961705105861	1.95781544987881	0.956882960450232	1.71109630790397	0.583630876496438	1.17666377528646	0.316227766016838	0.397155278098989	37.6563407675255	0.397155278098989	38.6005181312376	1.73568076966141	0.921954445729289	1.29243998562004	0.477624329363570	0.397155278098989	66.2193325245732	2.02659097790664	1.21911853402366	0.397155278098989	17.8885438199983	0.397155278098989	0	0.397155278098989	26.3058928759318	1.72969656836632	0.660492240681145	0.397155278098989	18.0277563773199	0.397155278098989	43.1856457633784	1.78103875458217	0.700446286306095
0.730488611432322	0.604669331122391	1.68772469314108	0.730488611432322	1.97070080577818	0.730488611432322	1.34436887359895	1.10961705105861	1.78068513045260	0.956882960450232	1.95781544987881	0.583630876496438	1.71109630790397	0.316227766016838	1.17666377528646	0.730488611432322	1.77358268524689	0.730488611432322	1.77358268524689	0.921954445729289	1.73568076966141	0.477624329363570	1.29243998562004	0.730488611432322	2.32237455947291	1.21911853402366	2.02659097790664	0.730488611432322	1.57030087899080	0.730488611432322	1.12764388953131	0.730488611432322	1.32508634731458	0.660492240681145	1.72969656836632	0.730488611432322	1.22311539835912	0.730488611432322	1.78386267064740	0.700446286306095	1.78103875458217
0.427931069215592	1.88516715092435	1.19189974410602	0.594597735882259	36.1247837363769	0.594597735882259	34.4818792991333	1.97812758823587	0.496235831031980	2.15525790766208	1.36770793665899	1.90853876568724	1.24121915873064	1.37410623306973	0.585234995535981	0.594597735882259	38.0788655293195	0.594597735882259	36.2491379207837	1.93312322744468	0.801560977094070	1.48988244340331	0.520216301167120	0.594597735882259	40.1621712560464	2.22403343568991	1.12305387226081	0.594597735882259	43.6806593356831	0.594597735882259	26.3058928759318	0.594597735882259	0	1.92713902614959	1.18585412256314	0.594597735882259	19.4164878389476	0.594597735882259	25.7099202643649	1.97848121236544	1.24824877328199
0.927931069215592	1.19189974410602	1.88516715092435	0.927931069215592	2.16814326356145	0.927931069215592	1.54181133138222	0.496235831031980	1.97812758823587	1.36770793665899	2.15525790766208	1.24121915873064	1.90853876568724	0.585234995535981	1.37410623306973	0.927931069215592	1.97102514303016	0.927931069215592	1.97102514303016	0.801560977094070	1.93312322744468	0.520216301167120	1.48988244340331	0.927931069215592	2.51981701725618	1.12305387226081	2.22403343568991	0.927931069215592	1.76774333677407	0.927931069215592	1.32508634731458	0.927931069215592	1.52252880509785	1.18585412256314	1.92713902614959	0.927931069215592	1.42055785614239	0.927931069215592	1.98130512843067	1.24824877328199	1.97848121236544
0.832541290267336	2.28977737197610	0.897566153550812	0.999207956934002	1.89291441961859	0.999207956934002	0.450693909432999	2.38273780928762	1.68002976164114	2.55986812871382	1.38946932315903	2.31314898673899	0.536772763839597	1.77871645412148	0.972753822917186	0.999207956934002	1.58113883008419	0.999207956934002	1.61554944214035	2.33773344849642	0.933407735129724	1.89449266445505	0.719809002444399	0.999207956934002	2.16924526045351	2.62864365674165	1.86681547025945	0.999207956934002	0.382426463519459	0.999207956934002	0.660492240681145	0.999207956934002	1.18585412256314	2.33174924720134	0	0.999207956934002	1.11046161572564	0.999207956934002	1.71919312469542	2.38309143341719	0.0750000000000000
0	1.29056941504210	0.957236081708762	0	1.24021219434586	0	0.613880262166625	1.38352985235361	1.05019651902028	1.56066017177982	1.22732683844649	1.31394102980499	0.980607696471652	0.779508497187474	0.446175163854140	0	1.04309407381457	0	1.04309407381457	1.33852549156242	1.00519215822909	0.895284707521048	0.561951374187714	0	1.59188594804059	1.62943569980765	1.29610236647432	0	0.839812267558480	0	0.397155278098989	0	0.594597735882259	1.33254129026734	0.999207956934002	0	0.492626786926799	0	1.05337405921508	1.38388347648318	1.05055014314985
0.325960120260133	1.78319620196889	0.778620575119872	0.492626786926799	31.4006369362152	0.492626786926799	27.0185121722126	1.87615663928041	0.776611228350453	2.05328695870662	0.883883476483184	1.80656781673178	0.951971638232989	1.27213528411427	0.167705098312484	0.492626786926799	22.2036033111745	0.492626786926799	22.0227155455452	1.83115227848922	1.13054190545950	1.38791149444785	0.707106781186548	0.492626786926799	54.0370243444252	2.12206248673445	0.803507933999410	0.492626786926799	34.7131099154196	0.492626786926799	18.0277563773199	0.492626786926799	19.4164878389476	1.82516807719413	1.11046161572564	0.492626786926799	0	0.492626786926799	26.0768096208106	1.87651026340998	1.15108644332213
0.825960120260133	0.778620575119872	1.78319620196889	0.825960120260133	2.06617231460599	0.825960120260133	1.43984038242676	0.776611228350453	1.87615663928041	0.883883476483184	2.05328695870662	0.951971638232989	1.80656781673178	0.167705098312484	1.27213528411427	0.825960120260133	1.86905419407470	0.825960120260133	1.86905419407470	1.13054190545950	1.83115227848922	0.707106781186548	1.38791149444785	0.825960120260133	2.41784606830072	0.803507933999410	2.12206248673445	0.825960120260133	1.66577238781861	0.825960120260133	1.22311539835912	0.825960120260133	1.42055785614239	1.11046161572564	1.82516807719413	0.825960120260133	1.31858690718693	0.825960120260133	1.87933417947521	1.15108644332213	1.87651026340998
0.886707392548410	2.34394347425717	1.39149200500757	1.05337405921508	11.4017542509914	1.05337405921508	52.4022900262956	2.43690391156869	0.375000000000000	2.61403423099490	1.32712094399870	2.36731508902006	1.60351177108246	1.83288255640255	0.818916967707960	1.05337405921508	26.2488094968134	1.05337405921508	22.4722050542442	2.39189955077750	1.43896664311582	1.94865876673612	1.14236596587959	1.05337405921508	34.1760149812701	2.68280975902273	0.654312616415120	1.05337405921508	60.6052802980070	1.05337405921508	43.1856457633784	1.05337405921508	25.7099202643649	2.38591534948241	1.71919312469542	1.05337405921508	26.0768096208106	1.05337405921508	0	2.43725753569826	1.76918060129541
1.38670739254841	1.39149200500757	2.34394347425717	1.38670739254841	2.62691958689427	1.38670739254841	2.00058765471504	0.375000000000000	2.43690391156869	1.32712094399870	2.61403423099490	1.60351177108246	2.36731508902006	0.818916967707960	1.83288255640255	1.38670739254841	2.42980146636298	1.38670739254841	2.42980146636298	1.43896664311582	2.39189955077750	1.14236596587959	1.94865876673612	1.38670739254841	2.97859334058900	0.654312616415120	2.68280975902273	1.38670739254841	2.22651966010689	1.38670739254841	1.78386267064740	1.38670739254841	1.98130512843067	1.71919312469542	2.38591534948241	1.38670739254841	1.87933417947521	1.38670739254841	2.44008145176349	1.76918060129541	2.43725753569826
0.883883476483184	2.34111955819195	0.883883476483184	1.05055014314985	1.93552318508459	1.05055014314985	0.480884601541784	2.43407999550347	1.74086903585537	2.61121031492967	1.38067012714841	2.36449117295484	0.506211418282915	1.83005864033733	1.00778221853732	1.05055014314985	1.60643238264173	1.05055014314985	1.64487841495960	2.38907563471227	1.00778221853732	1.94583485067090	0.790569415042095	1.05055014314985	2.23606797749979	2.67998584295750	1.89423467395146	1.05055014314985	0.375000000000000	1.05055014314985	0.700446286306095	1.05055014314985	1.24824877328199	2.38309143341719	0.0750000000000000	1.05055014314985	1.15108644332213	1.05055014314985	1.76918060129541	2.43443361963304	0
0	1.29056941504210	0.957236081708762	0	1.24021219434586	0	0.613880262166625	1.38352985235361	1.05019651902028	1.56066017177982	1.22732683844649	1.31394102980499	0.980607696471652	0.779508497187474	0.446175163854140	0	1.04309407381457	0	1.04309407381457	1.33852549156242	1.00519215822909	0.895284707521048	0.561951374187714	0	1.59188594804059	1.62943569980765	1.29610236647432	0	0.839812267558480	0	0.397155278098989	0	0.594597735882259	1.33254129026734	0.999207956934002	0	0.492626786926799	0	1.05337405921508	1.38388347648318	1.05055014314985


tasktime
0
0.166666666666667
1.45723608170876
1.74021219434586
0.166666666666667
1.11388026216662
0.166666666666667
0.166666666666667
1.55019651902028
0.166666666666667
1.72732683844649
0.166666666666667
1.48060769647165
0.166666666666667
0.946175163854140
1.54309407381457
0.166666666666667
1.54309407381457
0.166666666666667
0.166666666666667
1.50519215822909
0.166666666666667
1.06195137418771
2.09188594804059
0.166666666666667
0.166666666666667
1.79610236647432
1.33981226755848
0.166666666666667
0.897155278098989
0.166666666666667
1.09459773588226
0.166666666666667
0.166666666666667
1.49920795693400
0.992626786926799
0.166666666666667
1.55337405921508
0.166666666666667
0.166666666666667
1.55055014314985


1
4	2	4	0	0
2	5	1	0	1
2	6	1	0	1
7	2	4	0	0
8	2	4	0	0
9	2	4	0	0
10	2	4	0	0
2	11	1	0	1
2	12	1	0	1
13	2	4	0	0
14	2	4	0	0
2	15	1	0	1
16	2	4	0	0
2	17	1	0	1
2	18	1	0	1
2	19	1	0	1
20	2	4	0	0
2	21	1	0	1
2	22	1	0	1
23	2	4	0	0


2
3	4	3	0	1
5	3	2	0	0
6	3	2	0	0
3	7	3	0	1
3	8	3	0	1
3	9	3	0	1
3	10	3	0	1
11	3	2	0	0
12	3	2	0	0
3	13	3	0	1
3	14	3	0	1
15	3	2	0	0
3	16	3	0	1
17	3	2	0	0
18	3	2	0	0
19	3	2	0	0
3	20	3	0	1
21	3	2	0	0
22	3	2	0	0
3	23	3	0	1


linktime1
0	0.790569415042095	0	0	0.883529852353615	1.06066017177982	0.813941029804985	0.279508497187474	0	0	0.838525491562421	0.395284707521047	0	1.12943569980765	0	0	0	0.832541290267336	0	0	0.883883476483184
0	0.957236081708762	0	0	1.05019651902028	1.22732683844649	0.980607696471652	0.446175163854140	0	0	1.00519215822909	0.561951374187714	0	1.29610236647432	0	0	0	0.999207956934002	0	0	1.05055014314985
1.07354552767919	1.43265487818944	1.24021219434586	1.24021219434586	0.648556088553642	1.26589889011722	1.70293863659264	0.938416218956173	1.24021219434586	1.24021219434586	1.70458939337308	1.37704393539204	1.24021219434586	0.436606229914325	1.24021219434586	1.24021219434586	1.24021219434586	1.89291441961859	1.24021219434586	1.24021219434586	1.93552318508459
0.447213595499958	0.570087712549569	0.613880262166625	0.613880262166625	1.33064833821713	1.01242283656583	0.403112887414927	0.527375577743225	0.613880262166625	0.613880262166625	0.950328890437411	0.553398590529466	0.613880262166625	1.41620090382685	0.613880262166625	0.613880262166625	0.613880262166625	0.450693909432999	0.613880262166625	0.613880262166625	0.480884601541784
0	0.957236081708762	0	0	1.05019651902028	1.22732683844649	0.980607696471652	0.446175163854140	0	0	1.00519215822909	0.561951374187714	0	1.29610236647432	0	0	0	0.999207956934002	0	0	1.05055014314985
0	0.957236081708762	0	0	1.05019651902028	1.22732683844649	0.980607696471652	0.446175163854140	0	0	1.00519215822909	0.561951374187714	0	1.29610236647432	0	0	0	0.999207956934002	0	0	1.05055014314985
0	0.957236081708762	0	0	1.05019651902028	1.22732683844649	0.980607696471652	0.446175163854140	0	0	1.00519215822909	0.561951374187714	0	1.29610236647432	0	0	0	0.999207956934002	0	0	1.05055014314985
0	0.957236081708762	0	0	1.05019651902028	1.22732683844649	0.980607696471652	0.446175163854140	0	0	1.00519215822909	0.561951374187714	0	1.29610236647432	0	0	0	0.999207956934002	0	0	1.05055014314985
0.876427407147905	0.938416218956173	1.04309407381457	1.04309407381457	0.986154146165801	0.711073132666395	1.27008857958805	0.629483915600709	1.04309407381457	1.04309407381457	1.67965770322408	1.26219055613643	1.04309407381457	0.291547594742265	1.04309407381457	1.04309407381457	1.04309407381457	1.58113883008419	1.04309407381457	1.04309407381457	1.60643238264173
0.876427407147905	1.01519702521235	1.04309407381457	1.04309407381457	0.901387818865997	0.809706737035082	1.33158739855858	0.649037749287359	1.04309407381457	1.04309407381457	1.65718134191766	1.25224797863682	1.04309407381457	0.254950975679639	1.04309407381457	1.04309407381457	1.04309407381457	1.61554944214035	1.04309407381457	1.04309407381457	1.64487841495960
0	0.957236081708762	0	0	1.05019651902028	1.22732683844649	0.980607696471652	0.446175163854140	0	0	1.00519215822909	0.561951374187714	0	1.29610236647432	0	0	0	0.999207956934002	0	0	1.05055014314985
0	0.957236081708762	0	0	1.05019651902028	1.22732683844649	0.980607696471652	0.446175163854140	0	0	1.00519215822909	0.561951374187714	0	1.29610236647432	0	0	0	0.999207956934002	0	0	1.05055014314985
1.42521928137392	2.12867329574080	1.59188594804059	1.59188594804059	0.575000000000000	2.15783456270401	2.23746508352644	1.50519932234904	1.59188594804059	1.59188594804059	1.50519932234904	1.45773797371133	1.59188594804059	1.47923121924870	1.59188594804059	1.59188594804059	1.59188594804059	2.16924526045351	1.59188594804059	1.59188594804059	2.23606797749979
0	0.957236081708762	0	0	1.05019651902028	1.22732683844649	0.980607696471652	0.446175163854140	0	0	1.00519215822909	0.561951374187714	0	1.29610236647432	0	0	0	0.999207956934002	0	0	1.05055014314985
0.673145600891813	0.515388203202208	0.839812267558480	0.839812267558480	1.55603663195954	1.00778221853732	0.201556443707464	0.707106781186548	0.839812267558480	0.839812267558480	1.11803398874990	0.760345316287278	0.839812267558480	1.55442915567098	0.839812267558480	0.839812267558480	0.839812267558480	0.382426463519459	0.839812267558480	0.839812267558480	0.375000000000000
0.230488611432322	0.604669331122391	0.397155278098989	0.397155278098989	1.10961705105861	0.956882960450232	0.583630876496438	0.316227766016838	0.397155278098989	0.397155278098989	0.921954445729289	0.477624329363570	0.397155278098989	1.21911853402366	0.397155278098989	0.397155278098989	0.397155278098989	0.660492240681145	0.397155278098989	0.397155278098989	0.700446286306095
0.427931069215592	1.19189974410602	0.594597735882259	0.594597735882259	0.496235831031980	1.36770793665899	1.24121915873064	0.585234995535981	0.594597735882259	0.594597735882259	0.801560977094070	0.520216301167120	0.594597735882259	1.12305387226081	0.594597735882259	0.594597735882259	0.594597735882259	1.18585412256314	0.594597735882259	0.594597735882259	1.24824877328199
0	0.957236081708762	0	0	1.05019651902028	1.22732683844649	0.980607696471652	0.446175163854140	0	0	1.00519215822909	0.561951374187714	0	1.29610236647432	0	0	0	0.999207956934002	0	0	1.05055014314985
0.325960120260133	0.778620575119872	0.492626786926799	0.492626786926799	0.776611228350453	0.883883476483184	0.951971638232989	0.167705098312484	0.492626786926799	0.492626786926799	1.13054190545950	0.707106781186548	0.492626786926799	0.803507933999410	0.492626786926799	0.492626786926799	0.492626786926799	1.11046161572564	0.492626786926799	0.492626786926799	1.15108644332213
0.886707392548410	1.39149200500757	1.05337405921508	1.05337405921508	0.375000000000000	1.32712094399870	1.60351177108246	0.818916967707960	1.05337405921508	1.05337405921508	1.43896664311582	1.14236596587959	1.05337405921508	0.654312616415120	1.05337405921508	1.05337405921508	1.05337405921508	1.71919312469542	1.05337405921508	1.05337405921508	1.76918060129541
0	0.957236081708762	0	0	1.05019651902028	1.22732683844649	0.980607696471652	0.446175163854140	0	0	1.00519215822909	0.561951374187714	0	1.29610236647432	0	0	0	0.999207956934002	0	0	1.05055014314985

tasktime1
0
1.45723608170876
1.74021219434586
1.11388026216662
1.55019651902028
1.72732683844649
1.48060769647165
0.946175163854140
1.54309407381457
1.54309407381457
1.50519215822909
1.06195137418771
2.09188594804059
1.79610236647432
1.33981226755848
0.897155278098989
1.09459773588226
1.49920795693400
0.992626786926799
1.55337405921508
1.55055014314985

linktime2
0	1.29056941504210	1.07354552767919	0.447213595499958	1.38352985235361	1.56066017177982	1.31394102980499	0.779508497187474	0.876427407147905	0.876427407147905	1.33852549156242	0.895284707521048	1.42521928137392	1.62943569980765	0.673145600891813	0.230488611432322	0.427931069215592	1.33254129026734	0.325960120260133	0.886707392548410	1.38388347648318
0.790569415042095	2.24780549675086	1.43265487818944	0.570087712549569	2.34076593406238	2.51789625348858	2.27117711151375	1.73674457889624	0.938416218956173	1.01519702521235	2.29576157327118	1.85252078922981	2.12867329574080	2.58667178151641	0.515388203202208	0.604669331122391	1.19189974410602	2.28977737197610	0.778620575119872	1.39149200500757	2.34111955819195
1.57354552767919	1.43265487818944	2.81375772202506	2.18742578984582	0.648556088553642	1.26589889011722	1.70293863659264	0.938416218956173	2.61663960149377	2.61663960149377	1.70458939337308	1.37704393539204	3.16543147571978	0.436606229914325	2.41335779523767	1.97070080577818	2.16814326356145	1.89291441961859	2.06617231460599	2.62691958689427	1.93552318508459
0.947213595499958	0.570087712549569	2.18742578984582	1.56109385766658	1.33064833821713	1.01242283656583	0.403112887414927	0.527375577743225	1.99030766931453	1.99030766931453	0.950328890437411	0.553398590529466	2.53909954354055	1.41620090382685	1.78702586305844	1.34436887359895	1.54181133138222	0.450693909432999	1.43984038242676	2.00058765471503	0.480884601541784
0.883529852353615	2.34076593406238	0.648556088553642	1.33064833821713	2.43372637137390	2.61085669080010	2.36413754882527	1.82970501620776	0.986154146165801	0.901387818865997	2.38872201058270	1.94548122654133	0.575000000000000	2.67963221882793	1.55603663195954	1.10961705105861	0.496235831031980	2.38273780928762	0.776611228350453	0.375000000000000	2.43407999550347
1.06066017177982	2.51789625348858	1.26589889011722	1.01242283656583	2.61085669080010	2.78798701022631	2.54126786825147	2.00683533563396	0.711073132666395	0.809706737035082	2.56585233000891	2.12261154596754	2.15783456270401	2.85676253825414	1.00778221853732	0.956882960450232	1.36770793665899	2.55986812871382	0.883883476483184	1.32712094399870	2.61121031492967
0.813941029804985	2.27117711151375	1.70293863659264	0.403112887414927	2.36413754882527	2.54126786825147	2.29454872627664	1.76011619365913	1.27008857958805	1.33158739855858	2.31913318803407	1.87589240399270	2.23746508352644	2.61004339627930	0.201556443707464	0.583630876496438	1.24121915873064	2.31314898673899	0.951971638232989	1.60351177108246	2.36449117295484
0.279508497187474	1.73674457889624	0.938416218956173	0.527375577743225	1.82970501620775	2.00683533563396	1.76011619365913	1.22568366104161	0.629483915600709	0.649037749287359	1.78470065541656	1.34145987137519	1.50519932234904	2.07561086366179	0.707106781186548	0.316227766016838	0.585234995535981	1.77871645412148	0.167705098312484	0.818916967707960	1.83005864033732
1.37642740714791	0.938416218956173	2.61663960149377	1.99030766931453	0.986154146165801	0.711073132666395	1.27008857958805	0.629483915600709	2.41952148096248	2.41952148096248	1.67965770322408	1.26219055613643	2.96831335518850	0.291547594742265	2.21623967470639	1.77358268524689	1.97102514303016	1.58113883008419	1.86905419407470	2.42980146636298	1.60643238264173
1.37642740714791	1.01519702521235	2.61663960149377	1.99030766931453	0.901387818865997	0.809706737035082	1.33158739855858	0.649037749287359	2.41952148096248	2.41952148096248	1.65718134191766	1.25224797863682	2.96831335518850	0.254950975679639	2.21623967470639	1.77358268524689	1.97102514303016	1.61554944214035	1.86905419407470	2.42980146636298	1.64487841495960
0.838525491562421	2.29576157327118	1.70458939337308	0.950328890437411	2.38872201058270	2.56585233000891	2.31913318803407	1.78470065541656	1.67965770322408	1.65718134191766	2.34371764979151	1.90047686575014	1.50519932234904	2.63462785803674	1.11803398874990	0.921954445729289	0.801560977094070	2.33773344849642	1.13054190545950	1.43896664311582	2.38907563471227
0.395284707521047	1.85252078922981	1.37704393539204	0.553398590529466	1.94548122654133	2.12261154596754	1.87589240399270	1.34145987137519	1.26219055613643	1.25224797863682	1.90047686575014	1.45723608170876	1.45773797371133	2.19138707399537	0.760345316287278	0.477624329363570	0.520216301167120	1.89449266445505	0.707106781186548	1.14236596587959	1.94583485067090
1.92521928137392	2.12867329574080	3.16543147571978	2.53909954354055	0.575000000000000	2.15783456270401	2.23746508352644	1.50519932234904	2.96831335518849	2.96831335518849	1.50519932234904	1.45773797371133	3.51710522941451	1.47923121924870	2.76503154893240	2.32237455947291	2.51981701725618	2.16924526045351	2.41784606830072	2.97859334058900	2.23606797749979
1.12943569980765	2.58667178151641	0.436606229914325	1.41620090382685	2.67963221882793	2.85676253825414	2.61004339627930	2.07561086366179	0.291547594742265	0.254950975679639	2.63462785803674	2.19138707399537	1.47923121924870	2.92553806628197	1.55442915567098	1.21911853402366	1.12305387226081	2.62864365674165	0.803507933999410	0.654312616415120	2.67998584295750
1.17314560089181	0.515388203202208	2.41335779523767	1.78702586305844	1.55603663195954	1.00778221853732	0.201556443707464	0.707106781186548	2.21623967470639	2.21623967470639	1.11803398874990	0.760345316287278	2.76503154893240	1.55442915567098	2.01295786845029	1.57030087899080	1.76774333677407	0.382426463519459	1.66577238781861	2.22651966010689	0.375000000000000
0.730488611432322	0.604669331122391	1.97070080577818	1.34436887359895	1.10961705105861	0.956882960450232	0.583630876496438	0.316227766016838	1.77358268524689	1.77358268524689	0.921954445729289	0.477624329363570	2.32237455947291	1.21911853402366	1.57030087899080	1.12764388953131	1.32508634731458	0.660492240681145	1.22311539835912	1.78386267064740	0.700446286306095
0.927931069215592	1.19189974410602	2.16814326356145	1.54181133138222	0.496235831031980	1.36770793665899	1.24121915873064	0.585234995535981	1.97102514303016	1.97102514303016	0.801560977094070	0.520216301167120	2.51981701725618	1.12305387226081	1.76774333677407	1.32508634731458	1.52252880509785	1.18585412256314	1.42055785614239	1.98130512843067	1.24824877328199
0.832541290267336	2.28977737197610	1.89291441961859	0.450693909432999	2.38273780928762	2.55986812871382	2.31314898673899	1.77871645412148	1.58113883008419	1.61554944214035	2.33773344849642	1.89449266445505	2.16924526045351	2.62864365674165	0.382426463519459	0.660492240681145	1.18585412256314	2.33174924720134	1.11046161572564	1.71919312469542	2.38309143341719
0.825960120260133	0.778620575119872	2.06617231460599	1.43984038242676	0.776611228350453	0.883883476483184	0.951971638232989	0.167705098312484	1.86905419407470	1.86905419407470	1.13054190545950	0.707106781186548	2.41784606830072	0.803507933999410	1.66577238781861	1.22311539835912	1.42055785614239	1.11046161572564	1.31858690718693	1.87933417947521	1.15108644332213
1.38670739254841	1.39149200500757	2.62691958689427	2.00058765471504	0.375000000000000	1.32712094399870	1.60351177108246	0.818916967707960	2.42980146636298	2.42980146636298	1.43896664311582	1.14236596587959	2.97859334058900	0.654312616415120	2.22651966010689	1.78386267064740	1.98130512843067	1.71919312469542	1.87933417947521	2.44008145176349	1.76918060129541
0.883883476483184	2.34111955819195	1.93552318508459	0.480884601541784	2.43407999550347	2.61121031492967	2.36449117295484	1.83005864033733	1.60643238264173	1.64487841495960	2.38907563471227	1.94583485067090	2.23606797749979	2.67998584295750	0.375000000000000	0.700446286306095	1.24824877328199	2.38309143341719	1.15108644332213	1.76918060129541	2.43443361963304

tasktime2
0
0.166666666666667
0.166666666666667
0.166666666666667
0.166666666666667
0.166666666666667
0.166666666666667
0.166666666666667
0.166666666666667
0.166666666666667
0.166666666666667
0.166666666666667
0.166666666666667
0.166666666666667
0.166666666666667
0.166666666666667
0.166666666666667
0.166666666666667
0.166666666666667
0.166666666666667
0.166666666666667