最优解为:320.2347
最优解路径:

Best_route =

     1     3     4     2     0
     0     0     0     0     0

本次运算用时:1.084秒
算法在第1代时收敛

best
320.234728130854
320.234728130854
320.234728130854
320.234728130854
320.234728130854
320.234728130854
320.234728130854
320.234728130854
320.234728130854
320.234728130854
320.234728130854
320.234728130854
320.234728130854
320.234728130854
320.234728130854
320.234728130854
320.234728130854
320.234728130854
320.234728130854
320.234728130854
320.234728130854
320.234728130854
320.234728130854
320.234728130854
320.234728130854
320.234728130854
320.234728130854
320.234728130854
320.234728130854
320.234728130854
320.234728130854
320.234728130854
320.234728130854
320.234728130854
320.234728130854
320.234728130854
320.234728130854
320.234728130854
320.234728130854
320.234728130854
320.234728130854
320.234728130854
320.234728130854
320.234728130854
320.234728130854
320.234728130854
320.234728130854
320.234728130854
320.234728130854
320.234728130854
320.234728130854
320.234728130854
320.234728130854
320.234728130854
320.234728130854
320.234728130854
320.234728130854
320.234728130854
320.234728130854
320.234728130854
320.234728130854
320.234728130854
320.234728130854
320.234728130854
320.234728130854
320.234728130854
320.234728130854
320.234728130854
320.234728130854
320.234728130854
320.234728130854
320.234728130854
320.234728130854
320.234728130854
320.234728130854
320.234728130854
320.234728130854
320.234728130854
320.234728130854
320.234728130854
320.234728130854
320.234728130854
320.234728130854
320.234728130854
320.234728130854
320.234728130854
320.234728130854
320.234728130854
320.234728130854
320.234728130854
320.234728130854
320.234728130854
320.234728130854
320.234728130854
320.234728130854
320.234728130854
320.234728130854
320.234728130854
320.234728130854
320.234728130854

ave
324.953238794594
324.214545600445
336.739780832078
323.431243627413
358.169319309816
323.095159340126
335.530120573095
320.718827183121
334.578245194385
321.890479535633
345.862228168187
345.455597282106
323.035471777094
345.710599501480
320.694408420746
321.771670810468
332.630611948785
321.058162865865
346.382925211789
346.350484550973
344.418077159632
320.960093776043
321.163911810245
320.386936728291
332.478611242680
332.478403351349
320.234728130854
321.208336862323
320.345358282464
320.234728130854
320.234728130854
320.234728130854
320.234728130854
320.234728130854
320.234728130854
333.407115744080
332.326402645243
320.234728130854
320.593601368744
320.234728130854
320.593601368744
320.234728130854
320.542199823309
320.234728130854
320.234728130854
320.234728130854
320.234728130854
320.234728130854
320.234728130854
332.350196778169
320.234728130854
332.171139550225
320.234728130854
320.234728130854
320.593601368744
332.350196778169
320.234728130854
320.234728130854
320.234728130854
320.234728130854
332.326402645243
320.234728130854
332.350196778169
320.234728130854
320.234728130854
332.171139550224
320.234728130854
320.234728130854
320.234728130854
320.234728130854
320.234728130854
320.234728130854
320.234728130854
320.234728130854
320.234728130854
320.234728130854
320.234728130854
332.171139550224
320.234728130854
320.234728130854
320.234728130854
320.234728130854
320.234728130854
320.234728130854
320.234728130854
320.234728130854
320.234728130854
320.234728130854
320.234728130854
320.234728130854
320.234728130854
320.234728130854
320.234728130854
320.234728130854
320.234728130854
320.234728130854
332.326402645243
320.234728130854
320.541991931978
320.234728130854