最优解为:309.0323
最优解路径:

Best_route =

     0     0     0     0     0
     3     4     2     1     0

本次运算用时:1.05秒
算法在第2代时收敛

best
309.627182603256
309.032329280110
309.032329280110
309.032329280110
309.032329280110
309.032329280110
309.032329280110
309.032329280110
309.032329280110
309.032329280110
309.032329280110
309.032329280110
309.032329280110
309.032329280110
309.032329280110
309.032329280110
309.032329280110
309.032329280110
309.032329280110
309.032329280110
309.032329280110
309.032329280110
309.032329280110
309.032329280110
309.032329280110
309.032329280110
309.032329280110
309.032329280110
309.032329280110
309.032329280110
309.032329280110
309.032329280110
309.032329280110
309.032329280110
309.032329280110
309.032329280110
309.032329280110
309.032329280110
309.032329280110
309.032329280110
309.032329280110
309.032329280110
309.032329280110
309.032329280110
309.032329280110
309.032329280110
309.032329280110
309.032329280110
309.032329280110
309.032329280110
309.032329280110
309.032329280110
309.032329280110
309.032329280110
309.032329280110
309.032329280110
309.032329280110
309.032329280110
309.032329280110
309.032329280110
309.032329280110
309.032329280110
309.032329280110
309.032329280110
309.032329280110
309.032329280110
309.032329280110
309.032329280110
309.032329280110
309.032329280110
309.032329280110
309.032329280110
309.032329280110
309.032329280110
309.032329280110
309.032329280110
309.032329280110
309.032329280110
309.032329280110
309.032329280110
309.032329280110
309.032329280110
309.032329280110
309.032329280110
309.032329280110
309.032329280110
309.032329280110
309.032329280110
309.032329280110
309.032329280110
309.032329280110
309.032329280110
309.032329280110
309.032329280110
309.032329280110
309.032329280110
309.032329280110
309.032329280110
309.032329280110
309.032329280110

ave
313.482740434595
311.266626989227
326.573182183569
313.268265879743
311.744765013758
324.062881579981
311.545459472977
310.759136574739
322.545927927425
311.245765142041
310.793498585668
310.522254992989
323.845204235285
310.667583258841
309.968782133978
321.478473110343
310.024856995311
309.386330786436
309.392695543640
309.810586078744
310.086168001052
321.930136648367
309.157208517184
310.114756648367
309.339198705344
309.401182139121
309.977268729460
321.450219815214
309.032329280110
322.056465295682
309.070974765721
309.094768898647
309.070974765721
309.394144953881
309.323891167900
309.394144953881
309.032329280110
309.032329280110
309.032329280110
321.367331167899
309.394144953881
309.323891167900
309.032329280110
309.032329280110
309.032329280110
309.323891167900
309.032329280110
309.032329280110
309.032329280110
321.032329280110
309.032329280110
309.032329280110
309.032329280110
309.032329280110
309.032329280110
309.032329280110
309.032329280110
321.017477927425
309.032329280110
309.032329280110
309.032329280110
309.032329280110
309.032329280110
309.032329280110
309.032329280110
309.032329280110
309.032329280110
309.032329280110
309.032329280110
309.032329280110
309.032329280110
309.032329280110
309.032329280110
309.394144953881
309.032329280110
309.032329280110
309.032329280110
309.032329280110
309.032329280110
321.032329280110
309.032329280110
309.032329280110
321.032329280110
309.032329280110
309.032329280110
309.032329280110
309.032329280110
309.032329280110
309.032329280110
309.032329280110
309.032329280110
309.032329280110
309.032329280110
309.032329280110
309.032329280110
309.032329280110
309.032329280110
309.032329280110
309.032329280110
309.032329280110