最优解为:333.273
最优解路径:

Best_route =

     5     3     4     1     6     2     0
     0     0     0     0     0     0     0

本次运算用时:2.906秒
算法在第2代时收敛

best
334.121331996705
333.273040837016
333.273040837016
333.273040837016
333.273040837016
333.273040837016
333.273040837016
333.273040837016
333.273040837016
333.273040837016
333.273040837016
333.273040837016
333.273040837016
333.273040837016
333.273040837016
333.273040837016
333.273040837016
333.273040837016
333.273040837016
333.273040837016
333.273040837016
333.273040837016
333.273040837016
333.273040837016
333.273040837016
333.273040837016
333.273040837016
333.273040837016
333.273040837016
333.273040837016
333.273040837016
333.273040837016
333.273040837016
333.273040837016
333.273040837016
333.273040837016
333.273040837016
333.273040837016
333.273040837016
333.273040837016
333.273040837016
333.273040837016
333.273040837016
333.273040837016
333.273040837016
333.273040837016
333.273040837016
333.273040837016
333.273040837016
333.273040837016
333.273040837016
333.273040837016
333.273040837016
333.273040837016
333.273040837016
333.273040837016
333.273040837016
333.273040837016
333.273040837016
333.273040837016
333.273040837016
333.273040837016
333.273040837016
333.273040837016
333.273040837016
333.273040837016
333.273040837016
333.273040837016
333.273040837016
333.273040837016
333.273040837016
333.273040837016
333.273040837016
333.273040837016
333.273040837016
333.273040837016
333.273040837016
333.273040837016
333.273040837016
333.273040837016
333.273040837016
333.273040837016
333.273040837016
333.273040837016
333.273040837016
333.273040837016
333.273040837016
333.273040837016
333.273040837016
333.273040837016
333.273040837016
333.273040837016
333.273040837016
333.273040837016
333.273040837016
333.273040837016
333.273040837016
333.273040837016
333.273040837016
333.273040837016
333.273040837016
333.273040837016
333.273040837016
333.273040837016
333.273040837016
333.273040837016
333.273040837016
333.273040837016
333.273040837016
333.273040837016
333.273040837016
333.273040837016
333.273040837016
333.273040837016
333.273040837016
333.273040837016
333.273040837016
333.273040837016
333.273040837016
333.273040837016
333.273040837016
333.273040837016
333.273040837016
333.273040837016
333.273040837016
333.273040837016
333.273040837016
333.273040837016
333.273040837016
333.273040837016
333.273040837016
333.273040837016
333.273040837016
333.273040837016
333.273040837016
333.273040837016
333.273040837016
333.273040837016
333.273040837016
333.273040837016
333.273040837016
333.273040837016
333.273040837016
333.273040837016
333.273040837016
333.273040837016
333.273040837016
333.273040837016
333.273040837016
333.273040837016
333.273040837016
333.273040837016
333.273040837016
333.273040837016
333.273040837016
333.273040837016
333.273040837016
333.273040837016
333.273040837016
333.273040837016
333.273040837016
333.273040837016
333.273040837016
333.273040837016
333.273040837016
333.273040837016
333.273040837016
333.273040837016
333.273040837016
333.273040837016
333.273040837016
333.273040837016
333.273040837016
333.273040837016
333.273040837016
333.273040837016
333.273040837016
333.273040837016
333.273040837016
333.273040837016
333.273040837016
333.273040837016
333.273040837016
333.273040837016
333.273040837016
333.273040837016
333.273040837016
333.273040837016
333.273040837016
333.273040837016
333.273040837016
333.273040837016
333.273040837016
333.273040837016
333.273040837016
333.273040837016
333.273040837016
333.273040837016
333.273040837016
333.273040837016

ave
355.558963933820
338.318389675686
368.819589164029
352.944297130990
367.157441112509
351.888592116719
366.826220778261
334.613933628006
352.215736682590
336.197045836261
335.111815008396
336.577797408950
367.090265516829
336.815640972805
365.178688143161
335.227009837409
334.721415603092
365.820837763771
348.685750798667
349.076573767322
364.790899348627
334.627639683972
349.245732015258
333.557005018836
349.850687407521
333.828856736907
348.587236652238
333.362511461159
363.514766721256
333.396905060243
333.362511461159
378.219758739260
348.839918340927
333.564906694122
333.367695564289
333.325281006305
363.627697200713
348.120163182839
333.367695564289
333.527001568241
333.273040837016
333.273040837016
333.273040837016
333.564906694122
333.273040837016
333.273040837016
333.273040837016
348.491302882429
333.273040837016
333.273040837016
333.273040837016
333.273040837016
333.273040837016
333.273040837016
333.273040837016
348.491302882429
333.273040837016
333.273040837016
333.273040837016
333.325281006305
333.273040837016
333.273040837016
333.273040837016
347.971020332970
333.273040837016
349.075006093027
348.120163182839
333.273040837016
333.273040837016
333.273040837016
333.762899924627
333.273040837016
333.273040837016
333.273040837016
333.273040837016
333.273040837016
333.273040837016
333.367695564289
333.273040837016
348.350871131533
348.299121925442
333.273040837016
348.491302882429
348.525514047614
333.273040837016
333.273040837016
333.273040837016
333.273040837016
333.987651159898
333.273040837016
333.273040837016
333.273040837016
333.273040837016
333.273040837016
333.273040837016
333.273040837016
333.273040837016
333.273040837016
333.325281006305
333.273040837016
333.273040837016
333.273040837016
333.273040837016
333.273040837016
349.169660820300
348.525514047614
333.273040837016
333.273040837016
348.350871131533
333.273040837016
333.273040837016
334.071200795391
333.367695564289
333.273040837016
333.273040837016
333.273040837016
333.273040837016
333.273040837016
333.273040837016
333.273040837016
333.273040837016
333.273040837016
333.273040837016
348.350871131533
333.273040837016
333.273040837016
334.607550411651
333.273040837016
333.273040837016
333.273040837016
333.273040837016
333.273040837016
333.273040837016
333.273040837016
333.273040837016
333.493418573443
333.273040837016
333.325281006305
333.273040837016
333.273040837016
333.273040837016
333.564906694122
333.273040837016
348.491302882429
333.273040837016
333.273040837016
333.273040837016
333.273040837016
333.273040837016
333.273040837016
333.273040837016
333.367695564289
333.273040837016
333.273040837016
333.273040837016
333.273040837016
333.273040837016
333.273040837016
333.273040837016
333.273040837016
333.273040837016
333.273040837016
333.273040837016
333.325281006305
333.273040837016
348.350871131533
333.273040837016
333.273040837016
333.273040837016
333.273040837016
333.273040837016
333.273040837016
333.273040837016
333.592446799561
333.273040837016
333.273040837016
333.746832857826
333.273040837016
333.273040837016
333.273040837016
333.273040837016
333.273040837016
333.273040837016
333.273040837016
333.273040837016
333.273040837016
333.273040837016
333.273040837016
333.564906694122
333.273040837016
333.273040837016
363.569133176945
333.273040837016
348.120163182839
333.273040837016
333.273040837016
333.273040837016
333.273040837016
333.273040837016
333.273040837016