最优解为:3576.9371
最优解路径:

Best_route =

  1 至 24 列

    27    28    49    50    21    22    15    16    23    24     0     0     0     0     0     0     0     0     0     0     0     0     0     0
     0     0     0     0     0     0     0     0     0     0     0     0     0     0     0     0     0     0     0     0     0     0     0     0
     3     4    25    26    29    30    59    60     5     6     0     0     0     0     0     0     0     0     0     0     0     0     0     0
    19    20    11    12    37    38    17    18     7     8     0     0     0     0     0     0     0     0     0     0     0     0     0     0
    57    58    51    52    47    48    31    32     0     0     0     0     0     0     0     0     0     0     0     0     0     0     0     0
    13    14    41    42     9    10    33    34    39    40     0     0     0     0     0     0     0     0     0     0     0     0     0     0
     0     0     0     0     0     0     0     0     0     0     0     0     0     0     0     0     0     0     0     0     0     0     0     0
    43    44    53    54     1     2    45    46    55    56    35    36     0     0     0     0     0     0     0     0     0     0     0     0

  25 至 48 列

     0     0     0     0     0     0     0     0     0     0     0     0     0     0     0     0     0     0     0     0     0     0     0     0
     0     0     0     0     0     0     0     0     0     0     0     0     0     0     0     0     0     0     0     0     0     0     0     0
     0     0     0     0     0     0     0     0     0     0     0     0     0     0     0     0     0     0     0     0     0     0     0     0
     0     0     0     0     0     0     0     0     0     0     0     0     0     0     0     0     0     0     0     0     0     0     0     0
     0     0     0     0     0     0     0     0     0     0     0     0     0     0     0     0     0     0     0     0     0     0     0     0
     0     0     0     0     0     0     0     0     0     0     0     0     0     0     0     0     0     0     0     0     0     0     0     0
     0     0     0     0     0     0     0     0     0     0     0     0     0     0     0     0     0     0     0     0     0     0     0     0
     0     0     0     0     0     0     0     0     0     0     0     0     0     0     0     0     0     0     0     0     0     0     0     0

  49 至 61 列

     0     0     0     0     0     0     0     0     0     0     0     0     0
     0     0     0     0     0     0     0     0     0     0     0     0     0
     0     0     0     0     0     0     0     0     0     0     0     0     0
     0     0     0     0     0     0     0     0     0     0     0     0     0
     0     0     0     0     0     0     0     0     0     0     0     0     0
     0     0     0     0     0     0     0     0     0     0     0     0     0
     0     0     0     0     0     0     0     0     0     0     0     0     0
     0     0     0     0     0     0     0     0     0     0     0     0     0

本次运算用时:395.212秒
算法在第291代时收敛

best
3848.84867781671
3726.74537229086
3726.74537229086
3726.74537229086
3726.74537229086
3726.74537229086
3726.74537229086
3676.36569699020
3676.36569699020
3676.36569699020
3676.36569699020
3676.36569699020
3585.92575769191
3585.92575769191
3585.92575769191
3585.92575769191
3585.92575769191
3585.92575769191
3585.92575769191
3585.92575769191
3585.92575769191
3585.92575769191
3585.92575769191
3585.92575769191
3585.92575769191
3585.92575769191
3585.92575769191
3585.92575769191
3585.92575769191
3585.92575769191
3585.92575769191
3585.92575769191
3585.92575769191
3585.92575769191
3585.92575769191
3585.92575769191
3584.35610676243
3582.24667903614
3582.24667903614
3582.24667903614
3582.24667903614
3582.24667903614
3582.24667903614
3582.24667903614
3582.24667903614
3582.24667903614
3582.24667903614
3582.24667903614
3582.24667903614
3582.24667903614
3582.24667903614
3582.24667903614
3582.24667903614
3582.24667903614
3582.24667903614
3582.24667903614
3582.24667903614
3582.24667903614
3582.24667903614
3582.24667903614
3582.24667903614
3582.24667903614
3582.24667903614
3578.40249385707
3578.40249385707
3578.40249385707
3578.40249385707
3578.40249385707
3578.40249385707
3578.40249385707
3578.40249385707
3578.40249385707
3578.40249385707
3578.40249385707
3578.40249385707
3578.40249385707
3578.40249385707
3578.40249385707
3578.40249385707
3578.40249385707
3578.40249385707
3578.40249385707
3578.40249385707
3578.40249385707
3578.40249385707
3578.40249385707
3578.40249385707
3578.40249385707
3578.40249385707
3578.40249385707
3578.40249385707
3578.40249385707
3578.40249385707
3578.40249385707
3578.40249385707
3578.40249385707
3578.40249385707
3578.40249385707
3578.40249385707
3578.40249385707
3578.40249385707
3578.40249385707
3578.40249385707
3578.40249385707
3578.40249385707
3578.40249385707
3578.40249385707
3578.40249385707
3578.40249385707
3578.40249385707
3578.40249385707
3578.40249385707
3578.40249385707
3578.40249385707
3578.40249385707
3578.40249385707
3578.40249385707
3578.40249385707
3578.40249385707
3578.40249385707
3578.40249385707
3578.40249385707
3578.40249385707
3578.40249385707
3578.40249385707
3578.40249385707
3578.40249385707
3578.40249385707
3578.40249385707
3578.40249385707
3578.40249385707
3578.40249385707
3578.40249385707
3578.40249385707
3578.40249385707
3578.40249385707
3578.40249385707
3578.40249385707
3578.40249385707
3578.40249385707
3578.40249385707
3578.40249385707
3578.40249385707
3578.40249385707
3578.40249385707
3578.40249385707
3578.40249385707
3578.40249385707
3578.40249385707
3578.40249385707
3578.40249385707
3578.40249385707
3578.40249385707
3578.40249385707
3578.40249385707
3578.40249385707
3578.40249385707
3578.40249385707
3578.40249385707
3578.40249385707
3578.40249385707
3578.40249385707
3578.40249385707
3578.40249385707
3578.40249385707
3578.40249385707
3578.40249385707
3578.40249385707
3578.40249385707
3578.40249385707
3578.40249385707
3578.40249385707
3578.40249385707
3578.40249385707
3578.40249385707
3578.40249385707
3578.40249385707
3578.40249385707
3578.40249385707
3578.40249385707
3578.40249385707
3578.40249385707
3578.40249385707
3578.40249385707
3578.40249385707
3578.40249385707
3578.40249385707
3578.40249385707
3578.40249385707
3578.40249385707
3578.40249385707
3578.40249385707
3578.40249385707
3578.40249385707
3578.40249385707
3577.51629040162
3577.51629040162
3577.51629040162
3577.51629040162
3577.51629040162
3577.51629040162
3577.51629040162
3577.51629040162
3577.51629040162
3577.51629040162
3577.51629040162
3577.51629040162
3577.51629040162
3577.51629040162
3577.51629040162
3577.51629040162
3577.51629040162
3577.51629040162
3577.51629040162
3577.51629040162
3577.51629040162
3577.51629040162
3577.51629040162
3577.51629040162
3577.51629040162
3577.51629040162
3577.51629040162
3577.51629040162
3577.51629040162
3577.51629040162
3577.51629040162
3577.51629040162
3577.51629040162
3577.51629040162
3577.51629040162
3577.51629040162
3577.51629040162
3577.51629040162
3577.51629040162
3577.51629040162
3577.51629040162
3577.51629040162
3577.51629040162
3577.51629040162
3577.51629040162
3577.51629040162
3577.51629040162
3577.51629040162
3577.51629040162
3577.51629040162
3577.51629040162
3577.51629040162
3577.51629040162
3577.51629040162
3577.51629040162
3577.51629040162
3577.51629040162
3577.51629040162
3577.51629040162
3577.51629040162
3577.51629040162
3577.51629040162
3577.51629040162
3577.51629040162
3577.51629040162
3577.51629040162
3577.51629040162
3577.51629040162
3577.51629040162
3577.51629040162
3577.51629040162
3577.51629040162
3577.51629040162
3577.51629040162
3577.51629040162
3577.51629040162
3577.51629040162
3577.51629040162
3577.51629040162
3577.51629040162
3577.51629040162
3577.51629040162
3577.51629040162
3577.51629040162
3577.51629040162
3577.51629040162
3577.51629040162
3577.51629040162
3577.51629040162
3577.51629040162
3577.51629040162
3577.51629040162
3577.51629040162
3577.51629040162
3577.51629040162
3576.93705103103
3576.93705103103
3576.93705103103
3576.93705103103
3576.93705103103
3576.93705103103
3576.93705103103
3576.93705103103
3576.93705103103
3576.93705103103
3576.93705103103
3576.93705103103
3576.93705103103
3576.93705103103
3576.93705103103
3576.93705103103
3576.93705103103
3576.93705103103
3576.93705103103
3576.93705103103
3576.93705103103
3576.93705103103
3576.93705103103
3576.93705103103
3576.93705103103
3576.93705103103
3576.93705103103
3576.93705103103
3576.93705103103
3576.93705103103
3576.93705103103
3576.93705103103
3576.93705103103
3576.93705103103
3576.93705103103
3576.93705103103
3576.93705103103
3576.93705103103
3576.93705103103
3576.93705103103
3576.93705103103
3576.93705103103
3576.93705103103
3576.93705103103
3576.93705103103
3576.93705103103
3576.93705103103
3576.93705103103
3576.93705103103
3576.93705103103
3576.93705103103
3576.93705103103
3576.93705103103
3576.93705103103
3576.93705103103
3576.93705103103
3576.93705103103
3576.93705103103
3576.93705103103
3576.93705103103
3576.93705103103
3576.93705103103
3576.93705103103
3576.93705103103
3576.93705103103
3576.93705103103
3576.93705103103
3576.93705103103
3576.93705103103
3576.93705103103
3576.93705103103
3576.93705103103
3576.93705103103
3576.93705103103
3576.93705103103
3576.93705103103
3576.93705103103
3576.93705103103
3576.93705103103
3576.93705103103
3576.93705103103
3576.93705103103
3576.93705103103
3576.93705103103
3576.93705103103
3576.93705103103
3576.93705103103
3576.93705103103
3576.93705103103
3576.93705103103
3576.93705103103
3576.93705103103
3576.93705103103
3576.93705103103
3576.93705103103
3576.93705103103
3576.93705103103
3576.93705103103
3576.93705103103
3576.93705103103
3576.93705103103
3576.93705103103
3576.93705103103
3576.93705103103
3576.93705103103
3576.93705103103
3576.93705103103
3576.93705103103
3576.93705103103
3576.93705103103
3576.93705103103
3576.93705103103
3576.93705103103
3576.93705103103
3576.93705103103
3576.93705103103
3576.93705103103
3576.93705103103
3576.93705103103
3576.93705103103
3576.93705103103
3576.93705103103
3576.93705103103
3576.93705103103
3576.93705103103
3576.93705103103
3576.93705103103
3576.93705103103
3576.93705103103
3576.93705103103
3576.93705103103
3576.93705103103
3576.93705103103
3576.93705103103
3576.93705103103
3576.93705103103
3576.93705103103
3576.93705103103
3576.93705103103
3576.93705103103
3576.93705103103
3576.93705103103
3576.93705103103
3576.93705103103
3576.93705103103
3576.93705103103
3576.93705103103
3576.93705103103
3576.93705103103
3576.93705103103
3576.93705103103
3576.93705103103
3576.93705103103
3576.93705103103
3576.93705103103
3576.93705103103
3576.93705103103
3576.93705103103
3576.93705103103
3576.93705103103
3576.93705103103
3576.93705103103
3576.93705103103
3576.93705103103
3576.93705103103
3576.93705103103
3576.93705103103
3576.93705103103
3576.93705103103
3576.93705103103
3576.93705103103
3576.93705103103
3576.93705103103
3576.93705103103
3576.93705103103
3576.93705103103
3576.93705103103
3576.93705103103
3576.93705103103
3576.93705103103
3576.93705103103
3576.93705103103
3576.93705103103
3576.93705103103
3576.93705103103
3576.93705103103
3576.93705103103
3576.93705103103
3576.93705103103
3576.93705103103
3576.93705103103
3576.93705103103
3576.93705103103
3576.93705103103
3576.93705103103
3576.93705103103
3576.93705103103
3576.93705103103
3576.93705103103
3576.93705103103
3576.93705103103
3576.93705103103
3576.93705103103
3576.93705103103
3576.93705103103
3576.93705103103
3576.93705103103
3576.93705103103
3576.93705103103
3576.93705103103

ave
5126.49434056858
5119.59157365161
4948.89977734881
4995.56201549521
4800.32864596054
5118.44425228636
5138.05464522404
5060.39379749880
5197.36769519815
5254.84605543848
4898.97542422723
5052.92136596307
4912.84524784540
5058.79062369980
5139.28626844595
4961.87557467380
5046.47341914289
5090.43824616249
5247.83831973703
5207.95825570122
4851.22057402010
5123.28554193133
5108.50370869652
5069.09568788241
5092.05170199893
5010.96257816210
5018.51310625943
4793.09661399458
5093.07694174729
4940.98918056171
4906.43363093147
4788.06532004019
4769.31716484043
5025.14100456782
5199.45716271485
5177.31050405395
4936.64753393261
4857.97687875029
5146.02172775076
4988.22867114532
5115.44265532095
5053.86087269793
5001.46660016304
5205.50833793677
5137.50581250918
4804.53070454717
4858.11163526403
4843.23625154309
5013.40592789264
5138.74509237419
4894.57849157226
5101.46892822470
5094.09554944977
5121.27530701675
5471.88846277490
5124.70526582442
5180.17380806733
5001.22028884197
5135.16510385575
5127.63388396667
5006.98426077013
4993.39817957758
5057.95832372722
5057.05913714655
5008.59779796317
5165.13842942357
5206.57251508878
4971.73171420512
4995.01527708606
5394.38827737223
4884.75502682239
4967.70780672111
5169.38926773630
5160.49887448985
5007.64120487940
5070.11113126356
5143.64718499655
5401.46540776066
5282.37917855992
4957.90119842242
5110.83455539153
4889.96212896733
4652.96218958909
4839.92079403589
4666.87131793837
4964.94396425447
4656.15320487302
4933.81813486028
5127.65345206867
4729.51837026074
4996.62965884061
4867.75965334076
5232.17371903002
4781.11066621174
5111.39022607957
4870.78469704432
4982.09961732756
5087.75320612268
5066.92976599218
5031.02515522946
5000.25263115118
4980.61678734594
5124.81927545154
5132.89220081340
5133.49893889202
4993.22105341461
4848.43711808488
4940.06281092596
5057.73630145921
5127.36056028321
4743.45507809665
4970.64370016803
4796.22404620572
5335.32857366919
4952.76316270351
5106.51216707065
5259.16919729458
4896.05651062226
4729.11372707213
5170.69004084901
4889.00631618678
5059.36001218859
5193.76580779123
5130.32026001374
4908.15176736987
4857.48726590016
5048.41590490720
5021.35067130254
5048.03283154139
5095.26144030540
5110.82908787494
4856.84199131369
4975.39551293725
5112.33328244351
5006.64619239330
5032.43751158122
5065.91782285768
4755.66269269656
4879.35684816175
4809.99494079172
5107.17113082431
4806.55182416807
5033.05308914183
5199.32048071374
4860.11296770754
4898.60278820266
4742.63999716657
4862.83143071212
4731.62390710549
5106.30785074084
4909.98458480386
4794.00544877030
4707.53363644227
4942.79280354199
4693.93423026077
4918.43515512337
4840.71271588492
4885.31038089391
4991.07434823509
4814.12344234962
5008.33255477624
4996.99263433206
4665.90911420910
4946.13788681507
4788.96031464530
4983.81898817481
4828.62669809170
4690.17993714731
4911.22818001283
4753.94366293796
4808.63297025502
4947.55002757280
5014.04787766071
5053.12067907417
5141.46182152839
5138.68420005766
4773.64186302376
4593.43506697672
5002.67925739946
5241.73028911847
5384.47533712672
4629.43368504030
4644.25804909126
4829.12161660511
4876.85642247775
5092.96378533472
4828.21642768783
4726.92104312871
4757.30067945651
4848.50367178123
4780.48034607639
4755.57885181802
4957.60872723635
5067.24572486593
4970.54136833622
4814.61316247160
4749.06784767579
5292.88742718725
4944.59438797147
5080.04915665008
4653.70273178384
4772.72336650401
4875.70738386769
4976.09857338225
4880.56841681342
5007.71387281391
4814.23702551697
5034.64260562760
4940.47561131002
4935.41019640862
4961.27049820887
4898.54338969077
4811.93247607869
5192.15583644547
5034.07268815664
4914.11053451111
4794.95986586966
4872.87919444688
4774.11219126875
4910.47348524321
5030.82861038585
4998.23013252617
4995.92924289586
4505.84891889477
4890.65305335733
4910.09237925706
4812.72006197839
4957.16323853180
5044.42209728134
5064.72855546603
5021.44681046113
4917.69936579402
4844.60340473733
4938.29611691719
4976.64179232190
5060.09624614162
5299.05794965347
4901.53236090810
5220.87286751775
4994.68164388031
5116.97143054157
5027.86099240288
5159.55992623062
4983.47688182507
4677.73906647042
4834.46620002621
5032.46794266837
5058.72157569732
5082.99502195163
4982.90271839715
5063.21524363474
4618.33712035512
4931.44593233829
4610.69495590763
5117.00362047541
4938.43085619834
4597.91574427077
4748.08961358925
4999.61395736258
4937.47255484028
4733.40440574731
4818.17625373409
5203.32210518457
5088.26041252039
4991.98551994928
4772.77921516274
5010.10733043344
5155.51683763032
4846.88241176049
5320.36358067527
5036.85260347724
4985.56902697508
4859.54250496189
5311.34074012696
5292.51322885422
4699.20778723239
5176.23322043843
5124.23454706688
4756.05252222840
4838.99775162373
4916.15015127716
4621.13336917883
4604.13790709267
4884.78932722627
5019.65251329512
4807.25371504565
4799.47519329474
4833.31806180062
4804.54131568266
4783.73140368394
4674.36538720066
4922.03248478130
4745.52621549933
4751.14545749389
4837.97276053402
4765.31547005808
4791.52331235603
4804.17369596853
5142.34164937305
5136.23033857486
4588.61090015666
4830.43388322804
5316.02361177516
4798.20743532653
4901.81063283480
5110.75590629640
4742.77643080227
4786.78699227224
4999.07116385942
4990.06752874603
5179.90827518647
4904.92085984707
4712.63551978550
5100.10675390313
4964.74574271618
5113.90135966695
5018.91163930165
4701.70483680033
4856.13215105444
4983.55510379213
5072.20090801498
4680.70797637450
4906.99193553516
4974.07754097469
4814.22507503209
4871.01544904534
4728.64537221084
4500.46858738156
4641.86805402781
5053.25622107750
4798.73780219482
4957.40915904272
5092.23760779172
4977.67868387591
4549.17056587654
4863.32169605351
5064.43904472705
4899.90087644599
5083.45897962659
5144.82856224773
4980.73207792882
4848.55046448175
5068.86586609535
4704.45593274799
4946.66684566213
5011.10545764531
4911.07158348988
5130.84299597830
5009.24666871369
4963.88116063469
4981.26197215781
5008.18178180878
4980.48149516755
5073.97677803068
4971.16019578219
4690.00567540798
4992.60075276038
4710.52299290238
5127.38819319132
4983.77207368058
4946.34481870174
5079.46178668141
4832.66325200023
4808.37094713301
4767.36491569027
4767.96632151191
5006.33625986618
5121.29881677088
4656.56966482618
4905.21269209770
4906.98846587914
4960.59921880950
4988.32397886241
4781.01528422325
4850.44525651321
5157.13277089643
5179.65853009100
4739.88493267195
4983.10079627485
4696.85432077220
4956.60901682284
4942.59747195037
4976.23993879220
4891.84343501645
5189.81173990960
5009.58927691276
4867.90832925099
5035.54021602087
4745.43581034788
4954.93726177192
5345.43809122175
5162.45362277476
4908.58069193094
5343.19650611113
4946.07032284819
4987.96721986687
5024.86329495696
5048.95247339468
4976.80623004955
4936.94611676394
4884.40180939274
5002.08216989502
5193.07904754098
4984.81313033880
5067.70676886974
5133.51028079078
4942.60686652832
4978.39767132835
5079.68394145453
5100.64308300772
5166.90513820394
5060.08749336551
5355.92702099776
4918.20454590473
4928.59415540832
5016.99155231774
5220.22348183124
5114.23034197353
4850.34911367190
4899.97576435499
5078.24222469076
4914.65814229252
4906.57510515386
4931.00120007213
4685.66908792547
4935.62809238203
5119.30229356085
5011.93390119656
4751.69086075115
4953.00759445487
5131.89551654293
5252.57876563186
5038.43359809107
4769.78917087457
5019.53601522835
5056.42656159892
4718.74303365046
4834.78166746318
5064.02233456332
4865.55101697483
4783.86210740233
4852.05079958185
5065.56306557058
5083.22958894086
4835.19553503373
4937.11845805194
5032.78146797053
4850.98541933821
4897.97916959655
4841.06634513363
4750.29863235212
4769.41538217890
4927.76444398481
5111.03006727448
5050.36367580609
4764.25831626516
5077.45525389775
4929.73042795583
4891.15709018526
4764.83490330749
4964.15911361820
5268.48138951826
5070.03824404049
5161.15290962134
4935.91906716341
4908.41245680724
4749.27647273627
4827.87277884304
4960.26184442972
5106.21974357008
4725.43157179566
4955.94551519663
4863.45714890173
4818.57188204200
4787.40870366331
4903.60415316624
4686.87678004200
4903.55626548508
5037.31194378912
5029.94607153900
5249.97399975623
5079.31310349609
5044.33200764185
4936.82213532988
5041.99113008931
4978.33077274562
5247.52929513017
4998.57883025215
4899.24155052768
4744.29385124735
4959.15034571578
4867.99725012057
4937.32740268672
4852.22220192035
4953.22114928187
4975.85111411678
4763.10539082140
4692.28345562991
5159.23316446780
4963.58370776855