最优解为:316.9417
最优解路径:

Best_route =

     5     3     4     1     2     0
     0     0     0     0     0     0

本次运算用时:1.299秒
算法在第1代时收敛
>> 

best
316.941713075278
316.941713075278
316.941713075278
316.941713075278
316.941713075278
316.941713075278
316.941713075278
316.941713075278
316.941713075278
316.941713075278
316.941713075278
316.941713075278
316.941713075278
316.941713075278
316.941713075278
316.941713075278
316.941713075278
316.941713075278
316.941713075278
316.941713075278
316.941713075278
316.941713075278
316.941713075278
316.941713075278
316.941713075278
316.941713075278
316.941713075278
316.941713075278
316.941713075278
316.941713075278
316.941713075278
316.941713075278
316.941713075278
316.941713075278
316.941713075278
316.941713075278
316.941713075278
316.941713075278
316.941713075278
316.941713075278
316.941713075278
316.941713075278
316.941713075278
316.941713075278
316.941713075278
316.941713075278
316.941713075278
316.941713075278
316.941713075278
316.941713075278
316.941713075278
316.941713075278
316.941713075278
316.941713075278
316.941713075278
316.941713075278
316.941713075278
316.941713075278
316.941713075278
316.941713075278
316.941713075278
316.941713075278
316.941713075278
316.941713075278
316.941713075278
316.941713075278
316.941713075278
316.941713075278
316.941713075278
316.941713075278
316.941713075278
316.941713075278
316.941713075278
316.941713075278
316.941713075278
316.941713075278
316.941713075278
316.941713075278
316.941713075278
316.941713075278
316.941713075278
316.941713075278
316.941713075278
316.941713075278
316.941713075278
316.941713075278
316.941713075278
316.941713075278
316.941713075278
316.941713075278
316.941713075278
316.941713075278
316.941713075278
316.941713075278
316.941713075278
316.941713075278
316.941713075278
316.941713075278
316.941713075278
316.941713075278

ave
320.162797576071
317.548693446868
334.567189835034
333.350801274125
318.081638641368
317.946926815480
317.643199359812
317.838326815480
332.494393446867
332.399887533923
333.445307187069
347.359681620979
317.413981620979
317.239324901166
317.602993446867
332.649576008611
317.036218988222
317.413981620979
332.036218988222
332.305381620979
316.941713075278
316.941713075278
317.420358269779
317.185024901166
317.420358269779
316.941713075278
331.996013075278
331.941713075278
317.036218988222
316.941713075278
316.941713075278
316.941713075278
317.420358269779
316.941713075278
317.036218988222
317.420358269779
316.941713075278
316.941713075278
316.941713075278
316.941713075278
331.887413075278
331.941713075278
316.941713075278
316.941713075278
316.941713075278
316.941713075278
317.359681620979
316.941713075278
316.941713075278
316.941713075278
316.941713075278
316.941713075278
316.941713075278
316.941713075278
316.941713075278
316.941713075278
316.941713075278
332.366058269779
316.941713075278
316.941713075278
331.887413075278
316.941713075278
316.941713075278
316.941713075278
316.941713075278
316.941713075278
316.941713075278
316.941713075278
316.941713075278
316.941713075278
316.941713075278
316.941713075278
316.941713075278
316.941713075278
317.420358269779
316.941713075278
316.941713075278
316.941713075278
316.941713075278
316.941713075278
316.941713075278
316.941713075278
316.941713075278
316.941713075278
316.941713075278
331.887413075278
316.941713075278
331.887413075278
316.941713075278
316.941713075278
316.941713075278
316.941713075278
316.941713075278
316.941713075278
317.036218988222
316.941713075278
316.941713075278
316.941713075278
316.941713075278
316.941713075278