实验环境：
VeiNum = 2
Q_ant = 70
AntNum = 25 
iter_max = 100

cus：
40	50
40	50
40	50
25	85
38	15
42	68
25	50

task：
2	4	1	0	1
4	3	2	1	0
3	5	3	0	1
5	2	4	3	0
3	6	3	0	1
6	2	4	5	0
2	7	1	0	1
7	3	2	7	0


抽取的客户节点编号为

Cus_select =

    12    59     4    24

各任务对应的的客户节点编号为

Task_Cus =

    12    59     4    24


Task_size: 8

vNum:2

Tasktime:
0
1.61863830489966
0.166666666666667
0.166666666666667
1.54309407381457
0.166666666666667
1.11943592357354
1.04166666666667
0.166666666666667

Linktime:
0	0	0.951971638232989	1.37642740714791	0.876427407147905	0.952769256906871	0.452769256906871	0	0.375000000000000
0.951971638232989	1.11863830489966	0	2.49506571204756	1.77992275113276	2.07140756180653	0.601040764008565	1.11863830489966	35
1.45197163823299	1.45197163823299	2.57060994313264	1.77992275113276	2.49506571204756	0.601040764008565	2.07140756180653	1.45197163823299	1.99363830489966
0.876427407147905	1.04309407381457	1.77992275113276	2.41952148096248	0	1.99586333072144	1.32876822659183	1.04309407381457	0.933407735129724
0	0	1.11863830489966	1.37642740714791	1.04309407381457	0.952769256906871	0.619435923573538	0	0.541666666666667
0.452769256906871	0.619435923573538	0.601040764008565	1.99586333072144	1.32876822659183	1.57220518048041	0	0.619435923573538	0.618970920156997
0	0	1.11863830489966	1.37642740714791	1.04309407381457	0.952769256906871	0.619435923573538	0	0.541666666666667
0.375000000000000	0.541666666666667	35	1.91809407381457	0.933407735129724	1.49443592357354	0.618970920156997	0.541666666666667	0
0.875000000000000	0.875000000000000	1.99363830489966	0.933407735129724	1.91809407381457	0.618970920156997	1.49443592357354	0.875000000000000	1.41666666666667



linktime（task1）
0	0	0.876427407147905	0.452769256906871	0
0.951971638232989	1.11863830489966	1.77992275113276	0.601040764008565	1.11863830489966
0	0	1.04309407381457	0.619435923573538	0
0	0	1.04309407381457	0.619435923573538	0
0.375000000000000	0.541666666666667	0.933407735129724	0.618970920156997	0.541666666666667


linktime（task2）
0	0.951971638232989	1.37642740714791	0.952769256906871	0.375000000000000
1.45197163823299	2.57060994313264	1.77992275113276	0.601040764008565	1.99363830489966
0.876427407147905	1.77992275113276	2.41952148096248	1.99586333072144	0.933407735129724
0.452769256906871	0.601040764008565	1.99586333072144	1.57220518048041	0.618970920156997
0.875000000000000	1.99363830489966	0.933407735129724	0.618970920156997	1.41666666666667

tasktime（1）
0
1.61863830489966
1.54309407381457
1.11943592357354
1.04166666666667


tasktime（2）
0
0.166666666666667
0.166666666666667
0.166666666666667
0.166666666666667
