最优解为:328.1012
最优解路径:

Best_route =

     3     2     1     6     4     5     0
     0     0     0     0     0     0     0

本次运算用时:2.765秒
算法在第1代时收敛

best
328.101196826586
328.101196826586
328.101196826586
328.101196826586
328.101196826586
328.101196826586
328.101196826586
328.101196826586
328.101196826586
328.101196826586
328.101196826586
328.101196826586
328.101196826586
328.101196826586
328.101196826586
328.101196826586
328.101196826586
328.101196826586
328.101196826586
328.101196826586
328.101196826586
328.101196826586
328.101196826586
328.101196826586
328.101196826586
328.101196826586
328.101196826586
328.101196826586
328.101196826586
328.101196826586
328.101196826586
328.101196826586
328.101196826586
328.101196826586
328.101196826586
328.101196826586
328.101196826586
328.101196826586
328.101196826586
328.101196826586
328.101196826586
328.101196826586
328.101196826586
328.101196826586
328.101196826586
328.101196826586
328.101196826586
328.101196826586
328.101196826586
328.101196826586
328.101196826586
328.101196826586
328.101196826586
328.101196826586
328.101196826586
328.101196826586
328.101196826586
328.101196826586
328.101196826586
328.101196826586
328.101196826586
328.101196826586
328.101196826586
328.101196826586
328.101196826586
328.101196826586
328.101196826586
328.101196826586
328.101196826586
328.101196826586
328.101196826586
328.101196826586
328.101196826586
328.101196826586
328.101196826586
328.101196826586
328.101196826586
328.101196826586
328.101196826586
328.101196826586
328.101196826586
328.101196826586
328.101196826586
328.101196826586
328.101196826586
328.101196826586
328.101196826586
328.101196826586
328.101196826586
328.101196826586
328.101196826586
328.101196826586
328.101196826586
328.101196826586
328.101196826586
328.101196826586
328.101196826586
328.101196826586
328.101196826586
328.101196826586
328.101196826586
328.101196826586
328.101196826586
328.101196826586
328.101196826586
328.101196826586
328.101196826586
328.101196826586
328.101196826586
328.101196826586
328.101196826586
328.101196826586
328.101196826586
328.101196826586
328.101196826586
328.101196826586
328.101196826586
328.101196826586
328.101196826586
328.101196826586
328.101196826586
328.101196826586
328.101196826586
328.101196826586
328.101196826586
328.101196826586
328.101196826586
328.101196826586
328.101196826586
328.101196826586
328.101196826586
328.101196826586
328.101196826586
328.101196826586
328.101196826586
328.101196826586
328.101196826586
328.101196826586
328.101196826586
328.101196826586
328.101196826586
328.101196826586
328.101196826586
328.101196826586
328.101196826586
328.101196826586
328.101196826586
328.101196826586
328.101196826586
328.101196826586
328.101196826586
328.101196826586
328.101196826586
328.101196826586
328.101196826586
328.101196826586
328.101196826586
328.101196826586
328.101196826586
328.101196826586
328.101196826586
328.101196826586
328.101196826586
328.101196826586
328.101196826586
328.101196826586
328.101196826586
328.101196826586
328.101196826586
328.101196826586
328.101196826586
328.101196826586
328.101196826586
328.101196826586
328.101196826586
328.101196826586
328.101196826586
328.101196826586
328.101196826586
328.101196826586
328.101196826586
328.101196826586
328.101196826586
328.101196826586
328.101196826586
328.101196826586
328.101196826586
328.101196826586
328.101196826586
328.101196826586
328.101196826586
328.101196826586
328.101196826586
328.101196826586
328.101196826586
328.101196826586
328.101196826586
328.101196826586
328.101196826586
328.101196826586

ave
364.070892302013
347.246418530020
348.494184054211
330.864957441463
362.081995631687
346.620802571413
334.213581824608
346.421959768857
346.672305707358
331.343398744676
345.121623268726
360.244007959780
346.355150926064
346.496437817178
345.306870027821
330.760448149677
345.078679973055
344.138241707020
329.962089964246
343.451303526246
344.056706094745
360.095042820527
328.364980784067
342.969642650128
329.096858605095
373.704533815161
328.506451628856
343.211557725019
328.270540948852
329.438163370373
328.334620503021
344.666169818591
343.833118468997
328.412011793641
343.937307692734
358.370888012631
342.823481266408
328.101196826586
358.497228907219
343.540902851510
343.321306839777
328.101196826586
358.497228907219
328.101196826586
328.101196826586
328.101196826586
328.101196826586
328.101196826586
328.101196826586
328.101196826586
328.101196826586
328.101196826586
342.694024413852
328.101196826586
328.101196826586
328.101196826586
328.101196826586
328.101196826586
328.101196826586
328.101196826586
328.101196826586
328.101196826586
328.101196826586
328.101196826586
343.154634159487
342.694024413852
328.101196826586
328.101196826586
328.101196826586
328.101196826586
328.101196826586
328.101196826586
328.101196826586
328.101196826586
328.101196826586
328.101196826586
328.101196826586
328.101196826586
328.101196826586
328.506451628856
328.101196826586
328.101196826586
328.101196826586
328.101196826586
328.101196826586
328.511401982684
343.000529831298
328.101196826586
328.101196826586
328.101196826586
343.277118894028
328.101196826586
343.321306839777
343.585090797258
328.101196826586
328.509484372221
328.972330304408
328.101196826586
328.101196826586
343.193499459405
328.101196826586
343.000529831298
328.760629054981
328.101196826586
328.101196826586
328.101196826586
328.101196826586
328.101196826586
328.101196826586
328.101196826586
328.101196826586
328.101196826586
328.101196826586
328.101196826586
328.101196826586
328.364980784067
328.101196826586
328.101196826586
328.364980784067
328.101196826586
328.101196826586
343.321306839777
328.101196826586
343.000529831298
328.101196826586
328.101196826586
328.614207856364
328.101196826586
328.101196826586
328.101196826586
328.101196826586
328.549173088821
328.101196826586
328.101196826586
328.101196826586
328.101196826586
328.101196826586
328.101196826586
328.101196826586
328.101196826586
328.242667671375
328.101196826586
328.101196826586
328.364980784067
328.101196826586
328.101196826586
328.101196826586
328.101196826586
328.101196826586
343.154634159487
328.101196826586
328.101196826586
328.101196826586
328.101196826586
328.101196826586
328.101196826586
328.101196826586
328.101196826586
328.101196826586
328.101196826586
328.101196826586
328.101196826586
328.101196826586
328.101196826586
328.364980784067
328.101196826586
328.101196826586
328.101196826586
328.101196826586
343.841428378316
328.101196826586
328.101196826586
328.101196826586
328.101196826586
328.101196826586
328.101196826586
343.000529831298
328.101196826586
328.101196826586
328.101196826586
328.549173088821
328.101196826586
328.101196826586
328.101196826586
328.101196826586
328.101196826586
343.277118894028
328.101196826586
328.101196826586
328.101196826586
328.101196826586
328.101196826586
328.101196826586
328.364980784067
328.101196826586
328.101196826586
328.101196826586
328.101196826586
328.101196826586
328.101196826586