实验环境：
VeiNum = 2
Q_ant = 60
AntNum = 20 
iter_max = 100

cus：
40	50
40	50
40	50
5	45
48	40
35	32

task：
3	4	3	0	1
4	2	4	1	0
2	5	1	0	1
5	3	2	3	0
3	6	3	0	1
6	2	4	5	0



抽取的客户节点编号为

Cus_select =

    36    65    41

各任务对应的的客户节点编号为

Task_Cus =

    36    65    41


Task_size: 6

vNum:2

Tasktime:
0
0.166666666666667
1.55055014314985
0.986822878538309
0.166666666666667
0.166666666666667
1.13370520897340

Linktime:
0	1.38388347648318	0.883883476483184	0	0.320156211871642	0.967038542306735	0.467038542306735
0.883883476483184	2.43443361963304	0	1.05055014314985	1.08224304109567	2.01758868545659	0.817389136213591
0	1.38388347648318	1.05055014314985	0	0.486822878538309	0.967038542306735	0.633705208973402
0.320156211871642	1.87070635502149	1.08224304109567	0.486822878538309	0	1.45386142084504	0.381608438061844
0.820156211871642	1.08224304109567	1.87070635502149	0.820156211871642	1.30697909040995	0.381608438061844	1.45386142084504
0.467038542306735	2.01758868545659	0.817389136213591	0.633705208973402	0.381608438061844	1.60074375128014	0
0	1.38388347648318	1.05055014314985	0	0.486822878538309	0.967038542306735	0.633705208973402



linktime（task1）


linktime（task2）


tasktime（1）

tasktime（2）

