task 1：
目标函数：319.074
决策变量：
x
t1  （大小 5）	t1  （大小 5）	v1  （大小 2）	值
1	1	1	0
1	1	2	0
1	2	1	0
1	2	2	0
1	3	1	0
1	3	2	0
1	4	1	0
1	4	2	0
1	5	1	0
1	5	2	1
2	1	1	0
2	1	2	0
2	2	1	0
2	2	2	0
2	3	1	0
2	3	2	1
2	4	1	0
2	4	2	0
2	5	1	0
2	5	2	0
3	1	1	0
3	1	2	1
3	2	1	0
3	2	2	0
3	3	1	0
3	3	2	0
3	4	1	0
3	4	2	0
3	5	1	0
3	5	2	0
4	1	1	0
4	1	2	0
4	2	1	0
4	2	2	1
4	3	1	0
4	3	2	0
4	4	1	0
4	4	2	0
4	5	1	0
4	5	2	0
5	1	1	0
5	1	2	0
5	2	1	0
5	2	2	0
5	3	1	0
5	3	2	0
5	4	1	0
5	4	2	1
5	5	1	0
5	5	2	0

y
t1  （大小 5）	值
1	0
2	5.32298883359545
3	8.00610174519898
4	3.86575275188807
5	0

时间：2.20

task 2：
目标函数：339.623
决策变量：
x
t1  （大小 5）	t1  （大小 5）	v1  （大小 2）	值
1	1	1	0
1	1	2	0
1	2	1	0
1	2	2	0
1	3	1	0
1	3	2	0
1	4	1	0
1	4	2	0
1	5	1	1
1	5	2	0
2	1	1	0
2	1	2	0
2	2	1	0
2	2	2	0
2	3	1	0
2	3	2	0
2	4	1	1
2	4	2	0
2	5	1	0
2	5	2	0
3	1	1	0
3	1	2	0
3	2	1	1
3	2	2	0
3	3	1	0
3	3	2	0
3	4	1	0
3	4	2	0
3	5	1	0
3	5	2	0
4	1	1	1
4	1	2	0
4	2	1	0
4	2	2	0
4	3	1	0
4	3	2	0
4	4	1	0
4	4	2	0
4	5	1	0
4	5	2	0
5	1	1	0
5	1	2	0
5	2	1	0
5	2	2	0
5	3	1	1
5	3	2	0
5	4	1	0
5	4	2	0
5	5	1	0
5	5	2	0

y
t1  （大小 5）	值
1	0
2	4.52707736997221
3	3.34521367809251
4	5.79032964661204
5	1.28695376762338

时间：2.25
