实验环境：
VeiNum = 2
Q_ant = 60
AntNum = 20 
iter_max = 100

cus：
40	50
40	50
40	50
23	55
28	52
75	55

task：
3	4	3	0	1
4	2	4	1	0
2	5	1	0	1
5	3	2	3	0
2	6	1	0	1
6	3	2	5	0


抽取的客户节点编号为

Cus_select =

    28    22    82

各任务对应的的客户节点编号为

Task_Cus =

    28    22    82


Task_size: 6

vNum:2

Tasktime:
0
0.166666666666667
1.10966779533340
0.970804793181578
0.166666666666667
1.55055014314985
0.166666666666667

Linktime:
0	0.943001128666734	0.443001128666734	0	0.304138126514911	0	0.883883476483184
0.443001128666734	1.55266892400013	0	0.609667795333400	0.145773797371133	0.609667795333400	1.30000000000000
0	0.943001128666734	0.609667795333400	0	0.470804793181578	0	1.05055014314985
0.304138126514911	1.41380592184831	0.145773797371133	0.470804793181578	0	0.470804793181578	47.0956473572665
0.804138126514911	0.145773797371133	1.41380592184831	0.804138126514911	1.27494291969649	0.804138126514911	1.85468826966476
0.883883476483184	1.99355127181658	1.30000000000000	1.05055014314985	47.0956473572665	1.05055014314985	0
1.38388347648318	1.30000000000000	1.99355127181658	1.38388347648318	1.85468826966476	1.38388347648318	2.43443361963304



linktime（task1）
0	0.443001128666734	0	0
0	0.609667795333400	0	0
0.304138126514911	0.145773797371133	0.470804793181578	0.470804793181578
0.883883476483184	1.30000000000000	1.05055014314985	1.05055014314985

linktime（task2）
0	0.943001128666734	0.304138126514911	0.883883476483184
0.443001128666734	1.55266892400013	0.145773797371133	1.30000000000000
0.804138126514911	0.145773797371133	1.27494291969649	1.85468826966476
1.38388347648318	1.30000000000000	1.85468826966476	2.43443361963304

tasktime（1）
0
1.10966779533340
0.970804793181578
1.55055014314985

tasktime（2）
0
0.166666666666667
0.166666666666667
0.166666666666667
