task 1：
目标函数：317.043
决策变量：
x
t1  （大小 4）	t1  （大小 4）	v1  （大小 2）	值
1	1	1	0
1	1	2	0
1	2	1	0
1	2	2	1
1	3	1	0
1	3	2	0
1	4	1	0
1	4	2	0
2	1	1	0
2	1	2	0
2	2	1	0
2	2	2	0
2	3	1	0
2	3	2	1
2	4	1	0
2	4	2	0
3	1	1	0
3	1	2	0
3	2	1	0
3	2	2	0
3	3	1	0
3	3	2	0
3	4	1	0
3	4	2	1
4	1	1	0
4	1	2	1
4	2	1	0
4	2	2	0
4	3	1	0
4	3	2	0
4	4	1	0
4	4	2	0

y
t1  （大小 4）	值
1	0
2	1.46308748883995
3	3.59284164434495
4	6.29583484465649

时间：2.15

task 2：
目标函数：341.82
决策变量：
x
t1  （大小 4）	t1  （大小 4）	v1  （大小 2）	值
1	1	1	0
1	1	2	0
1	2	1	0
1	2	2	0
1	3	1	0
1	3	2	0
1	4	1	1
1	4	2	0
2	1	1	1
2	1	2	0
2	2	1	0
2	2	2	0
2	3	1	0
2	3	2	0
2	4	1	0
2	4	2	0
3	1	1	0
3	1	2	0
3	2	1	1
3	2	2	0
3	3	1	0
3	3	2	0
3	4	1	0
3	4	2	0
4	1	1	0
4	1	2	0
4	2	1	0
4	2	2	0
4	3	1	1
4	3	2	0
4	4	1	0
4	4	2	0

y
t1  （大小 4）	值
1	0
2	5.2882535758678
3	2.82689194036598
4	1.50778221853732

时间：2.13
