最优解为:8902.5477
最优解路径:

Best_route =

  1 至 24 列

    89    90    85    86   115   116     1     2    87    88    59    60   127   128     0     0     0     0     0     0     0     0     0     0
    21    22    51    52   103   104    67    68     9    10     0     0     0     0     0     0     0     0     0     0     0     0     0     0
     0     0     0     0     0     0     0     0     0     0     0     0     0     0     0     0     0     0     0     0     0     0     0     0
     0     0     0     0     0     0     0     0     0     0     0     0     0     0     0     0     0     0     0     0     0     0     0     0
   143   144   135   136   153   154   119   120    93    94     0     0     0     0     0     0     0     0     0     0     0     0     0     0
    45    46    25    26   123   124    33    34   155   156   141   142     0     0     0     0     0     0     0     0     0     0     0     0
   107   108    75    76    65    66    15    16    83    84     0     0     0     0     0     0     0     0     0     0     0     0     0     0
    63    64   113   114     5     6   157   158    19    20   149   150     0     0     0     0     0     0     0     0     0     0     0     0
    57    58    31    32   131   132    69    70   133   134   159   160     0     0     0     0     0     0     0     0     0     0     0     0
    61    62     7     8    13    14   101   102    37    38    95    96     0     0     0     0     0     0     0     0     0     0     0     0
    55    56   139   140   151   152   109   110    71    72   121   122     0     0     0     0     0     0     0     0     0     0     0     0
    43    44    79    80    77    78    91    92    53    54    82     0     0     0     0     0     0     0     0     0     0     0     0     0
     0     0     0     0     0     0     0     0     0     0     0     0     0     0     0     0     0     0     0     0     0     0     0     0
     0     0     0     0     0     0     0     0     0     0     0     0     0     0     0     0     0     0     0     0     0     0     0     0
    23    24    99   100    49    50   125   126    41    42     0     0     0     0     0     0     0     0     0     0     0     0     0     0
   137   138     3     4    27    28    35    36    47    48   117   118     0     0     0     0     0     0     0     0     0     0     0     0
   129   130   147   148    11    12   145   146    29    30   111   112     0     0     0     0     0     0     0     0     0     0     0     0
     0     0     0     0     0     0     0     0     0     0     0     0     0     0     0     0     0     0     0     0     0     0     0     0
     0     0     0     0     0     0     0     0     0     0     0     0     0     0     0     0     0     0     0     0     0     0     0     0
    73    74    97    98    39    40    17    18   105   106    81     0     0     0     0     0     0     0     0     0     0     0     0     0

  25 至 48 列

     0     0     0     0     0     0     0     0     0     0     0     0     0     0     0     0     0     0     0     0     0     0     0     0
     0     0     0     0     0     0     0     0     0     0     0     0     0     0     0     0     0     0     0     0     0     0     0     0
     0     0     0     0     0     0     0     0     0     0     0     0     0     0     0     0     0     0     0     0     0     0     0     0
     0     0     0     0     0     0     0     0     0     0     0     0     0     0     0     0     0     0     0     0     0     0     0     0
     0     0     0     0     0     0     0     0     0     0     0     0     0     0     0     0     0     0     0     0     0     0     0     0
     0     0     0     0     0     0     0     0     0     0     0     0     0     0     0     0     0     0     0     0     0     0     0     0
     0     0     0     0     0     0     0     0     0     0     0     0     0     0     0     0     0     0     0     0     0     0     0     0
     0     0     0     0     0     0     0     0     0     0     0     0     0     0     0     0     0     0     0     0     0     0     0     0
     0     0     0     0     0     0     0     0     0     0     0     0     0     0     0     0     0     0     0     0     0     0     0     0
     0     0     0     0     0     0     0     0     0     0     0     0     0     0     0     0     0     0     0     0     0     0     0     0
     0     0     0     0     0     0     0     0     0     0     0     0     0     0     0     0     0     0     0     0     0     0     0     0
     0     0     0     0     0     0     0     0     0     0     0     0     0     0     0     0     0     0     0     0     0     0     0     0
     0     0     0     0     0     0     0     0     0     0     0     0     0     0     0     0     0     0     0     0     0     0     0     0
     0     0     0     0     0     0     0     0     0     0     0     0     0     0     0     0     0     0     0     0     0     0     0     0
     0     0     0     0     0     0     0     0     0     0     0     0     0     0     0     0     0     0     0     0     0     0     0     0
     0     0     0     0     0     0     0     0     0     0     0     0     0     0     0     0     0     0     0     0     0     0     0     0
     0     0     0     0     0     0     0     0     0     0     0     0     0     0     0     0     0     0     0     0     0     0     0     0
     0     0     0     0     0     0     0     0     0     0     0     0     0     0     0     0     0     0     0     0     0     0     0     0
     0     0     0     0     0     0     0     0     0     0     0     0     0     0     0     0     0     0     0     0     0     0     0     0
     0     0     0     0     0     0     0     0     0     0     0     0     0     0     0     0     0     0     0     0     0     0     0     0

  49 至 72 列

     0     0     0     0     0     0     0     0     0     0     0     0     0     0     0     0     0     0     0     0     0     0     0     0
     0     0     0     0     0     0     0     0     0     0     0     0     0     0     0     0     0     0     0     0     0     0     0     0
     0     0     0     0     0     0     0     0     0     0     0     0     0     0     0     0     0     0     0     0     0     0     0     0
     0     0     0     0     0     0     0     0     0     0     0     0     0     0     0     0     0     0     0     0     0     0     0     0
     0     0     0     0     0     0     0     0     0     0     0     0     0     0     0     0     0     0     0     0     0     0     0     0
     0     0     0     0     0     0     0     0     0     0     0     0     0     0     0     0     0     0     0     0     0     0     0     0
     0     0     0     0     0     0     0     0     0     0     0     0     0     0     0     0     0     0     0     0     0     0     0     0
     0     0     0     0     0     0     0     0     0     0     0     0     0     0     0     0     0     0     0     0     0     0     0     0
     0     0     0     0     0     0     0     0     0     0     0     0     0     0     0     0     0     0     0     0     0     0     0     0
     0     0     0     0     0     0     0     0     0     0     0     0     0     0     0     0     0     0     0     0     0     0     0     0
     0     0     0     0     0     0     0     0     0     0     0     0     0     0     0     0     0     0     0     0     0     0     0     0
     0     0     0     0     0     0     0     0     0     0     0     0     0     0     0     0     0     0     0     0     0     0     0     0
     0     0     0     0     0     0     0     0     0     0     0     0     0     0     0     0     0     0     0     0     0     0     0     0
     0     0     0     0     0     0     0     0     0     0     0     0     0     0     0     0     0     0     0     0     0     0     0     0
     0     0     0     0     0     0     0     0     0     0     0     0     0     0     0     0     0     0     0     0     0     0     0     0
     0     0     0     0     0     0     0     0     0     0     0     0     0     0     0     0     0     0     0     0     0     0     0     0
     0     0     0     0     0     0     0     0     0     0     0     0     0     0     0     0     0     0     0     0     0     0     0     0
     0     0     0     0     0     0     0     0     0     0     0     0     0     0     0     0     0     0     0     0     0     0     0     0
     0     0     0     0     0     0     0     0     0     0     0     0     0     0     0     0     0     0     0     0     0     0     0     0
     0     0     0     0     0     0     0     0     0     0     0     0     0     0     0     0     0     0     0     0     0     0     0     0

  73 至 96 列

     0     0     0     0     0     0     0     0     0     0     0     0     0     0     0     0     0     0     0     0     0     0     0     0
     0     0     0     0     0     0     0     0     0     0     0     0     0     0     0     0     0     0     0     0     0     0     0     0
     0     0     0     0     0     0     0     0     0     0     0     0     0     0     0     0     0     0     0     0     0     0     0     0
     0     0     0     0     0     0     0     0     0     0     0     0     0     0     0     0     0     0     0     0     0     0     0     0
     0     0     0     0     0     0     0     0     0     0     0     0     0     0     0     0     0     0     0     0     0     0     0     0
     0     0     0     0     0     0     0     0     0     0     0     0     0     0     0     0     0     0     0     0     0     0     0     0
     0     0     0     0     0     0     0     0     0     0     0     0     0     0     0     0     0     0     0     0     0     0     0     0
     0     0     0     0     0     0     0     0     0     0     0     0     0     0     0     0     0     0     0     0     0     0     0     0
     0     0     0     0     0     0     0     0     0     0     0     0     0     0     0     0     0     0     0     0     0     0     0     0
     0     0     0     0     0     0     0     0     0     0     0     0     0     0     0     0     0     0     0     0     0     0     0     0
     0     0     0     0     0     0     0     0     0     0     0     0     0     0     0     0     0     0     0     0     0     0     0     0
     0     0     0     0     0     0     0     0     0     0     0     0     0     0     0     0     0     0     0     0     0     0     0     0
     0     0     0     0     0     0     0     0     0     0     0     0     0     0     0     0     0     0     0     0     0     0     0     0
     0     0     0     0     0     0     0     0     0     0     0     0     0     0     0     0     0     0     0     0     0     0     0     0
     0     0     0     0     0     0     0     0     0     0     0     0     0     0     0     0     0     0     0     0     0     0     0     0
     0     0     0     0     0     0     0     0     0     0     0     0     0     0     0     0     0     0     0     0     0     0     0     0
     0     0     0     0     0     0     0     0     0     0     0     0     0     0     0     0     0     0     0     0     0     0     0     0
     0     0     0     0     0     0     0     0     0     0     0     0     0     0     0     0     0     0     0     0     0     0     0     0
     0     0     0     0     0     0     0     0     0     0     0     0     0     0     0     0     0     0     0     0     0     0     0     0
     0     0     0     0     0     0     0     0     0     0     0     0     0     0     0     0     0     0     0     0     0     0     0     0

  97 至 120 列

     0     0     0     0     0     0     0     0     0     0     0     0     0     0     0     0     0     0     0     0     0     0     0     0
     0     0     0     0     0     0     0     0     0     0     0     0     0     0     0     0     0     0     0     0     0     0     0     0
     0     0     0     0     0     0     0     0     0     0     0     0     0     0     0     0     0     0     0     0     0     0     0     0
     0     0     0     0     0     0     0     0     0     0     0     0     0     0     0     0     0     0     0     0     0     0     0     0
     0     0     0     0     0     0     0     0     0     0     0     0     0     0     0     0     0     0     0     0     0     0     0     0
     0     0     0     0     0     0     0     0     0     0     0     0     0     0     0     0     0     0     0     0     0     0     0     0
     0     0     0     0     0     0     0     0     0     0     0     0     0     0     0     0     0     0     0     0     0     0     0     0
     0     0     0     0     0     0     0     0     0     0     0     0     0     0     0     0     0     0     0     0     0     0     0     0
     0     0     0     0     0     0     0     0     0     0     0     0     0     0     0     0     0     0     0     0     0     0     0     0
     0     0     0     0     0     0     0     0     0     0     0     0     0     0     0     0     0     0     0     0     0     0     0     0
     0     0     0     0     0     0     0     0     0     0     0     0     0     0     0     0     0     0     0     0     0     0     0     0
     0     0     0     0     0     0     0     0     0     0     0     0     0     0     0     0     0     0     0     0     0     0     0     0
     0     0     0     0     0     0     0     0     0     0     0     0     0     0     0     0     0     0     0     0     0     0     0     0
     0     0     0     0     0     0     0     0     0     0     0     0     0     0     0     0     0     0     0     0     0     0     0     0
     0     0     0     0     0     0     0     0     0     0     0     0     0     0     0     0     0     0     0     0     0     0     0     0
     0     0     0     0     0     0     0     0     0     0     0     0     0     0     0     0     0     0     0     0     0     0     0     0
     0     0     0     0     0     0     0     0     0     0     0     0     0     0     0     0     0     0     0     0     0     0     0     0
     0     0     0     0     0     0     0     0     0     0     0     0     0     0     0     0     0     0     0     0     0     0     0     0
     0     0     0     0     0     0     0     0     0     0     0     0     0     0     0     0     0     0     0     0     0     0     0     0
     0     0     0     0     0     0     0     0     0     0     0     0     0     0     0     0     0     0     0     0     0     0     0     0

  121 至 144 列

     0     0     0     0     0     0     0     0     0     0     0     0     0     0     0     0     0     0     0     0     0     0     0     0
     0     0     0     0     0     0     0     0     0     0     0     0     0     0     0     0     0     0     0     0     0     0     0     0
     0     0     0     0     0     0     0     0     0     0     0     0     0     0     0     0     0     0     0     0     0     0     0     0
     0     0     0     0     0     0     0     0     0     0     0     0     0     0     0     0     0     0     0     0     0     0     0     0
     0     0     0     0     0     0     0     0     0     0     0     0     0     0     0     0     0     0     0     0     0     0     0     0
     0     0     0     0     0     0     0     0     0     0     0     0     0     0     0     0     0     0     0     0     0     0     0     0
     0     0     0     0     0     0     0     0     0     0     0     0     0     0     0     0     0     0     0     0     0     0     0     0
     0     0     0     0     0     0     0     0     0     0     0     0     0     0     0     0     0     0     0     0     0     0     0     0
     0     0     0     0     0     0     0     0     0     0     0     0     0     0     0     0     0     0     0     0     0     0     0     0
     0     0     0     0     0     0     0     0     0     0     0     0     0     0     0     0     0     0     0     0     0     0     0     0
     0     0     0     0     0     0     0     0     0     0     0     0     0     0     0     0     0     0     0     0     0     0     0     0
     0     0     0     0     0     0     0     0     0     0     0     0     0     0     0     0     0     0     0     0     0     0     0     0
     0     0     0     0     0     0     0     0     0     0     0     0     0     0     0     0     0     0     0     0     0     0     0     0
     0     0     0     0     0     0     0     0     0     0     0     0     0     0     0     0     0     0     0     0     0     0     0     0
     0     0     0     0     0     0     0     0     0     0     0     0     0     0     0     0     0     0     0     0     0     0     0     0
     0     0     0     0     0     0     0     0     0     0     0     0     0     0     0     0     0     0     0     0     0     0     0     0
     0     0     0     0     0     0     0     0     0     0     0     0     0     0     0     0     0     0     0     0     0     0     0     0
     0     0     0     0     0     0     0     0     0     0     0     0     0     0     0     0     0     0     0     0     0     0     0     0
     0     0     0     0     0     0     0     0     0     0     0     0     0     0     0     0     0     0     0     0     0     0     0     0
     0     0     0     0     0     0     0     0     0     0     0     0     0     0     0     0     0     0     0     0     0     0     0     0

  145 至 161 列

     0     0     0     0     0     0     0     0     0     0     0     0     0     0     0     0     0
     0     0     0     0     0     0     0     0     0     0     0     0     0     0     0     0     0
     0     0     0     0     0     0     0     0     0     0     0     0     0     0     0     0     0
     0     0     0     0     0     0     0     0     0     0     0     0     0     0     0     0     0
     0     0     0     0     0     0     0     0     0     0     0     0     0     0     0     0     0
     0     0     0     0     0     0     0     0     0     0     0     0     0     0     0     0     0
     0     0     0     0     0     0     0     0     0     0     0     0     0     0     0     0     0
     0     0     0     0     0     0     0     0     0     0     0     0     0     0     0     0     0
     0     0     0     0     0     0     0     0     0     0     0     0     0     0     0     0     0
     0     0     0     0     0     0     0     0     0     0     0     0     0     0     0     0     0
     0     0     0     0     0     0     0     0     0     0     0     0     0     0     0     0     0
     0     0     0     0     0     0     0     0     0     0     0     0     0     0     0     0     0
     0     0     0     0     0     0     0     0     0     0     0     0     0     0     0     0     0
     0     0     0     0     0     0     0     0     0     0     0     0     0     0     0     0     0
     0     0     0     0     0     0     0     0     0     0     0     0     0     0     0     0     0
     0     0     0     0     0     0     0     0     0     0     0     0     0     0     0     0     0
     0     0     0     0     0     0     0     0     0     0     0     0     0     0     0     0     0
     0     0     0     0     0     0     0     0     0     0     0     0     0     0     0     0     0
     0     0     0     0     0     0     0     0     0     0     0     0     0     0     0     0     0
     0     0     0     0     0     0     0     0     0     0     0     0     0     0     0     0     0

本次运算用时:4609.23秒
算法在第97代时收敛


best
10100.4362975657
10100.4362975657
10100.4362975657
10001.7995866155
10001.7995866155
9873.12452479790
9859.33051188784
9859.33051188784
9859.33051188784
9473.40846501945
9473.40846501945
9473.40846501945
9402.60688841113
9172.79971553390
9172.79971553390
9172.79971553390
9172.79971553390
9172.79971553390
9172.79971553390
9172.79971553390
9172.79971553390
9172.79971553390
9172.79971553390
9172.79971553390
9172.79971553390
9172.79971553390
9172.79971553390
9172.79971553390
9172.79971553390
9172.79971553390
9172.79971553390
9172.79971553390
9172.79971553390
9172.79971553390
9172.79971553390
9172.79971553390
9172.79971553390
9172.79971553390
9172.79971553390
9172.79971553390
9172.79971553390
9172.79971553390
9172.79971553390
9154.49112260629
9154.49112260629
9154.49112260629
9154.49112260629
9154.49112260629
9154.49112260629
9154.49112260629
9154.49112260629
9154.49112260629
9154.49112260629
9154.49112260629
9154.49112260629
9154.49112260629
9154.49112260629
9154.49112260629
9154.49112260629
9154.49112260629
9154.49112260629
9154.49112260629
9154.49112260629
9154.49112260629
9154.49112260629
9154.49112260629
9154.49112260629
9154.49112260629
9154.49112260629
9033.20877225493
9033.20877225493
9033.20877225493
9033.20877225493
9033.20877225493
9033.20877225493
9033.20877225493
9033.20877225493
9033.20877225493
9033.20877225493
9033.20877225493
9033.20877225493
9033.20877225493
9033.20877225493
9033.20877225493
9033.20877225493
9033.20877225493
9033.20877225493
9033.20877225493
9033.20877225493
9033.20877225493
9033.20877225493
9033.20877225493
9033.20877225493
9033.20877225493
9033.20877225493
9033.20877225493
8902.54770719453
8902.54770719453
8902.54770719453
8902.54770719453
8902.54770719453
8902.54770719453
8902.54770719453
8902.54770719453
8902.54770719453
8902.54770719453
8902.54770719453
8902.54770719453
8902.54770719453
8902.54770719453
8902.54770719453
8902.54770719453
8902.54770719453
8902.54770719453
8902.54770719453
8902.54770719453
8902.54770719453
8902.54770719453
8902.54770719453
8902.54770719453
8902.54770719453
8902.54770719453
8902.54770719453
8902.54770719453
8902.54770719453
8902.54770719453
8902.54770719453
8902.54770719453
8902.54770719453
8902.54770719453
8902.54770719453
8902.54770719453
8902.54770719453
8902.54770719453
8902.54770719453
8902.54770719453
8902.54770719453
8902.54770719453
8902.54770719453
8902.54770719453
8902.54770719453
8902.54770719453
8902.54770719453
8902.54770719453
8902.54770719453
8902.54770719453
8902.54770719453
8902.54770719453
8902.54770719453
8902.54770719453
8902.54770719453
8902.54770719453
8902.54770719453
8902.54770719453
8902.54770719453
8902.54770719453
8902.54770719453
8902.54770719453
8902.54770719453
8902.54770719453
8902.54770719453
8902.54770719453
8902.54770719453
8902.54770719453
8902.54770719453
8902.54770719453
8902.54770719453
8902.54770719453
8902.54770719453
8902.54770719453
8902.54770719453
8902.54770719453
8902.54770719453
8902.54770719453
8902.54770719453
8902.54770719453
8902.54770719453
8902.54770719453
8902.54770719453
8902.54770719453
8902.54770719453
8902.54770719453
8902.54770719453
8902.54770719453
8902.54770719453
8902.54770719453
8902.54770719453
8902.54770719453
8902.54770719453
8902.54770719453
8902.54770719453
8902.54770719453
8902.54770719453
8902.54770719453
8902.54770719453
8902.54770719453
8902.54770719453
8902.54770719453
8902.54770719453
8902.54770719453
8902.54770719453
8902.54770719453
8902.54770719453
8902.54770719453
8902.54770719453
8902.54770719453
8902.54770719453
8902.54770719453
8902.54770719453
8902.54770719453
8902.54770719453
8902.54770719453
8902.54770719453
8902.54770719453
8902.54770719453
8902.54770719453
8902.54770719453
8902.54770719453
8902.54770719453
8902.54770719453
8902.54770719453
8902.54770719453
8902.54770719453
8902.54770719453
8902.54770719453
8902.54770719453
8902.54770719453
8902.54770719453
8902.54770719453
8902.54770719453
8902.54770719453
8902.54770719453
8902.54770719453
8902.54770719453
8902.54770719453
8902.54770719453
8902.54770719453
8902.54770719453
8902.54770719453
8902.54770719453
8902.54770719453
8902.54770719453
8902.54770719453
8902.54770719453
8902.54770719453
8902.54770719453
8902.54770719453
8902.54770719453
8902.54770719453
8902.54770719453
8902.54770719453
8902.54770719453
8902.54770719453
8902.54770719453
8902.54770719453
8902.54770719453
8902.54770719453
8902.54770719453
8902.54770719453
8902.54770719453
8902.54770719453
8902.54770719453
8902.54770719453
8902.54770719453
8902.54770719453
8902.54770719453
8902.54770719453
8902.54770719453
8902.54770719453
8902.54770719453
8902.54770719453
8902.54770719453
8902.54770719453
8902.54770719453
8902.54770719453
8902.54770719453
8902.54770719453
8902.54770719453
8902.54770719453
8902.54770719453
8902.54770719453
8902.54770719453
8902.54770719453
8902.54770719453
8902.54770719453
8902.54770719453
8902.54770719453
8902.54770719453
8902.54770719453
8902.54770719453
8902.54770719453
8902.54770719453
8902.54770719453
8902.54770719453
8902.54770719453
8902.54770719453
8902.54770719453
8902.54770719453
8902.54770719453
8902.54770719453
8902.54770719453
8902.54770719453
8902.54770719453
8902.54770719453
8902.54770719453
8902.54770719453
8902.54770719453
8902.54770719453
8902.54770719453
8902.54770719453
8902.54770719453
8902.54770719453
8902.54770719453
8902.54770719453
8902.54770719453
8902.54770719453
8902.54770719453
8902.54770719453
8902.54770719453
8902.54770719453
8902.54770719453
8902.54770719453
8902.54770719453
8902.54770719453
8902.54770719453
8902.54770719453
8902.54770719453
8902.54770719453
8902.54770719453
8902.54770719453
8902.54770719453
8902.54770719453
8902.54770719453
8902.54770719453
8902.54770719453
8902.54770719453
8902.54770719453
8902.54770719453
8902.54770719453
8902.54770719453
8902.54770719453
8902.54770719453
8902.54770719453
8902.54770719453
8902.54770719453
8902.54770719453
8902.54770719453
8902.54770719453
8902.54770719453
8902.54770719453
8902.54770719453
8902.54770719453
8902.54770719453
8902.54770719453
8902.54770719453
8902.54770719453
8902.54770719453
8902.54770719453
8902.54770719453
8902.54770719453
8902.54770719453
8902.54770719453
8902.54770719453
8902.54770719453
8902.54770719453
8902.54770719453
8902.54770719453
8902.54770719453
8902.54770719453
8902.54770719453
8902.54770719453
8902.54770719453
8902.54770719453
8902.54770719453
8902.54770719453
8902.54770719453
8902.54770719453
8902.54770719453
8902.54770719453
8902.54770719453
8902.54770719453
8902.54770719453
8902.54770719453
8902.54770719453
8902.54770719453
8902.54770719453
8902.54770719453
8902.54770719453
8902.54770719453
8902.54770719453
8902.54770719453
8902.54770719453
8902.54770719453
8902.54770719453
8902.54770719453
8902.54770719453
8902.54770719453
8902.54770719453
8902.54770719453
8902.54770719453
8902.54770719453
8902.54770719453
8902.54770719453
8902.54770719453
8902.54770719453
8902.54770719453
8902.54770719453
8902.54770719453
8902.54770719453
8902.54770719453
8902.54770719453
8902.54770719453
8902.54770719453
8902.54770719453
8902.54770719453
8902.54770719453
8902.54770719453
8902.54770719453
8902.54770719453
8902.54770719453
8902.54770719453
8902.54770719453
8902.54770719453
8902.54770719453
8902.54770719453
8902.54770719453
8902.54770719453
8902.54770719453
8902.54770719453
8902.54770719453
8902.54770719453
8902.54770719453
8902.54770719453
8902.54770719453
8902.54770719453
8902.54770719453
8902.54770719453
8902.54770719453
8902.54770719453
8902.54770719453
8902.54770719453
8902.54770719453
8902.54770719453
8902.54770719453
8902.54770719453
8902.54770719453
8902.54770719453
8902.54770719453
8902.54770719453
8902.54770719453
8902.54770719453
8902.54770719453
8902.54770719453
8902.54770719453
8902.54770719453
8902.54770719453
8902.54770719453
8902.54770719453
8902.54770719453
8902.54770719453
8902.54770719453
8902.54770719453
8902.54770719453
8902.54770719453
8902.54770719453
8902.54770719453
8902.54770719453
8902.54770719453
8902.54770719453
8902.54770719453
8902.54770719453
8902.54770719453
8902.54770719453
8902.54770719453
8902.54770719453
8902.54770719453
8902.54770719453
8902.54770719453
8902.54770719453
8902.54770719453
8902.54770719453
8902.54770719453
8902.54770719453
8902.54770719453
8902.54770719453
8902.54770719453
8902.54770719453
8902.54770719453
8902.54770719453
8902.54770719453
8902.54770719453
8902.54770719453
8902.54770719453
8902.54770719453
8902.54770719453
8902.54770719453
8902.54770719453
8902.54770719453
8902.54770719453
8902.54770719453

ave
12360.1419979007
12530.9865142465
12347.3209208420
12467.2477078418
12251.6155164409
12254.3107180527
12354.4431615132
12156.2260374440
12314.2092908345
12186.1272173032
12448.7151225848
12397.8287713639
12161.1818159985
11755.1463388022
12089.6431192957
11768.9684144024
12195.5256935624
12251.5190575011
12591.9121523614
12674.2258489262
12047.0591589245
12301.7356506408
12076.4226848794
12005.8770147155
11549.7155416446
11369.3969912346
11864.8209279722
11974.2005812840
11015.6597102756
11177.1225157858
11065.7286720682
10761.5720705337
12133.2029093394
11412.0725075037
11378.8397700787
11693.9840210390
11583.6533627080
11346.6099427299
11564.1347544085
11102.1046246344
11528.4592926263
11451.3530554621
11667.4445015984
11529.7463990461
11449.5635229750
11789.1942551485
11253.9069631488
10562.7281907921
11097.1920475379
10722.6761533824
11142.7868516007
11298.9529586543
11665.2694746298
11190.1973574727
11551.7945922677
11083.9409876151
11534.6873760154
11624.8291514775
11615.9780004944
11061.9419981224
11867.2267461642
11045.7037104106
11851.0366206494
11359.8526772233
11546.8238382155
11380.8804888365
11188.8320358504
11329.4638946650
11170.5621369547
10537.4060033979
11550.2521664619
11415.7627226528
11644.8272215556
11564.9836205468
11125.3204051947
11606.0945667362
11054.5899301273
10955.6236634792
11319.3055338128
10899.9099590189
11515.5579194310
11619.3397724449
11507.8098640673
11385.9681532342
11760.7601979190
11650.2811060338
11619.7222785592
11468.7592862371
11408.9998933075
11348.8752548830
11576.7618537931
11755.6572508084
11323.4680949893
12280.9661321809
11901.4925827333
11733.4260127744
11062.4195341204
11429.0265579870
10920.8206614864
11125.5636275836
11485.3359276781
11363.9895419339
11139.6350125676
10901.8144596358
11461.2615892926
11371.0680586233
11316.7011026760
11886.5976771816
11519.4006909626
10911.4201928527
11469.3000920815
11048.1293393786
11377.2199691010
11029.1515835194
11148.8579060945
11001.5264992380
11281.7712391794
11434.4894544285
10927.6106198722
11016.5525432816
11723.0155558022
11003.6301114112
11196.9184657531
10875.9289000362
11602.7912451841
11197.0489178519
11008.2245158140
11005.6572053419
11480.9646080025
11429.8831907740
11372.5838452571
11846.7266261287
11187.5150165681
11588.1644117393
11062.1361192350
11530.3917860458
11198.5300934040
11129.2193494547
10939.1284927980
11243.8705898348
11796.8529229306
11196.1136226019
10992.8806819560
11648.7666508296
12027.2362843357
11448.6355186939
12262.4181108720
11513.1439582403
11647.1714746734
11643.5386658758
11423.1417537263
12051.1348575683
11350.1524403125
11841.5427607742
11215.3865954659
11393.5960229462
10907.0514698510
11253.5353280850
11822.8628448599
11476.4987164921
11543.7503916288
11240.0381084376
10964.8842777424
11548.1759324200
11907.9940200134
11017.0604659580
11050.7203088402
11137.7410372790
11562.2046209984
11582.5379878215
11003.1833995869
11485.3210470491
11605.1151120322
11849.1426673653
11582.7694731888
11160.8314804674
10937.3158860248
11467.0273601796
11000.5746390323
11485.0597271763
11646.7093544712
11567.1236309811
11522.9657997625
11422.6657807949
11328.4296157840
11589.7940233944
11703.1789607329
11556.1005215628
11241.2928300710
10875.0395480866
11456.8310833074
11159.5320857521
11521.0245234017
11431.7828590527
11325.7783609061
10987.4606128273
11830.7468027760
11967.9455516036
11527.8039469336
11584.5967656552
11415.2188355109
11687.2863235952
11618.0469906547
11883.5592630839
11429.6959898856
11083.1077595926
11311.1882046040
11889.3584137118
11345.2225767502
11983.3091885355
11685.7904325025
11633.1839751905
12011.3306691545
11643.8686450196
11337.0566053899
10917.0052539764
11357.9989248041
11570.4336688115
11447.4335688898
10831.1184835946
11456.3496372191
11506.8560539245
11049.9014888011
11681.2099948544
10930.7321425255
11267.5628149160
11054.2583021843
10984.0270883799
11900.0821238686
11162.4008202387
11858.2822546064
11879.6673660169
11664.4275886211
11693.9612963879
11359.0993559993
11350.5460604370
11484.1366396861
11165.1677825546
11400.1461227345
11342.3778755501
11576.6501513203
11514.7279745149
12288.2333066399
11151.8517416589
11006.1198505040
11034.9403351158
11788.0469863230
11379.7778097166
11209.7920435686
11489.2867154755
11606.7999652763
11591.7016729197
11499.9996324379
10706.5579859173
11126.6087050104
11279.5562716906
11092.9616816498
11318.5903799379
11155.2513846541
11435.2165914159
11657.4409898339
11158.5590211756
11723.3512498298
11730.5301519515
11451.2617410093
11171.2784414991
11477.6001134411
10928.7325821917
11417.3645743882
11733.3598237411
11421.9209601422
11274.8660958998
10833.4404942830
11280.0071136332
11336.1037509758
11070.5317033369
11864.4242019006
11688.6919499945
11782.0082502995
11321.5880365722
11662.3155700308
11417.8073883701
11414.6569327648
11108.7242491514
11513.9006578110
11034.6251434533
11633.2335331596
11404.4030423017
10940.8073526051
11057.7117301665
11633.4657644892
11520.7524180575
11486.8615343195
11005.5349708949
11348.1217153750
11350.1567970520
11122.2419254262
11735.8063674050
11099.9963624931
11589.1682299313
11257.9725149119
11729.0209344080
11354.0753822531
11108.9325890110
11960.3178614185
12161.1628451320
10813.6198689921
12201.1423784890
11496.3904395250
11195.8465639774
11472.6569876018
11275.1977940617
11411.9448785575
11644.0266697144
11335.6911237753
10956.3175919448
11730.9428940069
11152.0048073036
11078.5855197853
10869.2977205919
11299.8066790319
11707.9783726047
11639.8562993335
12212.9955221017
11538.2145282252
11041.6706560809
11615.0426056205
11407.4974636937
11482.2325992342
11115.4761640314
11689.7248659281
11421.4797263165
11700.3249094040
11185.7428897320
10624.3240488133
11611.0736880772
11844.7692298308
11105.3444894205
11308.2618875835
11894.3838289514
11533.7257100969
11785.5332187167
11590.8934627557
11274.6442931335
11696.9529059723
11791.5696926537
12257.0474065674
11187.2247301292
11663.6443934331
11334.9547702268
11486.2591996183
11130.3084990446
11233.0313052427
11042.0024049994
11189.4999605745
11363.9697049144
11112.9335910865
11762.4291674656
11168.4219872901
11365.0914834294
11234.8920085025
11574.6422025627
11505.2188435694
11010.5719804349
10908.6705189935
11468.8810884869
11089.4411147851
10999.3694281166
11383.5446885612
10693.1451561853
11205.6276236000
11391.4082117423
11938.0717309070
11643.3748720795
11144.5302549521
11580.2735716235
10901.3804020918
11208.1716545069
11093.4451982405
10599.3873383123
10633.2155953632
11815.0214148484
11588.1842051148
11173.5348943635
11524.5548896162
11490.0617049885
11220.3836401287
11572.9370449090
11718.5440505057
11388.3770997789
11326.6848661530
11099.8589573237
11849.6200252294
11229.0858054924
12075.8595561697
11908.9151137710
11257.9923162328
11980.1322971200
11032.1147460861
11435.9327028486
11033.4518519663
11558.2345505881
11878.9908005232
11849.2722600234
11640.7062781850
11605.9434504635
10939.9335151673
11318.8070574442
11330.5181265064
11061.3694991510
11200.6395639683
12109.7103357973
11357.4777656558
11213.8976205893
10968.1203774361
11432.0626662115
11062.7953542091
11503.7261086438
11026.3031228877
11195.5439180997
11263.5556291579
11642.1760886335
11420.3013384981
11327.7881157112
11822.6201648984
11357.3301100926
11472.6434277563
11162.3182486710
11506.0007381878
11403.3163236172
11524.2426828640
11360.5294157053
11487.2571663728
11414.8542698072
11537.3072818371
10764.2283296101
10979.6048081012
10886.8153406906
11362.4079087846
11710.6650050829
10804.4744355916
10978.8172070004
12087.4465747403
11719.2541969843
11931.9101470424
11132.4602719785
12010.4268917469
11532.8211314381
11144.7868884626
11204.3632061984
11064.5096809485
12143.4283289002
11736.4207085921
11624.2262327072
11858.4642311505
11459.5528974372
11794.6039951917
10837.3294212936
11060.6203811491
11202.1749544875
11221.2368167893
11379.2159473699
11454.7264799454
11632.4595680805
10907.1115365141
11117.8502245665
11319.2816964837
11125.5567457499
11675.6586114385
11778.2080002092
11371.1002493443
11178.1339250684
10958.6119165745
11395.0540285997
11676.2323677362
11592.8984838271
11187.1929839593
11248.0787710246
11449.0318560488
11439.8626858450
11880.4329632632
11273.4995389280
11393.5769770815
11421.7721504022
11259.6581465686
10923.9875687016
11586.2216310230
11147.7934696507
11338.8008263452
11469.1153245543
11531.7968851709
11329.8446676289
11271.9033103189
11298.1268744915
11294.2323283653
11071.4510834605
11640.6257216653
11629.2322811591
11801.1937016818
11946.1766409764