实验环境：
VeiNum = 2
Q_ant = 70
AntNum = 25 
iter_max = 100

cus：
40	50
40	50
40	50
22	85
67	85
65	60
38	70

task：
3	4	3	0	1
4	2	4	1	0
2	5	1	0	1
5	3	2	3	0
2	6	1	0	1
6	3	2	5	0
2	7	1	0	1
7	3	2	7	0


抽取的客户节点编号为

Cus_select =

    14    92    88     9

各任务对应的的客户节点编号为

Task_Cus =

    14    92    88     9


Task_size: 8

vNum:2

Tasktime:
0
0.166666666666667
1.65060009937439
1.77176847193168
0.166666666666667
1.33981226755848
0.166666666666667
1.16916044772271
0.166666666666667

Linktime:
0	1.48393343270772	0.983933432707722	0	1.10510180526502	0	0.673145600891813	0	0.502493781056045
0.983933432707722	2.63453353208211	0	1.15060009937439	1.12500000000000	1.15060009937439	1.24348301154459	1.15060009937439	0.548292804986533
0	1.48393343270772	1.15060009937439	0	1.27176847193168	0	0.839812267558480	0	0.669160447722711
1.10510180526502	2.75570190463941	1.12500000000000	1.27176847193168	0	1.27176847193168	25.0798724079689	1.27176847193168	32.6496554346290
1.60510180526502	1.12500000000000	2.75570190463941	1.60510180526502	2.87687027719670	1.60510180526502	2.44491407282350	1.60510180526502	2.27426225298773
0.673145600891813	2.32374570026620	1.24348301154459	0.839812267558480	25.0798724079689	0.839812267558480	0	0.839812267558480	28.7923600977759
1.17314560089181	1.24348301154459	2.32374570026620	1.17314560089181	2.44491407282350	1.17314560089181	2.01295786845029	1.17314560089181	1.84230604861452
0.502493781056045	2.15309388043043	0.548292804986533	0.669160447722711	32.6496554346290	0.669160447722711	28.7923600977759	0.669160447722711	0
1.00249378105604	0.548292804986533	2.15309388043043	1.00249378105604	2.27426225298773	1.00249378105604	1.84230604861452	1.00249378105604	1.67165422877876



linktime（task1）
0	0.983933432707722	0	0	0
0	1.15060009937439	0	0	0
1.10510180526502	1.12500000000000	1.27176847193168	1.27176847193168	1.27176847193168
0.673145600891813	1.24348301154459	0.839812267558480	0.839812267558480	0.839812267558480
0.502493781056045	0.548292804986533	0.669160447722711	0.669160447722711	0.669160447722711

linktime（task2）
0	1.48393343270772	1.10510180526502	0.673145600891813	0.502493781056045
0.983933432707722	2.63453353208211	1.12500000000000	1.24348301154459	0.548292804986533
1.60510180526502	1.12500000000000	2.87687027719670	2.44491407282350	2.27426225298773
1.17314560089181	1.24348301154459	2.44491407282350	2.01295786845029	1.84230604861452
1.00249378105604	0.548292804986533	2.27426225298773	1.84230604861452	1.67165422877876

tasktime（1）
0
1.65060009937439
1.77176847193168
1.33981226755848
1.16916044772271


tasktime（2）
0
0.166666666666667
0.166666666666667
0.166666666666667
0.166666666666667