最优解为:6943.3725
最优解路径:

Best_route =

  1 至 24 列

     9    10    79    80    49    50    65    66    23    24    13     0     0     0     0     0     0     0     0     0     0     0     0     0
     0     0     0     0     0     0     0     0     0     0     0     0     0     0     0     0     0     0     0     0     0     0     0     0
     0     0     0     0     0     0     0     0     0     0     0     0     0     0     0     0     0     0     0     0     0     0     0     0
    77    78    59    25    26   117   118    82     0     0     0     0     0     0     0     0     0     0     0     0     0     0     0     0
    73    74    69    31    32    43    44   119    29    30    71    72     0     0     0     0     0     0     0     0     0     0     0     0
    35    36    16    68    41    42    34     0     0     0     0     0     0     0     0     0     0     0     0     0     0     0     0     0
    11    12    15    37    38     6    95    96   113     0     0     0     0     0     0     0     0     0     0     0     0     0     0     0
    27    28     3     4    39    40     8   105   106   120     0     0     0     0     0     0     0     0     0     0     0     0     0     0
     1    94    63    64   101    67    33    99   100   115   116     0     0     0     0     0     0     0     0     0     0     0     0     0
   111   112    91     7   109    19    47    48    85    86     0     0     0     0     0     0     0     0     0     0     0     0     0     0
     0     0     0     0     0     0     0     0     0     0     0     0     0     0     0     0     0     0     0     0     0     0     0     0
    55    56   110    70   102     0     0     0     0     0     0     0     0     0     0     0     0     0     0     0     0     0     0     0
   104    97    98    60    20     0     0     0     0     0     0     0     0     0     0     0     0     0     0     0     0     0     0     0
     0     0     0     0     0     0     0     0     0     0     0     0     0     0     0     0     0     0     0     0     0     0     0     0
    83    84    57    58    61    62    89    90    51    52    14     0     0     0     0     0     0     0     0     0     0     0     0     0
   103    93    45    46     5   107   108    53    54    21    22     0     0     0     0     0     0     0     0     0     0     0     0     0
     0     0     0     0     0     0     0     0     0     0     0     0     0     0     0     0     0     0     0     0     0     0     0     0
    87    88    81     2    17    18    75    76    92   114     0     0     0     0     0     0     0     0     0     0     0     0     0     0

  25 至 48 列

     0     0     0     0     0     0     0     0     0     0     0     0     0     0     0     0     0     0     0     0     0     0     0     0
     0     0     0     0     0     0     0     0     0     0     0     0     0     0     0     0     0     0     0     0     0     0     0     0
     0     0     0     0     0     0     0     0     0     0     0     0     0     0     0     0     0     0     0     0     0     0     0     0
     0     0     0     0     0     0     0     0     0     0     0     0     0     0     0     0     0     0     0     0     0     0     0     0
     0     0     0     0     0     0     0     0     0     0     0     0     0     0     0     0     0     0     0     0     0     0     0     0
     0     0     0     0     0     0     0     0     0     0     0     0     0     0     0     0     0     0     0     0     0     0     0     0
     0     0     0     0     0     0     0     0     0     0     0     0     0     0     0     0     0     0     0     0     0     0     0     0
     0     0     0     0     0     0     0     0     0     0     0     0     0     0     0     0     0     0     0     0     0     0     0     0
     0     0     0     0     0     0     0     0     0     0     0     0     0     0     0     0     0     0     0     0     0     0     0     0
     0     0     0     0     0     0     0     0     0     0     0     0     0     0     0     0     0     0     0     0     0     0     0     0
     0     0     0     0     0     0     0     0     0     0     0     0     0     0     0     0     0     0     0     0     0     0     0     0
     0     0     0     0     0     0     0     0     0     0     0     0     0     0     0     0     0     0     0     0     0     0     0     0
     0     0     0     0     0     0     0     0     0     0     0     0     0     0     0     0     0     0     0     0     0     0     0     0
     0     0     0     0     0     0     0     0     0     0     0     0     0     0     0     0     0     0     0     0     0     0     0     0
     0     0     0     0     0     0     0     0     0     0     0     0     0     0     0     0     0     0     0     0     0     0     0     0
     0     0     0     0     0     0     0     0     0     0     0     0     0     0     0     0     0     0     0     0     0     0     0     0
     0     0     0     0     0     0     0     0     0     0     0     0     0     0     0     0     0     0     0     0     0     0     0     0
     0     0     0     0     0     0     0     0     0     0     0     0     0     0     0     0     0     0     0     0     0     0     0     0

  49 至 72 列

     0     0     0     0     0     0     0     0     0     0     0     0     0     0     0     0     0     0     0     0     0     0     0     0
     0     0     0     0     0     0     0     0     0     0     0     0     0     0     0     0     0     0     0     0     0     0     0     0
     0     0     0     0     0     0     0     0     0     0     0     0     0     0     0     0     0     0     0     0     0     0     0     0
     0     0     0     0     0     0     0     0     0     0     0     0     0     0     0     0     0     0     0     0     0     0     0     0
     0     0     0     0     0     0     0     0     0     0     0     0     0     0     0     0     0     0     0     0     0     0     0     0
     0     0     0     0     0     0     0     0     0     0     0     0     0     0     0     0     0     0     0     0     0     0     0     0
     0     0     0     0     0     0     0     0     0     0     0     0     0     0     0     0     0     0     0     0     0     0     0     0
     0     0     0     0     0     0     0     0     0     0     0     0     0     0     0     0     0     0     0     0     0     0     0     0
     0     0     0     0     0     0     0     0     0     0     0     0     0     0     0     0     0     0     0     0     0     0     0     0
     0     0     0     0     0     0     0     0     0     0     0     0     0     0     0     0     0     0     0     0     0     0     0     0
     0     0     0     0     0     0     0     0     0     0     0     0     0     0     0     0     0     0     0     0     0     0     0     0
     0     0     0     0     0     0     0     0     0     0     0     0     0     0     0     0     0     0     0     0     0     0     0     0
     0     0     0     0     0     0     0     0     0     0     0     0     0     0     0     0     0     0     0     0     0     0     0     0
     0     0     0     0     0     0     0     0     0     0     0     0     0     0     0     0     0     0     0     0     0     0     0     0
     0     0     0     0     0     0     0     0     0     0     0     0     0     0     0     0     0     0     0     0     0     0     0     0
     0     0     0     0     0     0     0     0     0     0     0     0     0     0     0     0     0     0     0     0     0     0     0     0
     0     0     0     0     0     0     0     0     0     0     0     0     0     0     0     0     0     0     0     0     0     0     0     0
     0     0     0     0     0     0     0     0     0     0     0     0     0     0     0     0     0     0     0     0     0     0     0     0

  73 至 96 列

     0     0     0     0     0     0     0     0     0     0     0     0     0     0     0     0     0     0     0     0     0     0     0     0
     0     0     0     0     0     0     0     0     0     0     0     0     0     0     0     0     0     0     0     0     0     0     0     0
     0     0     0     0     0     0     0     0     0     0     0     0     0     0     0     0     0     0     0     0     0     0     0     0
     0     0     0     0     0     0     0     0     0     0     0     0     0     0     0     0     0     0     0     0     0     0     0     0
     0     0     0     0     0     0     0     0     0     0     0     0     0     0     0     0     0     0     0     0     0     0     0     0
     0     0     0     0     0     0     0     0     0     0     0     0     0     0     0     0     0     0     0     0     0     0     0     0
     0     0     0     0     0     0     0     0     0     0     0     0     0     0     0     0     0     0     0     0     0     0     0     0
     0     0     0     0     0     0     0     0     0     0     0     0     0     0     0     0     0     0     0     0     0     0     0     0
     0     0     0     0     0     0     0     0     0     0     0     0     0     0     0     0     0     0     0     0     0     0     0     0
     0     0     0     0     0     0     0     0     0     0     0     0     0     0     0     0     0     0     0     0     0     0     0     0
     0     0     0     0     0     0     0     0     0     0     0     0     0     0     0     0     0     0     0     0     0     0     0     0
     0     0     0     0     0     0     0     0     0     0     0     0     0     0     0     0     0     0     0     0     0     0     0     0
     0     0     0     0     0     0     0     0     0     0     0     0     0     0     0     0     0     0     0     0     0     0     0     0
     0     0     0     0     0     0     0     0     0     0     0     0     0     0     0     0     0     0     0     0     0     0     0     0
     0     0     0     0     0     0     0     0     0     0     0     0     0     0     0     0     0     0     0     0     0     0     0     0
     0     0     0     0     0     0     0     0     0     0     0     0     0     0     0     0     0     0     0     0     0     0     0     0
     0     0     0     0     0     0     0     0     0     0     0     0     0     0     0     0     0     0     0     0     0     0     0     0
     0     0     0     0     0     0     0     0     0     0     0     0     0     0     0     0     0     0     0     0     0     0     0     0

  97 至 120 列

     0     0     0     0     0     0     0     0     0     0     0     0     0     0     0     0     0     0     0     0     0     0     0     0
     0     0     0     0     0     0     0     0     0     0     0     0     0     0     0     0     0     0     0     0     0     0     0     0
     0     0     0     0     0     0     0     0     0     0     0     0     0     0     0     0     0     0     0     0     0     0     0     0
     0     0     0     0     0     0     0     0     0     0     0     0     0     0     0     0     0     0     0     0     0     0     0     0
     0     0     0     0     0     0     0     0     0     0     0     0     0     0     0     0     0     0     0     0     0     0     0     0
     0     0     0     0     0     0     0     0     0     0     0     0     0     0     0     0     0     0     0     0     0     0     0     0
     0     0     0     0     0     0     0     0     0     0     0     0     0     0     0     0     0     0     0     0     0     0     0     0
     0     0     0     0     0     0     0     0     0     0     0     0     0     0     0     0     0     0     0     0     0     0     0     0
     0     0     0     0     0     0     0     0     0     0     0     0     0     0     0     0     0     0     0     0     0     0     0     0
     0     0     0     0     0     0     0     0     0     0     0     0     0     0     0     0     0     0     0     0     0     0     0     0
     0     0     0     0     0     0     0     0     0     0     0     0     0     0     0     0     0     0     0     0     0     0     0     0
     0     0     0     0     0     0     0     0     0     0     0     0     0     0     0     0     0     0     0     0     0     0     0     0
     0     0     0     0     0     0     0     0     0     0     0     0     0     0     0     0     0     0     0     0     0     0     0     0
     0     0     0     0     0     0     0     0     0     0     0     0     0     0     0     0     0     0     0     0     0     0     0     0
     0     0     0     0     0     0     0     0     0     0     0     0     0     0     0     0     0     0     0     0     0     0     0     0
     0     0     0     0     0     0     0     0     0     0     0     0     0     0     0     0     0     0     0     0     0     0     0     0
     0     0     0     0     0     0     0     0     0     0     0     0     0     0     0     0     0     0     0     0     0     0     0     0
     0     0     0     0     0     0     0     0     0     0     0     0     0     0     0     0     0     0     0     0     0     0     0     0

  121 列

     0
     0
     0
     0
     0
     0
     0
     0
     0
     0
     0
     0
     0
     0
     0
     0
     0
     0

本次运算用时:3399.772秒
算法在第427代时收敛

best
7654.90784404722
7654.90784404722
7654.90784404722
7654.90784404722
7654.90784404722
7654.90784404722
7654.90784404722
7654.90784404722
7654.90784404722
7654.90784404722
7654.90784404722
7654.90784404722
7654.90784404722
7654.90784404722
7654.90784404722
7654.90784404722
7654.90784404722
7654.90784404722
7654.90784404722
7654.90784404722
7654.90784404722
7654.90784404722
7654.90784404722
7654.90784404722
7654.90784404722
7654.90784404722
7654.90784404722
7654.90784404722
7654.90784404722
7654.90784404722
7654.90784404722
7654.90784404722
7654.90784404722
7654.90784404722
7654.90784404722
7654.90784404722
7654.90784404722
7654.90784404722
7654.90784404722
7654.90784404722
7654.90784404722
7654.90784404722
7654.90784404722
7654.90784404722
7654.90784404722
7654.90784404722
7654.90784404722
7654.90784404722
7654.90784404722
7654.90784404722
7654.90784404722
7654.90784404722
7654.90784404722
7654.90784404722
7654.90784404722
7654.90784404722
7654.90784404722
7654.90784404722
7654.90784404722
7654.90784404722
7654.90784404722
7654.90784404722
7654.90784404722
7654.90784404722
7654.90784404722
7654.90784404722
7654.90784404722
7654.90784404722
7654.90784404722
7654.90784404722
7654.90784404722
7654.90784404722
7654.90784404722
7654.90784404722
7654.90784404722
7654.90784404722
7654.90784404722
7654.90784404722
7654.90784404722
7654.90784404722
7654.90784404722
7654.90784404722
7654.90784404722
7654.90784404722
7654.90784404722
7654.90784404722
7654.90784404722
7654.90784404722
7654.90784404722
7654.90784404722
7654.90784404722
7654.90784404722
7654.90784404722
7654.90784404722
7654.90784404722
7495.59754215420
7495.59754215420
7495.59754215420
7495.59754215420
7495.59754215420
7495.59754215420
7495.59754215420
7495.59754215420
7495.59754215420
7495.59754215420
7495.59754215420
7495.59754215420
7495.59754215420
7495.59754215420
7495.59754215420
7495.59754215420
7495.59754215420
7495.59754215420
7495.59754215420
7495.59754215420
7495.59754215420
7495.59754215420
7495.59754215420
7495.59754215420
7495.59754215420
7495.59754215420
7495.59754215420
7495.59754215420
7414.98163250450
7414.98163250450
7414.98163250450
7414.98163250450
7414.98163250450
7414.98163250450
7414.98163250450
7414.98163250450
7414.98163250450
7414.98163250450
7414.98163250450
7414.98163250450
7414.98163250450
7414.98163250450
7414.98163250450
7414.98163250450
7414.98163250450
7414.98163250450
7414.98163250450
7414.98163250450
7414.98163250450
7414.98163250450
7414.98163250450
7414.98163250450
7414.98163250450
7414.98163250450
7414.98163250450
7414.98163250450
7414.98163250450
7414.98163250450
7414.98163250450
7414.98163250450
7414.98163250450
7414.98163250450
7414.98163250450
7414.98163250450
7414.98163250450
7414.98163250450
7414.98163250450
7414.98163250450
7414.98163250450
7414.98163250450
7414.98163250450
7414.98163250450
7414.98163250450
7360.30343638254
7360.30343638254
7360.30343638254
7360.30343638254
7360.30343638254
7360.30343638254
7360.30343638254
7360.30343638254
7360.30343638254
7360.30343638254
7360.30343638254
7360.30343638254
7360.30343638254
7360.30343638254
7360.30343638254
7360.30343638254
7360.30343638254
7360.30343638254
7360.30343638254
7360.30343638254
7360.30343638254
7360.30343638254
7360.30343638254
7360.30343638254
7360.30343638254
7360.30343638254
7360.30343638254
7360.30343638254
7360.30343638254
7360.30343638254
7360.30343638254
7360.30343638254
7360.30343638254
7360.30343638254
7360.30343638254
7360.30343638254
7360.30343638254
7144.78190688212
7144.78190688212
7144.78190688212
7144.78190688212
7144.78190688212
7144.78190688212
7144.78190688212
7144.78190688212
7144.78190688212
7144.78190688212
7144.78190688212
7144.78190688212
7144.78190688212
7144.78190688212
7144.78190688212
7144.78190688212
7144.78190688212
7144.78190688212
7144.78190688212
7144.78190688212
7144.78190688212
7144.78190688212
7144.78190688212
7144.78190688212
7144.78190688212
7144.78190688212
7144.78190688212
7144.78190688212
7144.78190688212
7144.78190688212
7144.78190688212
7144.78190688212
7144.78190688212
7144.78190688212
7144.78190688212
7144.78190688212
7144.78190688212
7144.78190688212
7144.78190688212
7144.78190688212
7144.78190688212
7144.78190688212
7144.78190688212
7144.78190688212
7144.78190688212
7144.78190688212
7144.78190688212
7144.78190688212
7144.78190688212
7144.78190688212
7144.78190688212
7144.78190688212
7144.78190688212
7144.78190688212
7144.78190688212
7144.78190688212
7144.78190688212
7144.78190688212
7144.78190688212
7144.78190688212
7144.78190688212
7144.78190688212
7144.78190688212
7144.78190688212
7144.78190688212
7144.78190688212
7144.78190688212
7144.78190688212
7144.78190688212
7144.78190688212
7144.78190688212
7144.78190688212
7144.78190688212
7144.78190688212
7144.78190688212
7144.78190688212
7144.78190688212
7144.78190688212
7144.78190688212
7144.78190688212
7144.78190688212
7144.78190688212
7144.78190688212
7144.78190688212
7144.78190688212
7144.78190688212
7144.78190688212
7144.78190688212
7144.78190688212
7144.78190688212
7144.78190688212
7144.78190688212
7144.78190688212
7144.78190688212
7144.78190688212
7144.78190688212
7144.78190688212
7144.78190688212
7144.78190688212
7144.78190688212
7144.78190688212
7144.78190688212
7144.78190688212
7144.78190688212
7144.78190688212
7144.78190688212
7144.78190688212
7144.78190688212
7144.78190688212
7144.78190688212
7144.78190688212
7144.78190688212
7144.78190688212
7144.78190688212
7144.78190688212
7144.78190688212
7144.78190688212
7144.78190688212
7144.78190688212
7144.78190688212
7144.78190688212
7144.78190688212
7144.78190688212
7144.78190688212
7144.78190688212
7144.78190688212
7144.78190688212
7144.78190688212
7144.78190688212
7144.78190688212
7144.78190688212
7144.78190688212
7144.78190688212
7144.78190688212
7144.78190688212
7144.78190688212
7144.78190688212
7144.78190688212
7144.78190688212
7144.78190688212
7144.78190688212
7144.78190688212
7144.78190688212
7144.78190688212
7144.78190688212
7144.78190688212
7144.78190688212
7144.78190688212
7144.78190688212
7144.78190688212
7144.78190688212
7144.78190688212
7144.78190688212
7144.78190688212
7144.78190688212
7144.78190688212
7144.78190688212
7144.78190688212
7144.78190688212
7144.78190688212
7144.78190688212
7144.78190688212
7144.78190688212
7144.78190688212
7144.78190688212
7144.78190688212
7144.78190688212
7144.78190688212
7144.78190688212
7144.78190688212
7144.78190688212
7144.78190688212
7144.78190688212
7144.78190688212
7144.78190688212
7144.78190688212
7144.78190688212
7144.78190688212
7144.78190688212
7144.78190688212
7144.78190688212
7144.78190688212
7144.78190688212
7144.78190688212
7144.78190688212
7144.78190688212
7144.78190688212
7144.78190688212
7144.78190688212
7111.56871440132
7111.56871440132
7111.56871440132
7111.56871440132
7111.56871440132
7111.56871440132
7111.56871440132
7111.56871440132
7111.56871440132
7111.56871440132
7111.56871440132
7111.56871440132
7111.56871440132
7111.56871440132
7111.56871440132
7111.56871440132
7111.56871440132
7111.56871440132
7111.56871440132
7111.56871440132
7111.56871440132
7111.56871440132
7111.56871440132
7111.56871440132
7111.56871440132
7111.56871440132
7111.56871440132
7111.56871440132
7111.56871440132
7111.56871440132
7111.56871440132
7111.56871440132
6943.37252083406
6943.37252083406
6943.37252083406
6943.37252083406
6943.37252083406
6943.37252083406
6943.37252083406
6943.37252083406
6943.37252083406
6943.37252083406
6943.37252083406
6943.37252083406
6943.37252083406
6943.37252083406
6943.37252083406
6943.37252083406
6943.37252083406
6943.37252083406
6943.37252083406
6943.37252083406
6943.37252083406
6943.37252083406
6943.37252083406
6943.37252083406
6943.37252083406
6943.37252083406
6943.37252083406
6943.37252083406
6943.37252083406
6943.37252083406
6943.37252083406
6943.37252083406
6943.37252083406
6943.37252083406
6943.37252083406
6943.37252083406
6943.37252083406
6943.37252083406
6943.37252083406
6943.37252083406
6943.37252083406
6943.37252083406
6943.37252083406
6943.37252083406
6943.37252083406
6943.37252083406
6943.37252083406
6943.37252083406
6943.37252083406
6943.37252083406
6943.37252083406
6943.37252083406
6943.37252083406
6943.37252083406
6943.37252083406
6943.37252083406
6943.37252083406
6943.37252083406
6943.37252083406
6943.37252083406
6943.37252083406
6943.37252083406
6943.37252083406
6943.37252083406
6943.37252083406
6943.37252083406
6943.37252083406
6943.37252083406
6943.37252083406
6943.37252083406
6943.37252083406
6943.37252083406
6943.37252083406
6943.37252083406

ave
11565.7381833327
11443.1129035969
11426.4765836180
11528.5945172656
11754.7716442616
11595.9307295887
11754.2202548037
11524.0821538119
11626.6718981972
11404.3121325727
11847.8554249034
11012.7069084440
11873.7903892726
11464.7884207815
11353.8045328707
12022.7889014422
11634.4547790399
11668.0904583498
11887.3879736273
11794.2404357139
11843.9864179833
11290.9836587186
11392.1921138468
11878.1368416954
11633.6892203339
11376.0002428972
11660.6219596089
11605.2085767039
11562.6408021940
11188.0649760664
10990.5438415261
11179.7738463692
11506.0635267468
10954.8895398630
11532.7424598241
11309.2882619326
11099.9829949070
10896.6784691612
11024.4139228345
11088.7409986883
11115.3322498292
10932.1627869424
10966.1746286791
11019.2962647814
10747.2946896995
10906.6711231243
10552.8967344150
10720.1275351959
10759.3271378456
11115.5690061774
10871.7275181400
10909.4625175398
10518.8974148160
10616.7523899620
10609.7189926004
10347.5573512796
10535.2874170847
10567.2322618384
10442.7916023621
10600.8448090542
10393.2231503436
10749.3895275228
10334.1348642822
10811.8169871228
9841.26959327602
10473.8669853614
10659.6352065346
10440.6836809221
10513.9937041071
10414.9744062477
10569.7074692088
10451.6270248043
10129.7208994322
10551.1388282848
10656.8599495718
10032.3633040972
10153.6525499673
10283.8854371716
10487.4131626795
10618.3679172982
10172.8335813770
10006.3426494471
10450.1008436055
10237.9632897248
10065.8017075340
10328.2188096818
10526.7885551280
10150.0708390862
10038.1144384287
10193.8164197875
10483.8474557393
10011.5096264891
10367.0003481972
10736.1225974477
9717.71624084227
9439.25656555928
10169.7910767863
10475.4204508023
10291.6463552371
10368.7845012850
9969.78050992272
9944.55359532180
9844.63754299529
9782.25343617100
10130.9114323110
10367.6411421760
10148.9927662674
10052.8451943201
9810.21487255255
10019.9314889238
10065.4047467669
9660.27244404304
9801.29581569283
9508.28281711278
9625.27264270911
9670.79227449020
10021.6589823095
10145.9025810303
9949.02359577091
9823.53685726870
9707.56394312547
10147.1815800576
9537.05266073557
9912.14437721888
9556.16966824101
9756.22599547518
9698.45728188614
9745.62546085213
9765.50355368488
9961.46181806521
9590.12754466357
9717.93559817353
10215.8124590530
10038.3616853932
10012.4774793724
9701.57238858083
10176.2919964827
10075.9892020595
9748.50954365841
10046.9316353330
9738.55968889698
9940.13789233793
10495.9762377899
9553.34905092180
9571.07164010313
9586.97522116374
9536.65790208458
9943.21266551923
9715.35651307334
9791.17175359789
10097.4581554994
10008.9533953290
9428.10168578741
9464.39799632014
9413.37170395876
9513.77127776464
9732.73818021593
9852.16027939578
9500.79879469718
9337.87315569067
9554.32903340916
9131.00066997647
9425.23477533731
9412.35787055517
10188.4666583908
9709.77201600180
9196.77998209382
10093.7622003022
9635.27280103597
9210.16548643775
9503.39534682252
9641.27150028873
9864.46168727878
9796.50535169891
9592.46821861597
9829.26184214683
9450.09595474323
9747.87799364432
9407.51461180496
9466.11956318205
9480.75166160509
9901.26362465977
9419.50766140940
9601.20970813920
9776.21629301307
9466.41536179832
9977.78528594096
9924.08246909091
9658.92321684917
9769.16538371812
9790.45513314264
9287.95209846399
9517.95195629726
9379.69281988759
9406.06939576949
9450.99840082345
9888.40689769437
10027.4517910524
9750.70969120772
9814.13310183517
9496.50686434790
9697.67749023395
10075.9351071493
9635.19177033408
9711.40580262549
9429.55202033548
9083.03814574528
9537.94668516250
9564.63369355562
9197.34728352427
9209.09252269045
9545.26270520936
9472.36501394480
9192.97115969545
9379.96561314652
9448.19638995366
9027.34679318423
9913.79036731885
9602.01627717225
9711.28962601142
9607.50394850776
9376.92844011305
9431.97018925911
9488.02889237979
9859.73574315551
9647.50463446445
9940.52432060640
9698.06149942032
9753.59427068849
10451.3582561786
9591.13462131356
9690.60834387606
9815.60138852043
9653.50711823155
9466.50817615275
9568.01515297337
9450.60283487165
9770.55537627479
9591.91022167058
9449.52023804476
9422.20876403854
9594.22980642691
9229.60299413397
9360.23057090581
9256.41825481328
9383.42635532502
9434.19506693304
9711.06180967178
9548.73159158418
9388.33089884762
9164.99200674744
9438.18723976664
9606.38048903502
9809.39763628158
9604.42428157183
9662.68825111576
9526.97464590692
9866.83520395788
9724.05645061347
9465.73326224800
9658.25671232745
9961.91028221187
9799.94850262167
9861.60282094534
9946.81672823456
9637.52008151536
9836.44975014278
9596.33773854290
9607.40523640213
9423.57630195132
9984.10462074110
9211.58900923957
9065.45931741842
9552.67965125451
9797.63706364597
9607.82278146090
9568.85301692626
9366.91502870744
9554.93941183652
9792.03973217845
9732.73665971621
9487.06668904440
9543.30084510130
9769.15684335803
9868.99224427636
9482.10557327678
9468.89670335590
9491.84922158584
9696.18556821707
9661.36566384510
9652.49624365513
9685.92276638756
9575.43181017660
9466.68392392325
9622.57968503967
9138.53396370769
9358.86619406604
9416.22628147912
9264.83342095915
9320.77403428275
9695.18126897704
9826.48087129625
9652.38694362000
9752.10656314406
9563.79077650171
9834.12834602594
9376.72386419353
9794.25797765278
9605.01484708425
9600.20388563117
9542.85156522582
9678.73569291414
9499.49171860601
10126.0055122562
9892.82937815289
9954.36083206772
10127.1306766520
9559.88086338124
9714.68247792831
9842.08441487067
10093.7683117442
9414.51277753325
10057.3442932490
9978.54620540972
9892.57601296251
9461.63659030517
9433.71419039444
9904.61502848258
9704.77280972205
9930.08636048624
9650.35349898785
9410.17572123725
9668.25958019376
10172.7331083181
9964.03184867240
9888.82770789252
10163.2028117137
9688.66158906586
10046.8915198784
9689.00779407995
10031.8293051106
9415.56950358900
10013.5541625388
10084.3824253940
9528.79019667232
9462.11300802677
9717.07030197621
9356.70435950520
9515.83493866519
9138.91519734228
9992.35141067123
8954.05860532570
9580.62722284869
9484.10849810282
9619.65024250304
9544.04486229560
9288.69522288380
9831.66743332882
9588.93571636877
9662.36288728357
9610.90439430073
9837.70926242390
9355.40880099399
9652.54790661498
10139.8716830186
9834.09427561809
9784.85653002296
9496.94331139148
9740.21746251099
9461.30440476664
9802.07317974882
9555.48946589876
9628.07000880224
9930.81869969837
9659.76461965427
9884.87111943794
9979.40744531332
9731.00997687675
9118.65928529093
9774.93304576852
9802.65412053695
9754.99260082948
9628.13755646563
9799.61395293777
9612.63452476361
9927.63312466644
9296.46979575298
9899.13466065050
10019.5254003325
9839.00894151589
9416.57972300216
9443.95603373979
9693.88798758092
9209.28579655219
9387.52884891288
9717.50999815643
9311.94298358977
9365.96620094020
9310.14538943040
9400.52120160465
9403.81578620149
9703.60748605311
9173.55493762190
9369.37198967735
9586.99041923895
9814.65255540175
10313.5762092608
9248.67761169370
9525.72211420219
9651.30416201188
9285.68901447549
9486.25561138182
9671.25820596809
9616.64682472280
9715.06898324081
9494.06323326381
9264.42175501747
9744.22816533029
9856.72592040476
9247.86792828728
9610.48906407580
9631.86071945047
9269.49526925038
9177.75855844424
9722.97942335754
9557.21498647605
9577.35399478444
9204.84810570933
9301.15612038288
9931.96550176130
9550.83900081105
9564.68705551694
9836.36020353884
9491.33868172677
9880.43753245866
9591.03970726374
9345.13960334688
9687.76170227339
9433.54254986138
9918.56184522392
9489.31481117771
9775.75670193842
9357.51909326171
9615.61519330277
9712.72121946980
9197.25456620083
9328.37885744629
9642.81958185395
8926.84906383970
9591.79758243837
9532.55711527561
9803.92004435545
9861.93045938840
9625.01693939084
10048.9142217766
9550.63093801652
9383.57664133273
9516.20021464905
9411.18167147257
9652.38200066110
9306.80071693194
9917.20743126474
9022.23570158861
9626.73317465761
10061.7029234212
9416.95105321864
9393.92718790117
9519.26519375375
9398.17152128763
9596.21585121914
9549.04818256349
9887.38101054218
9609.67957570730
9927.18925663293
9967.05956162027
9798.84174475433
9563.38399718410
10065.0904522400
9192.53304290704
9677.09450934737
9963.67292057307
9528.80686713797
9511.35288461780
9663.15934382512
9773.57421515458
9931.07733479521
9421.36070441094
9447.06826918200
10259.9868203055
9641.34716521999
9318.89027086702
9157.25371258080
10295.4292846575
9596.50605222561
9488.18531772803
10010.4263501059
9767.77331572481
9350.18022950618
9563.30555786094
9418.12116572740