最优解为:735.8973
最优解路径:

Best_route =

    17     8     3     5    16     9    12     6     0     0     0     0     0     0     0     0     0     0     0     0     0
     0     0     0     0     0     0     0     0     0     0     0     0     0     0     0     0     0     0     0     0     0
     0     0     0     0     0     0     0     0     0     0     0     0     0     0     0     0     0     0     0     0     0
     0     0     0     0     0     0     0     0     0     0     0     0     0     0     0     0     0     0     0     0     0
    20    19    13    10     2     1     7    15    11    18    14     4     0     0     0     0     0     0     0     0     0

本次运算用时:43.766秒
算法在第210代时收敛

best
749.894408154516
749.894408154516
742.847511684411
742.847511684411
742.001378637410
742.001378637410
742.001378637410
742.001378637410
742.001378637410
742.001378637410
742.001378637410
742.001378637410
742.001378637410
742.001378637410
742.001378637410
742.001378637410
740.551900029977
740.551900029977
740.551900029977
740.551900029977
740.551900029977
740.551900029977
740.551900029977
740.551900029977
740.551900029977
740.551900029977
740.551900029977
740.551900029977
740.551900029977
740.551900029977
740.551900029977
740.551900029977
740.551900029977
740.551900029977
740.551900029977
737.826400672838
737.826400672838
737.826400672838
737.826400672838
737.826400672838
737.826400672838
737.826400672838
737.826400672838
737.826400672838
737.826400672838
737.826400672838
736.845891404444
736.845891404444
736.845891404444
736.579780018741
736.579780018741
736.579780018741
736.579780018741
736.579780018741
736.579780018741
736.579780018741
736.579780018741
736.579780018741
736.579780018741
736.579780018741
736.579780018741
736.579780018741
736.579780018741
736.579780018741
736.579780018741
736.579780018741
736.579780018741
736.579780018741
736.579780018741
736.579780018741
736.579780018741
736.579780018741
736.579780018741
736.579780018741
736.579780018741
736.579780018741
736.579780018741
736.579780018741
736.579780018741
736.579780018741
736.579780018741
736.579780018741
736.579780018741
736.579780018741
736.579780018741
736.579780018741
736.579780018741
736.579780018741
736.579780018741
736.579780018741
736.579780018741
736.579780018741
736.579780018741
736.579780018741
736.579780018741
736.579780018741
736.579780018741
736.579780018741
736.579780018741
736.579780018741
736.579780018741
736.579780018741
736.579780018741
736.579780018741
736.579780018741
736.579780018741
736.579780018741
736.579780018741
736.579780018741
736.579780018741
736.579780018741
736.579780018741
736.579780018741
736.579780018741
736.579780018741
736.579780018741
736.579780018741
736.579780018741
736.579780018741
736.579780018741
736.579780018741
736.579780018741
736.579780018741
736.579780018741
736.579780018741
736.579780018741
736.579780018741
736.579780018741
736.579780018741
736.579780018741
736.579780018741
736.579780018741
736.579780018741
736.579780018741
736.579780018741
736.579780018741
736.579780018741
736.579780018741
736.579780018741
736.579780018741
736.579780018741
736.579780018741
736.579780018741
736.579780018741
736.579780018741
736.579780018741
736.579780018741
736.579780018741
736.579780018741
736.579780018741
736.579780018741
736.579780018741
736.579780018741
736.579780018741
736.579780018741
736.579780018741
736.579780018741
736.579780018741
736.579780018741
736.579780018741
736.579780018741
736.579780018741
736.579780018741
736.579780018741
736.579780018741
736.579780018741
736.579780018741
736.579780018741
736.579780018741
736.579780018741
736.579780018741
736.579780018741
736.579780018741
736.579780018741
736.579780018741
736.579780018741
736.579780018741
736.579780018741
736.579780018741
736.579780018741
736.579780018741
736.579780018741
736.579780018741
736.509474920935
736.509474920935
736.509474920935
736.509474920935
736.509474920935
736.509474920935
736.509474920935
736.509474920935
735.952946390910
735.952946390910
735.952946390910
735.952946390910
735.952946390910
735.952946390910
735.952946390910
735.952946390910
735.952946390910
735.952946390910
735.952946390910
735.952946390910
735.952946390910
735.952946390910
735.897343791281
735.897343791281
735.897343791281
735.897343791281
735.897343791281
735.897343791281
735.897343791281
735.897343791281
735.897343791281
735.897343791281
735.897343791281
735.897343791281
735.897343791281
735.897343791281
735.897343791281
735.897343791281
735.897343791281
735.897343791281
735.897343791281
735.897343791281
735.897343791281
735.897343791281
735.897343791281
735.897343791281
735.897343791281
735.897343791281
735.897343791281
735.897343791281
735.897343791281
735.897343791281
735.897343791281
735.897343791281
735.897343791281
735.897343791281
735.897343791281
735.897343791281
735.897343791281
735.897343791281
735.897343791281
735.897343791281
735.897343791281
735.897343791281
735.897343791281
735.897343791281
735.897343791281
735.897343791281
735.897343791281
735.897343791281
735.897343791281
735.897343791281
735.897343791281
735.897343791281
735.897343791281
735.897343791281
735.897343791281
735.897343791281
735.897343791281
735.897343791281
735.897343791281
735.897343791281
735.897343791281
735.897343791281
735.897343791281
735.897343791281
735.897343791281
735.897343791281
735.897343791281
735.897343791281
735.897343791281
735.897343791281
735.897343791281
735.897343791281
735.897343791281
735.897343791281
735.897343791281
735.897343791281
735.897343791281
735.897343791281
735.897343791281
735.897343791281
735.897343791281
735.897343791281
735.897343791281
735.897343791281
735.897343791281
735.897343791281
735.897343791281
735.897343791281
735.897343791281
735.897343791281
735.897343791281
735.897343791281
735.897343791281
735.897343791281
735.897343791281
735.897343791281
735.897343791281
735.897343791281
735.897343791281
735.897343791281
735.897343791281
735.897343791281
735.897343791281
735.897343791281
735.897343791281
735.897343791281
735.897343791281
735.897343791281
735.897343791281
735.897343791281
735.897343791281
735.897343791281
735.897343791281
735.897343791281
735.897343791281
735.897343791281
735.897343791281
735.897343791281
735.897343791281
735.897343791281
735.897343791281
735.897343791281
735.897343791281
735.897343791281
735.897343791281
735.897343791281
735.897343791281
735.897343791281
735.897343791281
735.897343791281
735.897343791281
735.897343791281
735.897343791281
735.897343791281
735.897343791281
735.897343791281
735.897343791281
735.897343791281
735.897343791281
735.897343791281
735.897343791281
735.897343791281
735.897343791281
735.897343791281
735.897343791281
735.897343791281
735.897343791281
735.897343791281
735.897343791281
735.897343791281
735.897343791281
735.897343791281
735.897343791281
735.897343791281
735.897343791281
735.897343791281
735.897343791281
735.897343791281
735.897343791281
735.897343791281
735.897343791281
735.897343791281
735.897343791281
735.897343791281
735.897343791281
735.897343791281
735.897343791281
735.897343791281
735.897343791281
735.897343791281
735.897343791281
735.897343791281
735.897343791281
735.897343791281
735.897343791281
735.897343791281
735.897343791281
735.897343791281
735.897343791281
735.897343791281
735.897343791281
735.897343791281
735.897343791281
735.897343791281
735.897343791281
735.897343791281
735.897343791281
735.897343791281
735.897343791281
735.897343791281
735.897343791281
735.897343791281
735.897343791281
735.897343791281
735.897343791281
735.897343791281
735.897343791281
735.897343791281
735.897343791281
735.897343791281
735.897343791281
735.897343791281
735.897343791281
735.897343791281
735.897343791281
735.897343791281
735.897343791281
735.897343791281
735.897343791281
735.897343791281
735.897343791281
735.897343791281
735.897343791281
735.897343791281
735.897343791281
735.897343791281
735.897343791281
735.897343791281
735.897343791281
735.897343791281
735.897343791281
735.897343791281
735.897343791281
735.897343791281
735.897343791281
735.897343791281
735.897343791281
735.897343791281
735.897343791281
735.897343791281
735.897343791281
735.897343791281
735.897343791281
735.897343791281
735.897343791281
735.897343791281
735.897343791281
735.897343791281
735.897343791281
735.897343791281
735.897343791281
735.897343791281
735.897343791281
735.897343791281
735.897343791281
735.897343791281
735.897343791281
735.897343791281
735.897343791281
735.897343791281
735.897343791281
735.897343791281
735.897343791281
735.897343791281
735.897343791281
735.897343791281
735.897343791281
735.897343791281
735.897343791281
735.897343791281
735.897343791281
735.897343791281
735.897343791281
735.897343791281
735.897343791281
735.897343791281
735.897343791281
735.897343791281
735.897343791281
735.897343791281
735.897343791281
735.897343791281
735.897343791281
735.897343791281
735.897343791281
735.897343791281
735.897343791281
735.897343791281
735.897343791281
735.897343791281
735.897343791281
735.897343791281
735.897343791281
735.897343791281
735.897343791281
735.897343791281
735.897343791281
735.897343791281
735.897343791281
735.897343791281
735.897343791281
735.897343791281
735.897343791281
735.897343791281
735.897343791281

ave
981.249455082321
904.882049759728
931.663865542771
942.979250931119
894.663841983975
807.930980130061
890.641064552508
901.833310772849
844.016760400468
900.706084983205
911.466217957657
863.250243806922
890.129417826359
862.848305296069
936.395855094205
912.265406028843
849.354001557810
873.804426885417
930.921471228614
873.244749749041
860.101316059159
908.832840740823
846.695480161001
954.570168744323
872.770077132761
859.389674689451
849.566916362681
834.462958580372
858.628224111961
893.754351390766
894.987589906266
952.390039277530
884.139108031777
951.661974668324
928.298330764083
949.190979245329
975.181889727044
1022.22051237570
913.541916229972
911.881841553348
865.185857389375
939.776275243233
948.517966402573
841.932539300422
828.513303095160
924.611109063540
876.168441445488
863.373356353050
898.578700615336
826.774645793308
944.731397567757
826.326197670284
800.113579432553
835.824761492541
860.348964452987
846.511734109605
894.014938302955
834.777045989001
774.981190150893
776.018199910253
773.775802440621
774.851718067644
824.434501552623
799.676435475836
789.576667749546
753.234464360485
753.087136088571
798.756106477207
751.231917655997
762.825939974665
751.261122827244
786.896812262761
762.316777254017
737.712704680366
773.080147879396
737.501831448798
749.777133422031
737.246366253339
738.887315268248
773.250297604056
749.245597481624
737.594470040594
737.659092135783
737.309246592999
737.716693438480
749.558316238234
761.392719680873
737.127137683015
750.233758946000
737.363603511049
738.393710930394
737.558069635949
762.031646785633
737.513837808495
751.298021480142
738.682314378366
737.354077387237
749.548039210577
751.482081897202
737.415417901894
738.589720296744
749.903660719759
761.312034145795
737.001689619876
738.321520472251
761.179091579759
736.835556604538
761.516759416236
736.579780018741
737.524671546114
761.481989765767
738.093689787125
737.070431245948
763.319223570230
750.802949420302
748.420876204565
738.062898283239
776.252795615360
736.732886623422
737.285724269848
738.509217605348
737.568385472831
738.492506299412
749.690762808806
737.304180839107
738.827379137121
737.504880260396
750.244369603011
750.056532997287
761.012896253025
763.825859369705
749.655134719647
749.020782017613
760.990977556173
737.024390569512
737.571757760956
750.214591751315
749.438616502640
737.751098846255
736.831332328120
738.040852043143
737.963772510913
749.217152012983
738.183403550648
761.842486101165
737.308791366523
750.816840439892
737.194420566299
737.600823650902
752.462937444736
760.702435234350
738.683466833506
763.241283524207
762.981221520881
751.154897242346
738.640736351787
737.390358116325
739.226197442109
760.917349502577
749.496614955238
737.519588331838
748.463478612585
748.763469640108
749.035198983600
736.590424474169
749.827096366180
737.914335221059
738.012369219296
739.468970550527
750.566023584320
739.587612914060
750.480645236215
737.256657987825
761.881199636332
737.682449982821
738.948298695680
749.075160338212
736.985518014707
748.414611093074
737.877705981254
761.258624795108
749.604482548183
738.559834986084
737.629543104854
738.150324459646
774.009356759839
749.606078945043
738.211428691448
737.066526600255
788.502898066650
777.156233927236
774.395996784811
749.897639665178
762.770291861575
738.855720692660
750.707419878718
737.331122493346
750.448340709825
737.176345166917
737.931502861969
737.748230746889
759.867183621935
737.546960079179
772.822246736625
773.981828696522
737.875648248122
748.519973780099
748.666517458336
749.214279343565
773.408539943147
748.329643543006
749.782483395114
739.387517902968
751.022842699019
761.681106618112
737.826256373471
749.436312688314
748.585568410852
748.318259339169
737.492261270696
750.777212598414
749.143307164302
760.157213853779
760.206192632243
735.911807520902
761.359383304624
737.773923291848
748.411773295973
736.918460285140
749.449203373375
736.227678775592
736.654278686520
759.629839977105
772.379912928534
737.857455136180
737.335526673160
736.671785937664
736.093009778112
773.400514996712
736.258519875281
760.125909022063
749.418038932232
750.152021849343
748.532189903846
736.469168829295
748.584108745208
735.899567895266
760.548023436079
749.127396876735
760.853910204257
736.478401133376
761.384020424867
738.567330624160
748.564150401322
737.430082811982
748.974078376645
748.004432121918
736.952420273866
748.625161640696
760.229919104030
736.223801610041
736.483755737912
736.542344534775
749.983774352532
749.945871973132
736.907989202948
784.660506090023
748.094116432166
737.543424128679
748.904904751876
748.966598966174
736.409171358465
747.960016340070
749.876939537332
748.966584850525
748.992171438277
748.542079910302
736.519849381612
774.999803194397
736.327571733339
751.091174529319
772.701662988643
748.760151766007
748.830090947131
736.655928737578
760.362320610358
749.322085204598
750.444735203479
737.058041693863
760.267820838156
735.897343791281
737.484898174205
762.229240963944
761.532269439868
738.609639098327
748.444711510241
736.262084539017
749.303185401881
749.850839885220
748.372144128959
748.533761073298
773.709400907606
736.736694311761
749.706377740486
749.972903152634
749.047804982795
737.051757380931
748.923024317673
736.799634876933
736.261337861524
761.194007029405
749.651938203670
736.322832988057
736.210909819637
739.318568667839
738.153765137532
737.063095738479
736.148163788457
774.211625375552
749.254549469342
772.965565937761
750.001419129884
774.136187357859
773.205760661618
735.897343791281
762.866321608708
748.966153406316
736.117602613901
749.523778426107
747.959808242827
736.262446740690
748.525095408364
747.960235397676
736.476478319460
735.931952148721
737.194327312516
736.841720199331
773.019167306875
761.372529529505
762.262381410485
775.265789765928
736.753029464671
735.897343791281
747.996564534864
737.253943240313
737.091770146966
748.673233347706
736.623221264078
749.808430383679
735.897343791281
762.018136157139
748.945278857841
736.078602113156
736.303738891362
738.198931134822
748.755476788450
760.301871533687
747.899314022865
749.167824080045
760.726168981451
749.272705277063
736.985065224584
737.298277371198
738.018635367570
761.376626132146
760.390014491335
736.356215827224
736.111107234775
761.813912231382
735.897343791281
747.839420639338
748.595747473411
762.314350807989
735.962793248410
737.098905181604
748.360737857332
736.215487156742
737.066231854920
760.987206135285
772.612219598195
737.562794784727
736.474178457354
750.589091071769
736.256453791021
748.978900526835
738.056257542918
748.341446271399
736.680881644614
736.691770257490
738.423436795156
748.875776998711
761.733283043595
749.097803495351
737.067154939098
775.062072722620
737.930160550755
748.284495778451
749.984542170532
737.332972693509
749.573643013510
748.451336508545
737.007574480517
749.878732191353
736.323310170601
760.760552299262
737.591347380277
761.737260777596
748.225814321631
748.171335075902
737.116424438149
748.236869067120
736.630119320877
748.312697864706
737.195173494320
736.858887386730
761.056578082180
736.063960506080
747.849113950654
736.310656784001
736.307499130810
760.430404577233
749.921110758411
772.767693385520
737.099662939508
761.846751426040
748.781084558474
736.863572539366
761.771692887903
737.906699313620
737.319812108227
736.174551645525
760.437378325271
748.399752935705
774.698714477650
735.897343791281
737.019323731450
736.242049673681
749.848942211259
736.542732031880
738.144675620282
762.019688959771
737.422050638315
736.653451292312
737.637746881142
760.747947582143
748.052727692682
736.820396823721
737.781538093599
736.788697363840
748.572685615598
749.456136577035
748.887065883785
748.168598685850
748.833801829779
748.588144700026
761.439325157527
736.274449504372
736.991546019413
749.569513312409
748.443566460511
748.455632774620
774.365628176428
750.843659825968
761.402822589012
749.681268570514
762.142561974756
737.595151657856
748.471954708968
748.970766923723
749.341306137388
736.674227421640
736.962772903881
748.116167505797
748.160847328234
735.897343791281
760.680503147430
773.457320143597
748.675805976768
748.570443600249
737.165690777712
736.489839248807
749.031097758872
749.257521335883
736.207408904450
773.125295497525
749.508096173463
736.078602113156
749.102017559523
749.369398816898
736.025555274605
761.310775142831
748.732143040635
772.230109655291
736.078602113156
749.497239246488
750.418641311030
737.616932291918
736.030834600953
761.279096989007
761.618564243353