最优解为:958.3367
最优解路径:

Best_route =

     0     0     0     0     0     0     0     0     0     0     0     0     0     0     0     0     0     0     0     0     0
     9    17    16     8    20     3    12     0     0     0     0     0     0     0     0     0     0     0     0     0     0
     5    19     0     0     0     0     0     0     0     0     0     0     0     0     0     0     0     0     0     0     0
     0     0     0     0     0     0     0     0     0     0     0     0     0     0     0     0     0     0     0     0     0
     4    11    15    14    18    13     6     2     1     7    10     0     0     0     0     0     0     0     0     0     0

本次运算用时:44.203秒
算法在第29代时收敛

best
958.539949757532
958.539949757532
958.345164315896
958.345164315896
958.345164315896
958.345164315896
958.345164315896
958.345164315896
958.345164315896
958.345164315896
958.345164315896
958.345164315896
958.345164315896
958.345164315896
958.345164315896
958.345164315896
958.345164315896
958.345164315896
958.345164315896
958.345164315896
958.345164315896
958.345164315896
958.345164315896
958.345164315896
958.345164315896
958.345164315896
958.345164315896
958.345164315896
958.336708325563
958.336708325563
958.336708325563
958.336708325563
958.336708325563
958.336708325563
958.336708325563
958.336708325563
958.336708325563
958.336708325563
958.336708325563
958.336708325563
958.336708325563
958.336708325563
958.336708325563
958.336708325563
958.336708325563
958.336708325563
958.336708325563
958.336708325563
958.336708325563
958.336708325563
958.336708325563
958.336708325563
958.336708325563
958.336708325563
958.336708325563
958.336708325563
958.336708325563
958.336708325563
958.336708325563
958.336708325563
958.336708325563
958.336708325563
958.336708325563
958.336708325563
958.336708325563
958.336708325563
958.336708325563
958.336708325563
958.336708325563
958.336708325563
958.336708325563
958.336708325563
958.336708325563
958.336708325563
958.336708325563
958.336708325563
958.336708325563
958.336708325563
958.336708325563
958.336708325563
958.336708325563
958.336708325563
958.336708325563
958.336708325563
958.336708325563
958.336708325563
958.336708325563
958.336708325563
958.336708325563
958.336708325563
958.336708325563
958.336708325563
958.336708325563
958.336708325563
958.336708325563
958.336708325563
958.336708325563
958.336708325563
958.336708325563
958.336708325563
958.336708325563
958.336708325563
958.336708325563
958.336708325563
958.336708325563
958.336708325563
958.336708325563
958.336708325563
958.336708325563
958.336708325563
958.336708325563
958.336708325563
958.336708325563
958.336708325563
958.336708325563
958.336708325563
958.336708325563
958.336708325563
958.336708325563
958.336708325563
958.336708325563
958.336708325563
958.336708325563
958.336708325563
958.336708325563
958.336708325563
958.336708325563
958.336708325563
958.336708325563
958.336708325563
958.336708325563
958.336708325563
958.336708325563
958.336708325563
958.336708325563
958.336708325563
958.336708325563
958.336708325563
958.336708325563
958.336708325563
958.336708325563
958.336708325563
958.336708325563
958.336708325563
958.336708325563
958.336708325563
958.336708325563
958.336708325563
958.336708325563
958.336708325563
958.336708325563
958.336708325563
958.336708325563
958.336708325563
958.336708325563
958.336708325563
958.336708325563
958.336708325563
958.336708325563
958.336708325563
958.336708325563
958.336708325563
958.336708325563
958.336708325563
958.336708325563
958.336708325563
958.336708325563
958.336708325563
958.336708325563
958.336708325563
958.336708325563
958.336708325563
958.336708325563
958.336708325563
958.336708325563
958.336708325563
958.336708325563
958.336708325563
958.336708325563
958.336708325563
958.336708325563
958.336708325563
958.336708325563
958.336708325563
958.336708325563
958.336708325563
958.336708325563
958.336708325563
958.336708325563
958.336708325563
958.336708325563
958.336708325563
958.336708325563
958.336708325563
958.336708325563
958.336708325563
958.336708325563
958.336708325563
958.336708325563
958.336708325563
958.336708325563
958.336708325563
958.336708325563
958.336708325563
958.336708325563
958.336708325563
958.336708325563
958.336708325563
958.336708325563
958.336708325563
958.336708325563
958.336708325563
958.336708325563
958.336708325563
958.336708325563
958.336708325563
958.336708325563
958.336708325563
958.336708325563
958.336708325563
958.336708325563
958.336708325563
958.336708325563
958.336708325563
958.336708325563
958.336708325563
958.336708325563
958.336708325563
958.336708325563
958.336708325563
958.336708325563
958.336708325563
958.336708325563
958.336708325563
958.336708325563
958.336708325563
958.336708325563
958.336708325563
958.336708325563
958.336708325563
958.336708325563
958.336708325563
958.336708325563
958.336708325563
958.336708325563
958.336708325563
958.336708325563
958.336708325563
958.336708325563
958.336708325563
958.336708325563
958.336708325563
958.336708325563
958.336708325563
958.336708325563
958.336708325563
958.336708325563
958.336708325563
958.336708325563
958.336708325563
958.336708325563
958.336708325563
958.336708325563
958.336708325563
958.336708325563
958.336708325563
958.336708325563
958.336708325563
958.336708325563
958.336708325563
958.336708325563
958.336708325563
958.336708325563
958.336708325563
958.336708325563
958.336708325563
958.336708325563
958.336708325563
958.336708325563
958.336708325563
958.336708325563
958.336708325563
958.336708325563
958.336708325563
958.336708325563
958.336708325563
958.336708325563
958.336708325563
958.336708325563
958.336708325563
958.336708325563
958.336708325563
958.336708325563
958.336708325563
958.336708325563
958.336708325563
958.336708325563
958.336708325563
958.336708325563
958.336708325563
958.336708325563
958.336708325563
958.336708325563
958.336708325563
958.336708325563
958.336708325563
958.336708325563
958.336708325563
958.336708325563
958.336708325563
958.336708325563
958.336708325563
958.336708325563
958.336708325563
958.336708325563
958.336708325563
958.336708325563
958.336708325563
958.336708325563
958.336708325563
958.336708325563
958.336708325563
958.336708325563
958.336708325563
958.336708325563
958.336708325563
958.336708325563
958.336708325563
958.336708325563
958.336708325563
958.336708325563
958.336708325563
958.336708325563
958.336708325563
958.336708325563
958.336708325563
958.336708325563
958.336708325563
958.336708325563
958.336708325563
958.336708325563
958.336708325563
958.336708325563
958.336708325563
958.336708325563
958.336708325563
958.336708325563
958.336708325563
958.336708325563
958.336708325563
958.336708325563
958.336708325563
958.336708325563
958.336708325563
958.336708325563
958.336708325563
958.336708325563
958.336708325563
958.336708325563
958.336708325563
958.336708325563
958.336708325563
958.336708325563
958.336708325563
958.336708325563
958.336708325563
958.336708325563
958.336708325563
958.336708325563
958.336708325563
958.336708325563
958.336708325563
958.336708325563
958.336708325563
958.336708325563
958.336708325563
958.336708325563
958.336708325563
958.336708325563
958.336708325563
958.336708325563
958.336708325563
958.336708325563
958.336708325563
958.336708325563
958.336708325563
958.336708325563
958.336708325563
958.336708325563
958.336708325563
958.336708325563
958.336708325563
958.336708325563
958.336708325563
958.336708325563
958.336708325563
958.336708325563
958.336708325563
958.336708325563
958.336708325563
958.336708325563
958.336708325563
958.336708325563
958.336708325563
958.336708325563
958.336708325563
958.336708325563
958.336708325563
958.336708325563
958.336708325563
958.336708325563
958.336708325563
958.336708325563
958.336708325563
958.336708325563
958.336708325563
958.336708325563
958.336708325563
958.336708325563
958.336708325563
958.336708325563
958.336708325563
958.336708325563
958.336708325563
958.336708325563
958.336708325563
958.336708325563
958.336708325563
958.336708325563
958.336708325563
958.336708325563
958.336708325563
958.336708325563
958.336708325563
958.336708325563
958.336708325563
958.336708325563
958.336708325563
958.336708325563
958.336708325563
958.336708325563
958.336708325563
958.336708325563
958.336708325563
958.336708325563
958.336708325563
958.336708325563
958.336708325563
958.336708325563
958.336708325563
958.336708325563
958.336708325563
958.336708325563
958.336708325563
958.336708325563
958.336708325563
958.336708325563
958.336708325563
958.336708325563
958.336708325563
958.336708325563
958.336708325563
958.336708325563
958.336708325563
958.336708325563
958.336708325563
958.336708325563
958.336708325563
958.336708325563
958.336708325563
958.336708325563
958.336708325563
958.336708325563
958.336708325563
958.336708325563
958.336708325563
958.336708325563
958.336708325563
958.336708325563
958.336708325563
958.336708325563
958.336708325563
958.336708325563
958.336708325563
958.336708325563
958.336708325563
958.336708325563
958.336708325563
958.336708325563
958.336708325563
958.336708325563
958.336708325563
958.336708325563
958.336708325563
958.336708325563
958.336708325563
958.336708325563
958.336708325563
958.336708325563
958.336708325563

ave
985.445132226164
984.247441426738
993.162190769071
969.041135106420
992.518402149285
1004.28107798979
1003.82366744604
977.339766489732
975.728279747554
1000.86260146148
967.276699016034
963.922069707231
975.385110007980
999.795152686346
974.578821238783
973.764694628149
986.084919544724
1023.24471191574
973.135197359053
1022.76262294980
984.454584359027
997.744640945105
984.467852063856
996.561239734751
1009.88056975843
1007.60092438487
983.957002264021
983.640570849580
1007.26257539719
1007.27478422597
983.438827133554
983.923144234169
1007.80533468084
1006.71642194869
1007.88858468223
970.915513322750
970.643565204139
958.773166870898
1007.52245160879
983.111267868652
1030.15595991698
1018.44099044733
983.246166430898
1030.19167771752
1042.28711680522
982.412594841640
994.619978780803
1125.77272211644
1077.98219991698
1114.70281645478
1114.43798949890
1126.20841589234
1066.36388817511
1089.90304211644
1089.86732431590
1077.95622019683
1054.62609080357
1125.78044431590
1078.44958918243
1078.13081708507
1102.38281018549
1042.04108431590
970.486049658355
994.615955180231
982.397163403598
970.426230582109
959.310111928322
982.663921507342
958.519226498643
958.345164315896
958.533107174744
970.493366224296
958.345164315896
970.543314846246
958.509210976992
958.345164315896
970.301724315896
958.752612408468
958.345164315896
958.637986263912
970.476321204139
970.345164315896
970.741525401718
970.410822097812
958.590074714049
958.509210976992
970.301724315896
958.618308758908
970.862282450271
958.778112449143
958.345164315896
958.345164315896
958.906397522172
958.354902396284
958.709528183952
958.484043403598
958.345164315896
958.380882116438
958.345164315896
958.509210976992
958.380882116437
958.345164315896
970.398374466205
958.611328849479
958.345164315896
958.474295697037
970.586472140566
958.380882116437
958.509210976992
958.720870433492
958.853845417272
958.345164315896
958.586754846246
970.682193933948
958.380882116438
958.345164315896
970.707361507342
958.345164315896
959.127797044976
970.301724315896
958.345164315896
958.476677785595
958.355179837547
958.454262097812
958.826501818791
958.774697705094
958.345164315896
958.345164315896
958.702905311774
958.345164315896
958.939943696756
958.345164315896
970.301724315896
958.345164315896
958.380882116437
982.258284315896
958.622472646788
958.520759958506
958.354902396285
958.345164315896
958.380882116437
958.590074714049
958.610065637708
958.733805897793
958.345164315896
958.345164315896
970.369489840342
958.586754846246
970.301724315896
958.345164315896
958.380882116437
958.586754846246
958.355179837547
958.345164315896
958.345164315896
958.520029019229
958.590074714049
958.345164315896
971.069642398739
958.345164315896
958.345164315896
970.543314846246
958.750801507342
970.543314846246
970.753606984013
958.345164315896
970.733733984053
959.094304632460
958.454262097812
958.586754846246
971.026495906947
958.998528917466
958.586754846246
970.543314846246
958.586754846246
970.553052926635
958.519761204139
958.345164315896
958.454262097812
958.586754846246
958.614942971506
958.469670582109
958.586754846246
958.345164315896
958.934042515072
970.465770976992
958.345164315896
958.509210976992
958.345164315896
970.945134296314
982.422330976992
958.734070966947
958.345164315896
958.902118908808
958.578768364025
958.800479381620
958.345164315896
959.038862266973
970.475509057380
958.449490688563
958.484043403598
959.167073750297
958.519761204139
958.728953801751
958.345164315896
958.686341248469
970.440603403598
970.301724315896
958.814552731792
958.380882116437
958.536806224296
958.345164315896
959.048512592005
958.454262097812
958.858486210755
970.567888849479
958.345164315896
958.354902396285
970.541471288440
958.394337320945
958.474248235255
982.611361261273
958.345164315896
982.311462396284
958.345164315896
958.387588059143
958.354902396284
970.440603403598
982.543314846246
958.345164315896
970.586754846246
971.537989291935
958.355179837547
958.469670582109
958.390620196826
958.345164315896
958.345164315896
970.440603403598
958.355179837547
958.345164315896
958.345164315896
958.344826076283
958.345164315896
970.547473325867
959.297769591367
958.345164315896
970.301724315896
958.536806224296
958.345164315896
958.345164315896
982.521028452037
958.484043403598
958.345164315896
958.553536004009
958.345164315896
958.555456453663
958.671406989124
958.578574607921
958.345164315896
970.380882116437
982.755735098703
958.345164315896
971.074772993176
970.354902396284
958.354841597933
982.267684156671
958.839438220013
970.301386076283
958.854088835863
958.345164315896
970.337442116438
958.344149597056
983.140464575055
958.419978801485
958.354841597933
958.468994102882
958.589398234822
970.567800168082
958.485046235222
958.612450843730
958.570818656038
958.354165118707
958.344149597056
958.452232660132
958.718676652877
971.036743772152
970.343473117829
958.473280978197
958.471346361540
958.339076002856
958.338399523630
970.295974242470
958.338737763243
958.879373753135
970.729736981739
958.337384804790
958.338061284016
971.096692883080
970.293606565176
970.293606565176
970.746051116421
958.755089455683
958.337046565176
970.466949246567
958.337723044403
958.347122885178
958.591730262245
959.046843263652
971.018378156227
958.465839706704
970.800181711390
970.888185142804
958.336708325563
958.336708325563
958.336708325563
958.336708325563
958.578298855913
958.336708325563
958.372426126104
958.707596595286
959.844043487626
970.555011495916
959.060272755402
970.303006405951
970.773277024420
958.336708325563
970.626317948309
958.554903889395
958.485241032140
958.348775785010
958.511981693033
958.336708325563
958.336708325563
959.345648242793
958.507230106045
970.402366107479
958.688235341109
958.336708325563
958.500754986659
970.468203453419
958.507230106045
958.475925652878
970.460521853197
958.776977842590
970.293268325563
970.936294335510
958.578298855913
958.392215785010
958.382164206493
958.336708325563
982.856336926257
958.336708325563
958.551078378080
970.634445258135
958.336708325563
958.336708325563
958.496577893352
958.511643453419
982.776449386263
958.460521853197
958.390705302145
958.913542370810
958.475925652878
959.148795196189
958.336708325563
970.293268325563
958.770260960995
958.346446405951
971.059331909663
983.068629071864
983.002169505420
958.805698285921
959.027527295528
958.720635553952
1032.01539219653
982.785058853237
982.424763453419
1018.73114778313
958.346446405951
970.293268325563
958.336708325563
994.223400018750
970.293268325563
970.432485652878
970.442839414142
970.640555994389
970.293268325563
958.346446405951
970.293268325563
958.336708325563
959.348554191650
958.336708325563
970.682604577539
959.290535839934
958.336708325563
958.336708325563
958.336708325563
958.336708325563
958.337046565176
958.615142980193
958.547338702943
958.475273570151
958.336708325563
958.336708325563
970.512572461704
970.457314986659
958.969826875878
970.699006321529
958.336708325563
970.999147365805
958.336708325563
958.346446405951
958.643846132105
958.524651184411
958.843474911186
958.336708325563
970.736087880902
958.475925652878
958.859294972666
958.475925652878
958.336708325563
958.475925652878
958.346446405951
970.589094865670
958.336708325563
958.572719255145
958.835323428237
958.724495029967
958.346446405951
970.293606565176
958.372426126104
958.944261502290
958.500754986659
970.402366107479
958.336708325563
958.336708325563
958.336708325563
958.336708325563
958.336708325563
970.293268325563
958.336708325563
958.840289520934
958.545944420675
958.677885258135
959.030406276640
958.336708325563
970.457314986659
958.689897176073
958.346723847213
958.791219387460
958.376481489837
958.390705302145
958.928146560608
959.082690041460
970.884760183228
970.293268325563
958.720403895304
958.477604963729
958.336708325563
958.372426126104
970.332703250224
970.303283847213
958.557076783331
970.293268325563
970.593719980599
958.511082524995
958.863666039258
958.336708325563
970.457314986659
958.336708325563
970.483649797373
959.019220014945
970.468203453419
958.694899828378
982.750980719590
958.336708325563
982.328986126104
958.336708325563
970.402366107479
958.336708325563
970.293268325563
958.372426126104
970.774899106561
958.336708325563
970.643116030258
982.566027733266
958.372426126104
958.954749553691
958.740785360315
958.547676942556
958.336708325563
970.304997545397
958.524241799232
958.386158771874
958.500754986659
958.742090186461
970.432485652878
970.293268325563
958.586702745645
958.336708325563