最优解为:4415.5273
最优解路径:

Best_route =

  1 至 24 列

     0     0     0     0     0     0     0     0     0     0     0     0     0     0     0     0     0     0     0     0     0     0     0     0
     0     0     0     0     0     0     0     0     0     0     0     0     0     0     0     0     0     0     0     0     0     0     0     0
     0     0     0     0     0     0     0     0     0     0     0     0     0     0     0     0     0     0     0     0     0     0     0     0
    13    14    57    58    75    76     5     6    73    74    15    16     0     0     0     0     0     0     0     0     0     0     0     0
    63    64    61    62    11    12    51    52    19    20     9    10     0     0     0     0     0     0     0     0     0     0     0     0
    39    40    47    48    17    18    59    60    41    42     0     0     0     0     0     0     0     0     0     0     0     0     0     0
     1     2    55    56    49    50    53    54    25    26    23    24     0     0     0     0     0     0     0     0     0     0     0     0
    67    68    29    30    27    28    21    22    71    72     3     4     0     0     0     0     0     0     0     0     0     0     0     0
    37    38    77    78    69    70    65    66    35    36    45    46     0     0     0     0     0     0     0     0     0     0     0     0
     7     8    33    34    31    32    79    80    43    44     0     0     0     0     0     0     0     0     0     0     0     0     0     0

  25 至 48 列

     0     0     0     0     0     0     0     0     0     0     0     0     0     0     0     0     0     0     0     0     0     0     0     0
     0     0     0     0     0     0     0     0     0     0     0     0     0     0     0     0     0     0     0     0     0     0     0     0
     0     0     0     0     0     0     0     0     0     0     0     0     0     0     0     0     0     0     0     0     0     0     0     0
     0     0     0     0     0     0     0     0     0     0     0     0     0     0     0     0     0     0     0     0     0     0     0     0
     0     0     0     0     0     0     0     0     0     0     0     0     0     0     0     0     0     0     0     0     0     0     0     0
     0     0     0     0     0     0     0     0     0     0     0     0     0     0     0     0     0     0     0     0     0     0     0     0
     0     0     0     0     0     0     0     0     0     0     0     0     0     0     0     0     0     0     0     0     0     0     0     0
     0     0     0     0     0     0     0     0     0     0     0     0     0     0     0     0     0     0     0     0     0     0     0     0
     0     0     0     0     0     0     0     0     0     0     0     0     0     0     0     0     0     0     0     0     0     0     0     0
     0     0     0     0     0     0     0     0     0     0     0     0     0     0     0     0     0     0     0     0     0     0     0     0

  49 至 72 列

     0     0     0     0     0     0     0     0     0     0     0     0     0     0     0     0     0     0     0     0     0     0     0     0
     0     0     0     0     0     0     0     0     0     0     0     0     0     0     0     0     0     0     0     0     0     0     0     0
     0     0     0     0     0     0     0     0     0     0     0     0     0     0     0     0     0     0     0     0     0     0     0     0
     0     0     0     0     0     0     0     0     0     0     0     0     0     0     0     0     0     0     0     0     0     0     0     0
     0     0     0     0     0     0     0     0     0     0     0     0     0     0     0     0     0     0     0     0     0     0     0     0
     0     0     0     0     0     0     0     0     0     0     0     0     0     0     0     0     0     0     0     0     0     0     0     0
     0     0     0     0     0     0     0     0     0     0     0     0     0     0     0     0     0     0     0     0     0     0     0     0
     0     0     0     0     0     0     0     0     0     0     0     0     0     0     0     0     0     0     0     0     0     0     0     0
     0     0     0     0     0     0     0     0     0     0     0     0     0     0     0     0     0     0     0     0     0     0     0     0
     0     0     0     0     0     0     0     0     0     0     0     0     0     0     0     0     0     0     0     0     0     0     0     0

  73 至 81 列

     0     0     0     0     0     0     0     0     0
     0     0     0     0     0     0     0     0     0
     0     0     0     0     0     0     0     0     0
     0     0     0     0     0     0     0     0     0
     0     0     0     0     0     0     0     0     0
     0     0     0     0     0     0     0     0     0
     0     0     0     0     0     0     0     0     0
     0     0     0     0     0     0     0     0     0
     0     0     0     0     0     0     0     0     0
     0     0     0     0     0     0     0     0     0

本次运算用时:662.641秒
算法在第396代时收敛

best
4833.40731415778
4833.40731415778
4687.34210564466
4687.34210564466
4687.34210564466
4687.34210564466
4687.34210564466
4687.34210564466
4687.34210564466
4687.34210564466
4687.34210564466
4687.34210564466
4687.34210564466
4687.34210564466
4687.34210564466
4687.34210564466
4687.34210564466
4687.34210564466
4687.34210564466
4687.34210564466
4687.34210564466
4687.34210564466
4687.34210564466
4687.34210564466
4687.34210564466
4687.34210564466
4687.34210564466
4687.34210564466
4540.77420728217
4530.38653846515
4530.38653846515
4530.38653846515
4530.38653846515
4530.38653846515
4530.38653846515
4530.38653846515
4530.38653846515
4530.38653846515
4530.38653846515
4433.59432116446
4429.23817220526
4429.23817220526
4429.23817220526
4429.23817220526
4429.23817220526
4429.23817220526
4429.23817220526
4429.23817220526
4429.23817220526
4429.23817220526
4429.23817220526
4429.23817220526
4429.23817220526
4429.23817220526
4429.23817220526
4429.23817220526
4429.23817220526
4429.23817220526
4429.23817220526
4429.23817220526
4429.23817220526
4429.23817220526
4429.23817220526
4429.23817220526
4429.23817220526
4429.23817220526
4429.23817220526
4427.66887016520
4427.66887016520
4427.66887016520
4427.66887016520
4426.44068200460
4426.44068200460
4426.44068200460
4426.44068200460
4426.44068200460
4426.44068200460
4426.44068200460
4426.44068200460
4426.44068200460
4426.44068200460
4426.44068200460
4426.44068200460
4426.44068200460
4426.44068200460
4426.44068200460
4422.76925997082
4422.76925997082
4422.76925997082
4422.76925997082
4422.76925997082
4422.76925997082
4422.76925997082
4422.76925997082
4422.76925997082
4422.76925997082
4422.76925997082
4422.76925997082
4422.76925997082
4422.76925997082
4422.76925997082
4422.76925997082
4422.76925997082
4422.76925997082
4422.76925997082
4422.76925997082
4422.76925997082
4422.76925997082
4422.76925997082
4422.76925997082
4422.76925997082
4422.76925997082
4422.76925997082
4422.76925997082
4422.76925997082
4422.76925997082
4422.76925997082
4422.76925997082
4422.76925997082
4422.76925997082
4422.76925997082
4422.76925997082
4422.76925997082
4422.76925997082
4422.76925997082
4422.76925997082
4422.76925997082
4422.76925997082
4422.76925997082
4422.76925997082
4422.76925997082
4422.76925997082
4422.76925997082
4422.76925997082
4422.76925997082
4422.76925997082
4422.76925997082
4422.76925997082
4422.76925997082
4422.76925997082
4422.76925997082
4422.76925997082
4422.76925997082
4422.76925997082
4422.76925997082
4422.76925997082
4422.76925997082
4422.76925997082
4422.76925997082
4422.76925997082
4422.76925997082
4422.76925997082
4422.76925997082
4422.76925997082
4422.76925997082
4422.76925997082
4422.76925997082
4422.76925997082
4422.76925997082
4422.76925997082
4422.76925997082
4422.76925997082
4422.76925997082
4422.76925997082
4422.76925997082
4422.76925997082
4422.76925997082
4422.76925997082
4422.76925997082
4422.76925997082
4422.76925997082
4422.76925997082
4422.76925997082
4422.76925997082
4422.76925997082
4422.76925997082
4422.76925997082
4422.76925997082
4422.76925997082
4422.76925997082
4422.76925997082
4422.76925997082
4422.76925997082
4422.76925997082
4422.76925997082
4422.76925997082
4422.76925997082
4422.76925997082
4422.76925997082
4422.76925997082
4422.76925997082
4422.76925997082
4422.76925997082
4422.76925997082
4422.76925997082
4422.76925997082
4422.76925997082
4422.76925997082
4422.76925997082
4422.76925997082
4422.76925997082
4422.76925997082
4422.76925997082
4422.76925997082
4422.76925997082
4422.76925997082
4422.76925997082
4422.76925997082
4422.76925997082
4422.76925997082
4422.76925997082
4422.76925997082
4422.76925997082
4422.76925997082
4422.76925997082
4422.76925997082
4422.76925997082
4422.76925997082
4422.76925997082
4422.76925997082
4422.76925997082
4422.76925997082
4422.76925997082
4422.76925997082
4422.76925997082
4422.76925997082
4422.76925997082
4422.76925997082
4422.76925997082
4422.76925997082
4422.76925997082
4422.76925997082
4422.76925997082
4422.76925997082
4422.76925997082
4422.76925997082
4422.76925997082
4422.76925997082
4422.76925997082
4422.76925997082
4422.76925997082
4422.76925997082
4422.76925997082
4422.76925997082
4422.76925997082
4422.76925997082
4422.76925997082
4422.76925997082
4422.76925997082
4422.76925997082
4422.76925997082
4422.76925997082
4422.76925997082
4422.76925997082
4422.76925997082
4422.76925997082
4422.76925997082
4422.76925997082
4422.76925997082
4422.76925997082
4422.76925997082
4422.76925997082
4422.76925997082
4422.76925997082
4422.76925997082
4422.76925997082
4422.76925997082
4422.76925997082
4422.76925997082
4422.76925997082
4422.76925997082
4422.76925997082
4422.76925997082
4422.76925997082
4422.76925997082
4422.76925997082
4422.76925997082
4422.76925997082
4422.76925997082
4422.76925997082
4422.76925997082
4422.76925997082
4422.76925997082
4422.76925997082
4422.76925997082
4422.76925997082
4422.76925997082
4422.76925997082
4422.76925997082
4422.76925997082
4422.76925997082
4422.76925997082
4422.76925997082
4422.76925997082
4422.76925997082
4422.76925997082
4422.76925997082
4422.76925997082
4422.76925997082
4422.76925997082
4422.76925997082
4422.76925997082
4422.76925997082
4422.76925997082
4422.76925997082
4422.76925997082
4422.76925997082
4422.76925997082
4422.76925997082
4422.76925997082
4422.76925997082
4422.76925997082
4422.76925997082
4422.76925997082
4422.76925997082
4422.76925997082
4422.76925997082
4422.76925997082
4422.76925997082
4422.76925997082
4422.76925997082
4422.76925997082
4422.76925997082
4422.76925997082
4422.76925997082
4422.76925997082
4422.76925997082
4422.76925997082
4422.76925997082
4422.76925997082
4422.76925997082
4422.76925997082
4422.76925997082
4422.76925997082
4422.76925997082
4422.76925997082
4422.76925997082
4422.76925997082
4422.76925997082
4422.76925997082
4422.76925997082
4422.76925997082
4422.76925997082
4422.76925997082
4422.76925997082
4422.76925997082
4422.76925997082
4422.76925997082
4422.76925997082
4422.76925997082
4422.76925997082
4422.76925997082
4422.76925997082
4422.76925997082
4422.76925997082
4422.76925997082
4422.76925997082
4422.76925997082
4422.76925997082
4422.76925997082
4422.76925997082
4422.76925997082
4422.76925997082
4422.76925997082
4422.76925997082
4422.76925997082
4422.76925997082
4422.76925997082
4422.76925997082
4422.76925997082
4422.76925997082
4422.76925997082
4422.76925997082
4422.76925997082
4422.76925997082
4422.76925997082
4422.76925997082
4422.76925997082
4422.76925997082
4422.76925997082
4422.76925997082
4422.76925997082
4422.76925997082
4422.76925997082
4422.76925997082
4422.76925997082
4422.76925997082
4422.76925997082
4422.76925997082
4422.76925997082
4422.76925997082
4422.76925997082
4422.76925997082
4422.76925997082
4422.76925997082
4415.52734421943
4415.52734421943
4415.52734421943
4415.52734421943
4415.52734421943
4415.52734421943
4415.52734421943
4415.52734421943
4415.52734421943
4415.52734421943
4415.52734421943
4415.52734421943
4415.52734421943
4415.52734421943
4415.52734421943
4415.52734421943
4415.52734421943
4415.52734421943
4415.52734421943
4415.52734421943
4415.52734421943
4415.52734421943
4415.52734421943
4415.52734421943
4415.52734421943
4415.52734421943
4415.52734421943
4415.52734421943
4415.52734421943
4415.52734421943
4415.52734421943
4415.52734421943
4415.52734421943
4415.52734421943
4415.52734421943
4415.52734421943
4415.52734421943
4415.52734421943
4415.52734421943
4415.52734421943
4415.52734421943
4415.52734421943
4415.52734421943
4415.52734421943
4415.52734421943
4415.52734421943
4415.52734421943
4415.52734421943
4415.52734421943
4415.52734421943
4415.52734421943
4415.52734421943
4415.52734421943
4415.52734421943
4415.52734421943
4415.52734421943
4415.52734421943
4415.52734421943
4415.52734421943
4415.52734421943
4415.52734421943
4415.52734421943
4415.52734421943
4415.52734421943
4415.52734421943
4415.52734421943
4415.52734421943
4415.52734421943
4415.52734421943
4415.52734421943
4415.52734421943
4415.52734421943
4415.52734421943
4415.52734421943
4415.52734421943
4415.52734421943
4415.52734421943
4415.52734421943
4415.52734421943
4415.52734421943
4415.52734421943
4415.52734421943
4415.52734421943
4415.52734421943
4415.52734421943
4415.52734421943
4415.52734421943
4415.52734421943
4415.52734421943
4415.52734421943
4415.52734421943
4415.52734421943
4415.52734421943
4415.52734421943
4415.52734421943
4415.52734421943
4415.52734421943
4415.52734421943
4415.52734421943
4415.52734421943
4415.52734421943
4415.52734421943
4415.52734421943
4415.52734421943
4415.52734421943

ave
6160.73994787153
6109.95821434861
6285.71535853696
6157.58132543881
5956.84255043519
6188.61665041138
6156.39138318116
6489.34217028281
6131.24479468326
6373.20142779566
6172.04708553253
6384.69493933727
6665.15668847739
6576.04035908461
6105.60119066012
6379.37552072495
6331.04791536664
5973.50120849205
6133.25762051533
6554.17510887407
6465.02456643554
6229.42071380755
6472.23573412450
6149.29607525768
6402.64730415580
5905.51424476841
5993.83221935814
6278.70078145391
6107.73996270906
6275.49867590067
5876.96945994749
6010.05949095721
5755.33797737364
6654.90800023207
6264.20257496062
6416.67383146030
6262.62928580625
6554.15617833017
6054.06830550121
5838.25604003280
6115.59939783348
6357.48148183380
6312.84112009169
5971.06342778103
5835.72989045085
6498.69699610071
6044.73044002511
6140.56984459205
5990.86217878054
6031.64058035724
6507.62420533816
6112.10874901327
6294.35633688934
6291.26022756919
6169.54085973190
5923.33010599906
6649.87604162880
6329.52637266046
6223.76530996826
6205.16262070696
5730.98258686041
5946.46317388190
6429.52854469333
5991.12080417065
5974.21782335520
6521.98224536646
5791.95684776321
6318.87875647294
5672.36924213295
6391.30576304757
6118.71047655751
6138.65513538478
6249.66138961120
6038.92435032558
5813.16445561206
6217.87861921053
6233.28319397381
5925.00225160211
6038.24791210763
5904.65469004482
5566.74363540306
6225.47362100656
6211.82822206469
6039.32701560761
5519.78716279414
6125.42307860031
5977.72540513655
6795.63111687288
6141.60062814705
6258.18675879833
6010.14035370749
6130.78638568383
6107.88266808091
6011.78482053081
6502.99065108872
5953.46755570200
5869.27843114229
6053.69036639095
6536.84807319593
6115.75670713546
6189.53268423160
6069.69043272158
5638.78910525759
5692.51107342420
5918.44191726896
6356.73290602101
5977.77951653063
5909.01873518981
6046.97384775717
6303.85335809236
6451.75785711796
6342.11066791949
6026.82657821059
5851.96606175696
6076.84592209214
6179.45220743331
5708.11139736602
6349.97668496893
6210.26788733909
6325.12606591801
6022.55107273158
6070.43068294159
6382.33077498615
6417.52257479312
6450.24227584469
6023.93819519102
5831.29003477377
5971.84762085479
5807.07517494633
6365.78323068419
6467.73957998568
5955.61618398902
6048.97962098942
5526.93366018590
5617.33819299201
5998.26021417154
6028.41364529708
5766.33493502623
5766.72048613430
6042.90720051424
5777.63848086371
6180.83132310655
6162.95480670381
6429.74279775599
5865.98505045651
5849.94286690463
6119.90429734275
6153.83251192098
6056.74620773889
5925.69982415547
5420.75026425163
5887.89158551333
6117.86116733101
6191.68935292193
5909.88111692172
5601.02880239223
6182.67055255520
6119.12342013664
6081.86130582900
5887.87371469046
6318.86923278800
6446.16793458915
6315.45817401192
6278.40462431176
5785.59299827901
6274.58790062210
6096.76772759856
6169.01496426491
5938.81499139933
5893.91325444133
5849.84852980706
6337.14055776851
5551.08334098056
5868.01680579117
6208.17635468822
6630.95638581710
6038.05194264030
6424.53047725615
5648.87543958206
5831.03566310880
6130.57992584797
6283.48931473628
5897.33967483476
6142.74914482985
6293.47978311233
5721.74585494460
6087.28173123394
6493.72998323460
6262.36224725509
6340.57672264352
6437.59827831295
6392.95011993400
5691.04148405261
6224.27638776400
6147.60870556010
6058.68472621413
5895.01060359683
6263.49397162315
6177.46930879298
6201.25501697119
6138.81229601274
6143.45893705689
5553.30067793394
5474.32047749593
5935.05646773734
6315.70130702333
5815.48453024516
6065.82875424021
5832.38769188300
6324.27679407302
6092.32204195131
6407.87897690320
6019.47482137572
6115.33523869312
6060.95414822923
5737.91512353419
6090.59805708960
5858.57975157431
6079.71383579184
6047.20679693184
5960.48686968287
6006.33239197874
6355.06464516831
5958.88008353460
6007.97468883434
5666.34453573778
6077.28086066201
6061.56891725368
5738.70463031151
6078.50173852014
5986.19600273635
6032.77558400130
6024.56973281448
6241.76387665593
6198.59293597169
6129.83681473735
5818.94496011125
6329.63035042315
5905.39981521975
5971.31224834776
6392.21146540358
6468.29277912351
5946.21643816700
6588.68822578311
6187.00350859125
6087.38266990789
5677.91862054857
6178.24510967113
6259.72483014586
6114.78310014510
5884.71387061004
5991.06932422046
5697.05819368219
6436.39264377732
6026.19738396118
5675.44976314460
5934.92558173113
6132.81946368594
6373.63116794970
5946.13442681811
6127.74411904465
6128.32989222004
6428.57375989009
6097.83114143708
6536.11752016797
5839.04775121486
5780.56685585707
6015.97978956610
5901.42989693948
6351.08161271874
6264.95082022044
5956.05331725201
6383.85880606550
6271.39757701647
6677.64131334972
5999.39181585040
5783.26226027446
5867.02065628198
6324.20081550780
5972.38228891424
6368.13630195279
5699.55287856055
5952.58285911330
6256.06559152980
5788.17578157059
6021.51685977673
6529.24643138134
6009.59865437097
5488.18051224056
6388.29205386543
5960.33127869597
6087.58245844100
6385.06684159441
5992.93361985824
6292.72282304866
6234.17891757461
6028.86514751895
5973.54824621054
5671.41480051644
6106.74660306203
5809.96656736317
6151.38403648136
6015.27896487160
6184.50045455990
6247.74614006103
6021.61946079388
6230.54248169195
6066.69962254142
5985.38149401713
5736.91883154449
6080.82206263536
6476.00178354062
6356.12102577061
5949.20836455481
6198.92272002431
5877.12717687950
6306.25898896550
6144.15636945373
5702.65924717953
6040.56035804103
5867.63337845359
5911.28402563894
5852.90202213186
6651.63626628182
6394.23026797269
5899.05141129827
6398.23088521929
6211.35265115241
6095.01051136041
6064.74561178193
5649.78315427723
6041.13794785807
5774.28444313279
5995.73943659145
6409.16816693029
5708.43829571775
6096.19036334482
6273.84028142471
5995.92666829733
6285.24339975466
6024.20667172692
6382.22854860037
5861.31111934773
6126.53221172560
5974.88086058893
6054.44250568762
6172.94231220320
6495.64690452745
6176.41333004080
6011.47233742545
6113.36783549760
6046.73185415468
6370.61463099991
6319.90790596353
6430.62435886245
6004.05964622529
6398.30829398547
5900.81617695061
6019.94775029035
6107.77785196922
6329.70237820360
6366.16498432839
6040.85833438628
6339.68984633520
6051.12629521789
6229.96723644958
6296.49352465413
5894.07014917009
6249.24367527437
6286.88848814569
6310.26338615355
6109.14739198872
5900.78758132572
6214.13859726272
5970.69655916986
6038.92569619703
6109.34968394174
5872.05780508165
6039.99991007294
6151.71960831020
6415.89538158949
6045.62327033773
5854.54694789401
5844.92781000567
5821.09416366638
6287.98401557366
6145.86364274644
6083.02092767491
6072.04332110473
6059.77775337487
6496.51812669984
6098.21168947852
5898.57464896978
5986.71586908518
5978.67438156336
5844.28635333166
6246.87213619450
6095.43843690419
6232.82285460149
5915.80565830607
5691.48421726591
6304.41514944634
5899.48777636214
6053.60841332456
6075.61727470849
5687.00343814609
5880.01551664077
6336.19411463683
6227.47753725602
6216.14905113771
5808.83508400956
5896.82962640502
6167.76780360800
5954.55946021104
6191.26393067256
6553.58434591734
6384.25674753845
6459.31609118717
5829.80450117172
5854.63474938764
6033.88904324337
6298.37934797832
6262.96581342537
5977.01506416558
5908.40489886314
6034.96114482546
6030.97272017363
6402.54174619386
5990.91395389330
6267.23569665710
6048.36128475402
6171.33982957116
6595.73614660319
6037.88828074886
6187.72170048434
5801.73340965955
5929.81811699455
6062.71340766186
5948.52297266642
6226.24038558024
6132.48974956424
6174.09593449802
6687.71925342814
6195.76188678374
6287.89453879584
6233.05471769902
5927.31217757866
5942.15019281812
6095.30826153929
6422.43671448609
5989.85261486501
6144.88248999526
5952.47153900227
5960.34716556559
5794.13624573887
6032.34051838919
6194.65951487960
6197.27094063573
6007.49770151868
6044.33621573694
6248.68092707996
5800.66318604212
6122.43675635049
6187.25994941172
5804.10972256247
6015.73523085910
5690.63053736868
6126.51870400648
5742.15503469345
6208.77990320274
6057.65365633125
5702.30425349539
6048.04481942568
5802.00168087787
5915.69465071369
6271.16949222486
5925.50059129429
5920.63686080324
5811.50012309731
6158.75501644527
5776.43934666481
6197.15862743922
5786.18437610350
6009.96028364433
6409.57439652995
5734.05272916778
5774.34298220726
5923.15819812811
5880.73291567766
6190.69926982280
6005.44281218976
6260.11644084932
5499.92236362981
5912.26987581144
5911.92968881281
6066.61625120635
5981.71768317058
5780.04978528533
5470.41666015613
6215.35216187931