最优解为:9016.6385
最优解路径:

Best_route =

  1 至 24 列

   155   156    75    61    62     7     8   117   118    57    58     0     0     0     0     0     0     0     0     0     0     0     0     0
     0     0     0     0     0     0     0     0     0     0     0     0     0     0     0     0     0     0     0     0     0     0     0     0
   150    71    72    39    81    82    33    34   123   124    94     0     0     0     0     0     0     0     0     0     0     0     0     0
    43    44   111   114   160    63    64    69    11    12     0     0     0     0     0     0     0     0     0     0     0     0     0     0
    16    36   151   152    14    90     0     0     0     0     0     0     0     0     0     0     0     0     0     0     0     0     0     0
    53    54   135   136    27    28   145   146    95    96    25    26     0     0     0     0     0     0     0     0     0     0     0     0
   149    45    46     3     4   153   154    89     9    10     0     0     0     0     0     0     0     0     0     0     0     0     0     0
     1   101   102   148   112   120     0     0     0     0     0     0     0     0     0     0     0     0     0     0     0     0     0     0
   137   138    93   113   159    13   127   128   142    38     0     0     0     0     0     0     0     0     0     0     0     0     0     0
   143   144   115     2   125   126    41    42     0     0     0     0     0     0     0     0     0     0     0     0     0     0     0     0
    15    35    91   129   130    83    84   133   134    99   100     0     0     0     0     0     0     0     0     0     0     0     0     0
    55    56   141    37   119    49    50    40    70     0     0     0     0     0     0     0     0     0     0     0     0     0     0     0
     0     0     0     0     0     0     0     0     0     0     0     0     0     0     0     0     0     0     0     0     0     0     0     0
    29    30   147    47    48    73    74    97    98     0     0     0     0     0     0     0     0     0     0     0     0     0     0     0
    59    60   139   140    85    86    31    32   131   132     0     0     0     0     0     0     0     0     0     0     0     0     0     0
    17    18    51    52   103   104    87    88    65    66   121   122     0     0     0     0     0     0     0     0     0     0     0     0
     0     0     0     0     0     0     0     0     0     0     0     0     0     0     0     0     0     0     0     0     0     0     0     0
     0     0     0     0     0     0     0     0     0     0     0     0     0     0     0     0     0     0     0     0     0     0     0     0
    23    24   157   158    76   116     0     0     0     0     0     0     0     0     0     0     0     0     0     0     0     0     0     0
     0     0     0     0     0     0     0     0     0     0     0     0     0     0     0     0     0     0     0     0     0     0     0     0
    19    20   109   110   107   108    67    68    92     0     0     0     0     0     0     0     0     0     0     0     0     0     0     0
    21    22    79    80    77    78   105   106     5     6     0     0     0     0     0     0     0     0     0     0     0     0     0     0

  25 至 48 列

     0     0     0     0     0     0     0     0     0     0     0     0     0     0     0     0     0     0     0     0     0     0     0     0
     0     0     0     0     0     0     0     0     0     0     0     0     0     0     0     0     0     0     0     0     0     0     0     0
     0     0     0     0     0     0     0     0     0     0     0     0     0     0     0     0     0     0     0     0     0     0     0     0
     0     0     0     0     0     0     0     0     0     0     0     0     0     0     0     0     0     0     0     0     0     0     0     0
     0     0     0     0     0     0     0     0     0     0     0     0     0     0     0     0     0     0     0     0     0     0     0     0
     0     0     0     0     0     0     0     0     0     0     0     0     0     0     0     0     0     0     0     0     0     0     0     0
     0     0     0     0     0     0     0     0     0     0     0     0     0     0     0     0     0     0     0     0     0     0     0     0
     0     0     0     0     0     0     0     0     0     0     0     0     0     0     0     0     0     0     0     0     0     0     0     0
     0     0     0     0     0     0     0     0     0     0     0     0     0     0     0     0     0     0     0     0     0     0     0     0
     0     0     0     0     0     0     0     0     0     0     0     0     0     0     0     0     0     0     0     0     0     0     0     0
     0     0     0     0     0     0     0     0     0     0     0     0     0     0     0     0     0     0     0     0     0     0     0     0
     0     0     0     0     0     0     0     0     0     0     0     0     0     0     0     0     0     0     0     0     0     0     0     0
     0     0     0     0     0     0     0     0     0     0     0     0     0     0     0     0     0     0     0     0     0     0     0     0
     0     0     0     0     0     0     0     0     0     0     0     0     0     0     0     0     0     0     0     0     0     0     0     0
     0     0     0     0     0     0     0     0     0     0     0     0     0     0     0     0     0     0     0     0     0     0     0     0
     0     0     0     0     0     0     0     0     0     0     0     0     0     0     0     0     0     0     0     0     0     0     0     0
     0     0     0     0     0     0     0     0     0     0     0     0     0     0     0     0     0     0     0     0     0     0     0     0
     0     0     0     0     0     0     0     0     0     0     0     0     0     0     0     0     0     0     0     0     0     0     0     0
     0     0     0     0     0     0     0     0     0     0     0     0     0     0     0     0     0     0     0     0     0     0     0     0
     0     0     0     0     0     0     0     0     0     0     0     0     0     0     0     0     0     0     0     0     0     0     0     0
     0     0     0     0     0     0     0     0     0     0     0     0     0     0     0     0     0     0     0     0     0     0     0     0
     0     0     0     0     0     0     0     0     0     0     0     0     0     0     0     0     0     0     0     0     0     0     0     0

  49 至 72 列

     0     0     0     0     0     0     0     0     0     0     0     0     0     0     0     0     0     0     0     0     0     0     0     0
     0     0     0     0     0     0     0     0     0     0     0     0     0     0     0     0     0     0     0     0     0     0     0     0
     0     0     0     0     0     0     0     0     0     0     0     0     0     0     0     0     0     0     0     0     0     0     0     0
     0     0     0     0     0     0     0     0     0     0     0     0     0     0     0     0     0     0     0     0     0     0     0     0
     0     0     0     0     0     0     0     0     0     0     0     0     0     0     0     0     0     0     0     0     0     0     0     0
     0     0     0     0     0     0     0     0     0     0     0     0     0     0     0     0     0     0     0     0     0     0     0     0
     0     0     0     0     0     0     0     0     0     0     0     0     0     0     0     0     0     0     0     0     0     0     0     0
     0     0     0     0     0     0     0     0     0     0     0     0     0     0     0     0     0     0     0     0     0     0     0     0
     0     0     0     0     0     0     0     0     0     0     0     0     0     0     0     0     0     0     0     0     0     0     0     0
     0     0     0     0     0     0     0     0     0     0     0     0     0     0     0     0     0     0     0     0     0     0     0     0
     0     0     0     0     0     0     0     0     0     0     0     0     0     0     0     0     0     0     0     0     0     0     0     0
     0     0     0     0     0     0     0     0     0     0     0     0     0     0     0     0     0     0     0     0     0     0     0     0
     0     0     0     0     0     0     0     0     0     0     0     0     0     0     0     0     0     0     0     0     0     0     0     0
     0     0     0     0     0     0     0     0     0     0     0     0     0     0     0     0     0     0     0     0     0     0     0     0
     0     0     0     0     0     0     0     0     0     0     0     0     0     0     0     0     0     0     0     0     0     0     0     0
     0     0     0     0     0     0     0     0     0     0     0     0     0     0     0     0     0     0     0     0     0     0     0     0
     0     0     0     0     0     0     0     0     0     0     0     0     0     0     0     0     0     0     0     0     0     0     0     0
     0     0     0     0     0     0     0     0     0     0     0     0     0     0     0     0     0     0     0     0     0     0     0     0
     0     0     0     0     0     0     0     0     0     0     0     0     0     0     0     0     0     0     0     0     0     0     0     0
     0     0     0     0     0     0     0     0     0     0     0     0     0     0     0     0     0     0     0     0     0     0     0     0
     0     0     0     0     0     0     0     0     0     0     0     0     0     0     0     0     0     0     0     0     0     0     0     0
     0     0     0     0     0     0     0     0     0     0     0     0     0     0     0     0     0     0     0     0     0     0     0     0

  73 至 96 列

     0     0     0     0     0     0     0     0     0     0     0     0     0     0     0     0     0     0     0     0     0     0     0     0
     0     0     0     0     0     0     0     0     0     0     0     0     0     0     0     0     0     0     0     0     0     0     0     0
     0     0     0     0     0     0     0     0     0     0     0     0     0     0     0     0     0     0     0     0     0     0     0     0
     0     0     0     0     0     0     0     0     0     0     0     0     0     0     0     0     0     0     0     0     0     0     0     0
     0     0     0     0     0     0     0     0     0     0     0     0     0     0     0     0     0     0     0     0     0     0     0     0
     0     0     0     0     0     0     0     0     0     0     0     0     0     0     0     0     0     0     0     0     0     0     0     0
     0     0     0     0     0     0     0     0     0     0     0     0     0     0     0     0     0     0     0     0     0     0     0     0
     0     0     0     0     0     0     0     0     0     0     0     0     0     0     0     0     0     0     0     0     0     0     0     0
     0     0     0     0     0     0     0     0     0     0     0     0     0     0     0     0     0     0     0     0     0     0     0     0
     0     0     0     0     0     0     0     0     0     0     0     0     0     0     0     0     0     0     0     0     0     0     0     0
     0     0     0     0     0     0     0     0     0     0     0     0     0     0     0     0     0     0     0     0     0     0     0     0
     0     0     0     0     0     0     0     0     0     0     0     0     0     0     0     0     0     0     0     0     0     0     0     0
     0     0     0     0     0     0     0     0     0     0     0     0     0     0     0     0     0     0     0     0     0     0     0     0
     0     0     0     0     0     0     0     0     0     0     0     0     0     0     0     0     0     0     0     0     0     0     0     0
     0     0     0     0     0     0     0     0     0     0     0     0     0     0     0     0     0     0     0     0     0     0     0     0
     0     0     0     0     0     0     0     0     0     0     0     0     0     0     0     0     0     0     0     0     0     0     0     0
     0     0     0     0     0     0     0     0     0     0     0     0     0     0     0     0     0     0     0     0     0     0     0     0
     0     0     0     0     0     0     0     0     0     0     0     0     0     0     0     0     0     0     0     0     0     0     0     0
     0     0     0     0     0     0     0     0     0     0     0     0     0     0     0     0     0     0     0     0     0     0     0     0
     0     0     0     0     0     0     0     0     0     0     0     0     0     0     0     0     0     0     0     0     0     0     0     0
     0     0     0     0     0     0     0     0     0     0     0     0     0     0     0     0     0     0     0     0     0     0     0     0
     0     0     0     0     0     0     0     0     0     0     0     0     0     0     0     0     0     0     0     0     0     0     0     0

  97 至 120 列

     0     0     0     0     0     0     0     0     0     0     0     0     0     0     0     0     0     0     0     0     0     0     0     0
     0     0     0     0     0     0     0     0     0     0     0     0     0     0     0     0     0     0     0     0     0     0     0     0
     0     0     0     0     0     0     0     0     0     0     0     0     0     0     0     0     0     0     0     0     0     0     0     0
     0     0     0     0     0     0     0     0     0     0     0     0     0     0     0     0     0     0     0     0     0     0     0     0
     0     0     0     0     0     0     0     0     0     0     0     0     0     0     0     0     0     0     0     0     0     0     0     0
     0     0     0     0     0     0     0     0     0     0     0     0     0     0     0     0     0     0     0     0     0     0     0     0
     0     0     0     0     0     0     0     0     0     0     0     0     0     0     0     0     0     0     0     0     0     0     0     0
     0     0     0     0     0     0     0     0     0     0     0     0     0     0     0     0     0     0     0     0     0     0     0     0
     0     0     0     0     0     0     0     0     0     0     0     0     0     0     0     0     0     0     0     0     0     0     0     0
     0     0     0     0     0     0     0     0     0     0     0     0     0     0     0     0     0     0     0     0     0     0     0     0
     0     0     0     0     0     0     0     0     0     0     0     0     0     0     0     0     0     0     0     0     0     0     0     0
     0     0     0     0     0     0     0     0     0     0     0     0     0     0     0     0     0     0     0     0     0     0     0     0
     0     0     0     0     0     0     0     0     0     0     0     0     0     0     0     0     0     0     0     0     0     0     0     0
     0     0     0     0     0     0     0     0     0     0     0     0     0     0     0     0     0     0     0     0     0     0     0     0
     0     0     0     0     0     0     0     0     0     0     0     0     0     0     0     0     0     0     0     0     0     0     0     0
     0     0     0     0     0     0     0     0     0     0     0     0     0     0     0     0     0     0     0     0     0     0     0     0
     0     0     0     0     0     0     0     0     0     0     0     0     0     0     0     0     0     0     0     0     0     0     0     0
     0     0     0     0     0     0     0     0     0     0     0     0     0     0     0     0     0     0     0     0     0     0     0     0
     0     0     0     0     0     0     0     0     0     0     0     0     0     0     0     0     0     0     0     0     0     0     0     0
     0     0     0     0     0     0     0     0     0     0     0     0     0     0     0     0     0     0     0     0     0     0     0     0
     0     0     0     0     0     0     0     0     0     0     0     0     0     0     0     0     0     0     0     0     0     0     0     0
     0     0     0     0     0     0     0     0     0     0     0     0     0     0     0     0     0     0     0     0     0     0     0     0

  121 至 144 列

     0     0     0     0     0     0     0     0     0     0     0     0     0     0     0     0     0     0     0     0     0     0     0     0
     0     0     0     0     0     0     0     0     0     0     0     0     0     0     0     0     0     0     0     0     0     0     0     0
     0     0     0     0     0     0     0     0     0     0     0     0     0     0     0     0     0     0     0     0     0     0     0     0
     0     0     0     0     0     0     0     0     0     0     0     0     0     0     0     0     0     0     0     0     0     0     0     0
     0     0     0     0     0     0     0     0     0     0     0     0     0     0     0     0     0     0     0     0     0     0     0     0
     0     0     0     0     0     0     0     0     0     0     0     0     0     0     0     0     0     0     0     0     0     0     0     0
     0     0     0     0     0     0     0     0     0     0     0     0     0     0     0     0     0     0     0     0     0     0     0     0
     0     0     0     0     0     0     0     0     0     0     0     0     0     0     0     0     0     0     0     0     0     0     0     0
     0     0     0     0     0     0     0     0     0     0     0     0     0     0     0     0     0     0     0     0     0     0     0     0
     0     0     0     0     0     0     0     0     0     0     0     0     0     0     0     0     0     0     0     0     0     0     0     0
     0     0     0     0     0     0     0     0     0     0     0     0     0     0     0     0     0     0     0     0     0     0     0     0
     0     0     0     0     0     0     0     0     0     0     0     0     0     0     0     0     0     0     0     0     0     0     0     0
     0     0     0     0     0     0     0     0     0     0     0     0     0     0     0     0     0     0     0     0     0     0     0     0
     0     0     0     0     0     0     0     0     0     0     0     0     0     0     0     0     0     0     0     0     0     0     0     0
     0     0     0     0     0     0     0     0     0     0     0     0     0     0     0     0     0     0     0     0     0     0     0     0
     0     0     0     0     0     0     0     0     0     0     0     0     0     0     0     0     0     0     0     0     0     0     0     0
     0     0     0     0     0     0     0     0     0     0     0     0     0     0     0     0     0     0     0     0     0     0     0     0
     0     0     0     0     0     0     0     0     0     0     0     0     0     0     0     0     0     0     0     0     0     0     0     0
     0     0     0     0     0     0     0     0     0     0     0     0     0     0     0     0     0     0     0     0     0     0     0     0
     0     0     0     0     0     0     0     0     0     0     0     0     0     0     0     0     0     0     0     0     0     0     0     0
     0     0     0     0     0     0     0     0     0     0     0     0     0     0     0     0     0     0     0     0     0     0     0     0
     0     0     0     0     0     0     0     0     0     0     0     0     0     0     0     0     0     0     0     0     0     0     0     0

  145 至 161 列

     0     0     0     0     0     0     0     0     0     0     0     0     0     0     0     0     0
     0     0     0     0     0     0     0     0     0     0     0     0     0     0     0     0     0
     0     0     0     0     0     0     0     0     0     0     0     0     0     0     0     0     0
     0     0     0     0     0     0     0     0     0     0     0     0     0     0     0     0     0
     0     0     0     0     0     0     0     0     0     0     0     0     0     0     0     0     0
     0     0     0     0     0     0     0     0     0     0     0     0     0     0     0     0     0
     0     0     0     0     0     0     0     0     0     0     0     0     0     0     0     0     0
     0     0     0     0     0     0     0     0     0     0     0     0     0     0     0     0     0
     0     0     0     0     0     0     0     0     0     0     0     0     0     0     0     0     0
     0     0     0     0     0     0     0     0     0     0     0     0     0     0     0     0     0
     0     0     0     0     0     0     0     0     0     0     0     0     0     0     0     0     0
     0     0     0     0     0     0     0     0     0     0     0     0     0     0     0     0     0
     0     0     0     0     0     0     0     0     0     0     0     0     0     0     0     0     0
     0     0     0     0     0     0     0     0     0     0     0     0     0     0     0     0     0
     0     0     0     0     0     0     0     0     0     0     0     0     0     0     0     0     0
     0     0     0     0     0     0     0     0     0     0     0     0     0     0     0     0     0
     0     0     0     0     0     0     0     0     0     0     0     0     0     0     0     0     0
     0     0     0     0     0     0     0     0     0     0     0     0     0     0     0     0     0
     0     0     0     0     0     0     0     0     0     0     0     0     0     0     0     0     0
     0     0     0     0     0     0     0     0     0     0     0     0     0     0     0     0     0
     0     0     0     0     0     0     0     0     0     0     0     0     0     0     0     0     0
     0     0     0     0     0     0     0     0     0     0     0     0     0     0     0     0     0

本次运算用时:7939.204秒
算法在第298代时收敛

best
最优解为:9016.6385
最优解路径:

Best_route =

  1 至 24 列

   155   156    75    61    62     7     8   117   118    57    58     0     0     0     0     0     0     0     0     0     0     0     0     0
     0     0     0     0     0     0     0     0     0     0     0     0     0     0     0     0     0     0     0     0     0     0     0     0
   150    71    72    39    81    82    33    34   123   124    94     0     0     0     0     0     0     0     0     0     0     0     0     0
    43    44   111   114   160    63    64    69    11    12     0     0     0     0     0     0     0     0     0     0     0     0     0     0
    16    36   151   152    14    90     0     0     0     0     0     0     0     0     0     0     0     0     0     0     0     0     0     0
    53    54   135   136    27    28   145   146    95    96    25    26     0     0     0     0     0     0     0     0     0     0     0     0
   149    45    46     3     4   153   154    89     9    10     0     0     0     0     0     0     0     0     0     0     0     0     0     0
     1   101   102   148   112   120     0     0     0     0     0     0     0     0     0     0     0     0     0     0     0     0     0     0
   137   138    93   113   159    13   127   128   142    38     0     0     0     0     0     0     0     0     0     0     0     0     0     0
   143   144   115     2   125   126    41    42     0     0     0     0     0     0     0     0     0     0     0     0     0     0     0     0
    15    35    91   129   130    83    84   133   134    99   100     0     0     0     0     0     0     0     0     0     0     0     0     0
    55    56   141    37   119    49    50    40    70     0     0     0     0     0     0     0     0     0     0     0     0     0     0     0
     0     0     0     0     0     0     0     0     0     0     0     0     0     0     0     0     0     0     0     0     0     0     0     0
    29    30   147    47    48    73    74    97    98     0     0     0     0     0     0     0     0     0     0     0     0     0     0     0
    59    60   139   140    85    86    31    32   131   132     0     0     0     0     0     0     0     0     0     0     0     0     0     0
    17    18    51    52   103   104    87    88    65    66   121   122     0     0     0     0     0     0     0     0     0     0     0     0
     0     0     0     0     0     0     0     0     0     0     0     0     0     0     0     0     0     0     0     0     0     0     0     0
     0     0     0     0     0     0     0     0     0     0     0     0     0     0     0     0     0     0     0     0     0     0     0     0
    23    24   157   158    76   116     0     0     0     0     0     0     0     0     0     0     0     0     0     0     0     0     0     0
     0     0     0     0     0     0     0     0     0     0     0     0     0     0     0     0     0     0     0     0     0     0     0     0
    19    20   109   110   107   108    67    68    92     0     0     0     0     0     0     0     0     0     0     0     0     0     0     0
    21    22    79    80    77    78   105   106     5     6     0     0     0     0     0     0     0     0     0     0     0     0     0     0

  25 至 48 列

     0     0     0     0     0     0     0     0     0     0     0     0     0     0     0     0     0     0     0     0     0     0     0     0
     0     0     0     0     0     0     0     0     0     0     0     0     0     0     0     0     0     0     0     0     0     0     0     0
     0     0     0     0     0     0     0     0     0     0     0     0     0     0     0     0     0     0     0     0     0     0     0     0
     0     0     0     0     0     0     0     0     0     0     0     0     0     0     0     0     0     0     0     0     0     0     0     0
     0     0     0     0     0     0     0     0     0     0     0     0     0     0     0     0     0     0     0     0     0     0     0     0
     0     0     0     0     0     0     0     0     0     0     0     0     0     0     0     0     0     0     0     0     0     0     0     0
     0     0     0     0     0     0     0     0     0     0     0     0     0     0     0     0     0     0     0     0     0     0     0     0
     0     0     0     0     0     0     0     0     0     0     0     0     0     0     0     0     0     0     0     0     0     0     0     0
     0     0     0     0     0     0     0     0     0     0     0     0     0     0     0     0     0     0     0     0     0     0     0     0
     0     0     0     0     0     0     0     0     0     0     0     0     0     0     0     0     0     0     0     0     0     0     0     0
     0     0     0     0     0     0     0     0     0     0     0     0     0     0     0     0     0     0     0     0     0     0     0     0
     0     0     0     0     0     0     0     0     0     0     0     0     0     0     0     0     0     0     0     0     0     0     0     0
     0     0     0     0     0     0     0     0     0     0     0     0     0     0     0     0     0     0     0     0     0     0     0     0
     0     0     0     0     0     0     0     0     0     0     0     0     0     0     0     0     0     0     0     0     0     0     0     0
     0     0     0     0     0     0     0     0     0     0     0     0     0     0     0     0     0     0     0     0     0     0     0     0
     0     0     0     0     0     0     0     0     0     0     0     0     0     0     0     0     0     0     0     0     0     0     0     0
     0     0     0     0     0     0     0     0     0     0     0     0     0     0     0     0     0     0     0     0     0     0     0     0
     0     0     0     0     0     0     0     0     0     0     0     0     0     0     0     0     0     0     0     0     0     0     0     0
     0     0     0     0     0     0     0     0     0     0     0     0     0     0     0     0     0     0     0     0     0     0     0     0
     0     0     0     0     0     0     0     0     0     0     0     0     0     0     0     0     0     0     0     0     0     0     0     0
     0     0     0     0     0     0     0     0     0     0     0     0     0     0     0     0     0     0     0     0     0     0     0     0
     0     0     0     0     0     0     0     0     0     0     0     0     0     0     0     0     0     0     0     0     0     0     0     0

  49 至 72 列

     0     0     0     0     0     0     0     0     0     0     0     0     0     0     0     0     0     0     0     0     0     0     0     0
     0     0     0     0     0     0     0     0     0     0     0     0     0     0     0     0     0     0     0     0     0     0     0     0
     0     0     0     0     0     0     0     0     0     0     0     0     0     0     0     0     0     0     0     0     0     0     0     0
     0     0     0     0     0     0     0     0     0     0     0     0     0     0     0     0     0     0     0     0     0     0     0     0
     0     0     0     0     0     0     0     0     0     0     0     0     0     0     0     0     0     0     0     0     0     0     0     0
     0     0     0     0     0     0     0     0     0     0     0     0     0     0     0     0     0     0     0     0     0     0     0     0
     0     0     0     0     0     0     0     0     0     0     0     0     0     0     0     0     0     0     0     0     0     0     0     0
     0     0     0     0     0     0     0     0     0     0     0     0     0     0     0     0     0     0     0     0     0     0     0     0
     0     0     0     0     0     0     0     0     0     0     0     0     0     0     0     0     0     0     0     0     0     0     0     0
     0     0     0     0     0     0     0     0     0     0     0     0     0     0     0     0     0     0     0     0     0     0     0     0
     0     0     0     0     0     0     0     0     0     0     0     0     0     0     0     0     0     0     0     0     0     0     0     0
     0     0     0     0     0     0     0     0     0     0     0     0     0     0     0     0     0     0     0     0     0     0     0     0
     0     0     0     0     0     0     0     0     0     0     0     0     0     0     0     0     0     0     0     0     0     0     0     0
     0     0     0     0     0     0     0     0     0     0     0     0     0     0     0     0     0     0     0     0     0     0     0     0
     0     0     0     0     0     0     0     0     0     0     0     0     0     0     0     0     0     0     0     0     0     0     0     0
     0     0     0     0     0     0     0     0     0     0     0     0     0     0     0     0     0     0     0     0     0     0     0     0
     0     0     0     0     0     0     0     0     0     0     0     0     0     0     0     0     0     0     0     0     0     0     0     0
     0     0     0     0     0     0     0     0     0     0     0     0     0     0     0     0     0     0     0     0     0     0     0     0
     0     0     0     0     0     0     0     0     0     0     0     0     0     0     0     0     0     0     0     0     0     0     0     0
     0     0     0     0     0     0     0     0     0     0     0     0     0     0     0     0     0     0     0     0     0     0     0     0
     0     0     0     0     0     0     0     0     0     0     0     0     0     0     0     0     0     0     0     0     0     0     0     0
     0     0     0     0     0     0     0     0     0     0     0     0     0     0     0     0     0     0     0     0     0     0     0     0

  73 至 96 列

     0     0     0     0     0     0     0     0     0     0     0     0     0     0     0     0     0     0     0     0     0     0     0     0
     0     0     0     0     0     0     0     0     0     0     0     0     0     0     0     0     0     0     0     0     0     0     0     0
     0     0     0     0     0     0     0     0     0     0     0     0     0     0     0     0     0     0     0     0     0     0     0     0
     0     0     0     0     0     0     0     0     0     0     0     0     0     0     0     0     0     0     0     0     0     0     0     0
     0     0     0     0     0     0     0     0     0     0     0     0     0     0     0     0     0     0     0     0     0     0     0     0
     0     0     0     0     0     0     0     0     0     0     0     0     0     0     0     0     0     0     0     0     0     0     0     0
     0     0     0     0     0     0     0     0     0     0     0     0     0     0     0     0     0     0     0     0     0     0     0     0
     0     0     0     0     0     0     0     0     0     0     0     0     0     0     0     0     0     0     0     0     0     0     0     0
     0     0     0     0     0     0     0     0     0     0     0     0     0     0     0     0     0     0     0     0     0     0     0     0
     0     0     0     0     0     0     0     0     0     0     0     0     0     0     0     0     0     0     0     0     0     0     0     0
     0     0     0     0     0     0     0     0     0     0     0     0     0     0     0     0     0     0     0     0     0     0     0     0
     0     0     0     0     0     0     0     0     0     0     0     0     0     0     0     0     0     0     0     0     0     0     0     0
     0     0     0     0     0     0     0     0     0     0     0     0     0     0     0     0     0     0     0     0     0     0     0     0
     0     0     0     0     0     0     0     0     0     0     0     0     0     0     0     0     0     0     0     0     0     0     0     0
     0     0     0     0     0     0     0     0     0     0     0     0     0     0     0     0     0     0     0     0     0     0     0     0
     0     0     0     0     0     0     0     0     0     0     0     0     0     0     0     0     0     0     0     0     0     0     0     0
     0     0     0     0     0     0     0     0     0     0     0     0     0     0     0     0     0     0     0     0     0     0     0     0
     0     0     0     0     0     0     0     0     0     0     0     0     0     0     0     0     0     0     0     0     0     0     0     0
     0     0     0     0     0     0     0     0     0     0     0     0     0     0     0     0     0     0     0     0     0     0     0     0
     0     0     0     0     0     0     0     0     0     0     0     0     0     0     0     0     0     0     0     0     0     0     0     0
     0     0     0     0     0     0     0     0     0     0     0     0     0     0     0     0     0     0     0     0     0     0     0     0
     0     0     0     0     0     0     0     0     0     0     0     0     0     0     0     0     0     0     0     0     0     0     0     0

  97 至 120 列

     0     0     0     0     0     0     0     0     0     0     0     0     0     0     0     0     0     0     0     0     0     0     0     0
     0     0     0     0     0     0     0     0     0     0     0     0     0     0     0     0     0     0     0     0     0     0     0     0
     0     0     0     0     0     0     0     0     0     0     0     0     0     0     0     0     0     0     0     0     0     0     0     0
     0     0     0     0     0     0     0     0     0     0     0     0     0     0     0     0     0     0     0     0     0     0     0     0
     0     0     0     0     0     0     0     0     0     0     0     0     0     0     0     0     0     0     0     0     0     0     0     0
     0     0     0     0     0     0     0     0     0     0     0     0     0     0     0     0     0     0     0     0     0     0     0     0
     0     0     0     0     0     0     0     0     0     0     0     0     0     0     0     0     0     0     0     0     0     0     0     0
     0     0     0     0     0     0     0     0     0     0     0     0     0     0     0     0     0     0     0     0     0     0     0     0
     0     0     0     0     0     0     0     0     0     0     0     0     0     0     0     0     0     0     0     0     0     0     0     0
     0     0     0     0     0     0     0     0     0     0     0     0     0     0     0     0     0     0     0     0     0     0     0     0
     0     0     0     0     0     0     0     0     0     0     0     0     0     0     0     0     0     0     0     0     0     0     0     0
     0     0     0     0     0     0     0     0     0     0     0     0     0     0     0     0     0     0     0     0     0     0     0     0
     0     0     0     0     0     0     0     0     0     0     0     0     0     0     0     0     0     0     0     0     0     0     0     0
     0     0     0     0     0     0     0     0     0     0     0     0     0     0     0     0     0     0     0     0     0     0     0     0
     0     0     0     0     0     0     0     0     0     0     0     0     0     0     0     0     0     0     0     0     0     0     0     0
     0     0     0     0     0     0     0     0     0     0     0     0     0     0     0     0     0     0     0     0     0     0     0     0
     0     0     0     0     0     0     0     0     0     0     0     0     0     0     0     0     0     0     0     0     0     0     0     0
     0     0     0     0     0     0     0     0     0     0     0     0     0     0     0     0     0     0     0     0     0     0     0     0
     0     0     0     0     0     0     0     0     0     0     0     0     0     0     0     0     0     0     0     0     0     0     0     0
     0     0     0     0     0     0     0     0     0     0     0     0     0     0     0     0     0     0     0     0     0     0     0     0
     0     0     0     0     0     0     0     0     0     0     0     0     0     0     0     0     0     0     0     0     0     0     0     0
     0     0     0     0     0     0     0     0     0     0     0     0     0     0     0     0     0     0     0     0     0     0     0     0

  121 至 144 列

     0     0     0     0     0     0     0     0     0     0     0     0     0     0     0     0     0     0     0     0     0     0     0     0
     0     0     0     0     0     0     0     0     0     0     0     0     0     0     0     0     0     0     0     0     0     0     0     0
     0     0     0     0     0     0     0     0     0     0     0     0     0     0     0     0     0     0     0     0     0     0     0     0
     0     0     0     0     0     0     0     0     0     0     0     0     0     0     0     0     0     0     0     0     0     0     0     0
     0     0     0     0     0     0     0     0     0     0     0     0     0     0     0     0     0     0     0     0     0     0     0     0
     0     0     0     0     0     0     0     0     0     0     0     0     0     0     0     0     0     0     0     0     0     0     0     0
     0     0     0     0     0     0     0     0     0     0     0     0     0     0     0     0     0     0     0     0     0     0     0     0
     0     0     0     0     0     0     0     0     0     0     0     0     0     0     0     0     0     0     0     0     0     0     0     0
     0     0     0     0     0     0     0     0     0     0     0     0     0     0     0     0     0     0     0     0     0     0     0     0
     0     0     0     0     0     0     0     0     0     0     0     0     0     0     0     0     0     0     0     0     0     0     0     0
     0     0     0     0     0     0     0     0     0     0     0     0     0     0     0     0     0     0     0     0     0     0     0     0
     0     0     0     0     0     0     0     0     0     0     0     0     0     0     0     0     0     0     0     0     0     0     0     0
     0     0     0     0     0     0     0     0     0     0     0     0     0     0     0     0     0     0     0     0     0     0     0     0
     0     0     0     0     0     0     0     0     0     0     0     0     0     0     0     0     0     0     0     0     0     0     0     0
     0     0     0     0     0     0     0     0     0     0     0     0     0     0     0     0     0     0     0     0     0     0     0     0
     0     0     0     0     0     0     0     0     0     0     0     0     0     0     0     0     0     0     0     0     0     0     0     0
     0     0     0     0     0     0     0     0     0     0     0     0     0     0     0     0     0     0     0     0     0     0     0     0
     0     0     0     0     0     0     0     0     0     0     0     0     0     0     0     0     0     0     0     0     0     0     0     0
     0     0     0     0     0     0     0     0     0     0     0     0     0     0     0     0     0     0     0     0     0     0     0     0
     0     0     0     0     0     0     0     0     0     0     0     0     0     0     0     0     0     0     0     0     0     0     0     0
     0     0     0     0     0     0     0     0     0     0     0     0     0     0     0     0     0     0     0     0     0     0     0     0
     0     0     0     0     0     0     0     0     0     0     0     0     0     0     0     0     0     0     0     0     0     0     0     0

  145 至 161 列

     0     0     0     0     0     0     0     0     0     0     0     0     0     0     0     0     0
     0     0     0     0     0     0     0     0     0     0     0     0     0     0     0     0     0
     0     0     0     0     0     0     0     0     0     0     0     0     0     0     0     0     0
     0     0     0     0     0     0     0     0     0     0     0     0     0     0     0     0     0
     0     0     0     0     0     0     0     0     0     0     0     0     0     0     0     0     0
     0     0     0     0     0     0     0     0     0     0     0     0     0     0     0     0     0
     0     0     0     0     0     0     0     0     0     0     0     0     0     0     0     0     0
     0     0     0     0     0     0     0     0     0     0     0     0     0     0     0     0     0
     0     0     0     0     0     0     0     0     0     0     0     0     0     0     0     0     0
     0     0     0     0     0     0     0     0     0     0     0     0     0     0     0     0     0
     0     0     0     0     0     0     0     0     0     0     0     0     0     0     0     0     0
     0     0     0     0     0     0     0     0     0     0     0     0     0     0     0     0     0
     0     0     0     0     0     0     0     0     0     0     0     0     0     0     0     0     0
     0     0     0     0     0     0     0     0     0     0     0     0     0     0     0     0     0
     0     0     0     0     0     0     0     0     0     0     0     0     0     0     0     0     0
     0     0     0     0     0     0     0     0     0     0     0     0     0     0     0     0     0
     0     0     0     0     0     0     0     0     0     0     0     0     0     0     0     0     0
     0     0     0     0     0     0     0     0     0     0     0     0     0     0     0     0     0
     0     0     0     0     0     0     0     0     0     0     0     0     0     0     0     0     0
     0     0     0     0     0     0     0     0     0     0     0     0     0     0     0     0     0
     0     0     0     0     0     0     0     0     0     0     0     0     0     0     0     0     0
     0     0     0     0     0     0     0     0     0     0     0     0     0     0     0     0     0

本次运算用时:7939.204秒
算法在第298代时收敛

best
11796.4382518074
11796.4382518074
11443.7795874542
11443.7795874542
11443.7795874542
11443.7795874542
11443.7795874542
11443.7795874542
11443.7795874542
11324.1209758474
11324.1209758474
11324.1209758474
11324.1209758474
11324.1209758474
11324.1209758474
11324.1209758474
11324.1209758474
11324.1209758474
11324.1209758474
10423.3748025149
10423.3748025149
10423.3748025149
10423.3748025149
10423.3748025149
10423.3748025149
10423.3748025149
10423.3748025149
10423.3748025149
10423.3748025149
10423.3748025149
10423.3748025149
10423.3748025149
10423.3748025149
10423.3748025149
10423.3748025149
10423.3748025149
10423.3748025149
10423.3748025149
10423.3748025149
10423.3748025149
10423.3748025149
10423.3748025149
10423.3748025149
10423.3748025149
10423.3748025149
10423.3748025149
10423.3748025149
10423.3748025149
10326.9850657778
10326.9850657778
10326.9850657778
10326.9850657778
10326.9850657778
10326.9850657778
10326.9850657778
10326.9850657778
10326.9850657778
10326.9850657778
10326.9850657778
10326.9850657778
10326.9850657778
10326.9850657778
10326.9850657778
10326.9850657778
10326.9850657778
10326.9850657778
10326.9850657778
10326.9850657778
10326.9850657778
10326.9850657778
10326.9850657778
10326.9850657778
10326.9850657778
10326.9850657778
10326.9850657778
10326.9850657778
10326.9850657778
10326.9850657778
9948.84452996972
9948.84452996972
9948.84452996972
9948.84452996972
9948.84452996972
9948.84452996972
9948.84452996972
9948.84452996972
9948.84452996972
9948.84452996972
9948.84452996972
9948.84452996972
9948.84452996972
9948.84452996972
9948.84452996972
9948.84452996972
9919.99383202969
9919.99383202969
9919.99383202969
9919.99383202969
9919.99383202969
9919.99383202969
9919.99383202969
9919.99383202969
9919.99383202969
9919.99383202969
9919.99383202969
9919.99383202969
9919.99383202969
9919.99383202969
9919.99383202969
9919.99383202969
9919.99383202969
9919.99383202969
9919.99383202969
9919.99383202969
9919.99383202969
9919.99383202969
9919.99383202969
9919.99383202969
9919.99383202969
9919.99383202969
9919.99383202969
9919.99383202969
9919.99383202969
9919.99383202969
9919.99383202969
9919.99383202969
9919.99383202969
9919.99383202969
9919.99383202969
9919.99383202969
9919.99383202969
9919.99383202969
9772.77096123657
9600.37314273160
9600.37314273160
9600.37314273160
9600.37314273160
9600.37314273160
9600.37314273160
9359.75143709751
9359.75143709751
9359.75143709751
9359.75143709751
9359.75143709751
9359.75143709751
9359.75143709751
9359.75143709751
9359.75143709751
9359.75143709751
9359.75143709751
9359.75143709751
9359.75143709751
9359.75143709751
9359.75143709751
9359.75143709751
9359.75143709751
9359.75143709751
9359.75143709751
9359.75143709751
9359.75143709751
9359.75143709751
9359.75143709751
9359.75143709751
9359.75143709751
9359.75143709751
9359.75143709751
9359.75143709751
9359.75143709751
9359.75143709751
9359.75143709751
9359.75143709751
9359.75143709751
9359.75143709751
9359.75143709751
9359.75143709751
9359.75143709751
9359.75143709751
9359.75143709751
9359.75143709751
9359.75143709751
9359.75143709751
9359.75143709751
9359.75143709751
9359.75143709751
9359.75143709751
9359.75143709751
9359.75143709751
9359.75143709751
9359.75143709751
9359.75143709751
9359.75143709751
9359.75143709751
9359.75143709751
9359.75143709751
9359.75143709751
9359.75143709751
9359.75143709751
9359.75143709751
9359.75143709751
9359.75143709751
9359.75143709751
9359.75143709751
9359.75143709751
9359.75143709751
9359.75143709751
9359.75143709751
9359.75143709751
9359.75143709751
9359.75143709751
9359.75143709751
9359.75143709751
9359.75143709751
9359.75143709751
9359.75143709751
9359.75143709751
9359.75143709751
9359.75143709751
9359.75143709751
9359.75143709751
9359.75143709751
9359.75143709751
9359.75143709751
9359.75143709751
9359.75143709751
9345.93481943871
9345.93481943871
9345.93481943871
9345.93481943871
9345.93481943871
9345.93481943871
9345.93481943871
9345.93481943871
9345.93481943871
9345.93481943871
9345.93481943871
9345.93481943871
9345.93481943871
9345.93481943871
9345.93481943871
9345.93481943871
9345.93481943871
9345.93481943871
9345.93481943871
9345.93481943871
9345.93481943871
9345.93481943871
9345.93481943871
9345.93481943871
9345.93481943871
9345.93481943871
9345.93481943871
9345.93481943871
9345.93481943871
9345.93481943871
9345.93481943871
9345.93481943871
9345.93481943871
9345.93481943871
9345.93481943871
9345.93481943871
9345.93481943871
9345.93481943871
9345.93481943871
9345.93481943871
9345.93481943871
9345.93481943871
9345.93481943871
9345.93481943871
9345.93481943871
9345.93481943871
9345.93481943871
9345.93481943871
9345.93481943871
9345.93481943871
9345.93481943871
9345.93481943871
9345.93481943871
9345.93481943871
9345.93481943871
9345.93481943871
9345.93481943871
9345.93481943871
9345.93481943871
9252.16942069889
9252.16942069889
9252.16942069889
9252.16942069889
9252.16942069889
9252.16942069889
9252.16942069889
9252.16942069889
9252.16942069889
9252.16942069889
9252.16942069889
9252.16942069889
9252.16942069889
9252.16942069889
9016.63850719981
9016.63850719981
9016.63850719981
9016.63850719981
9016.63850719981
9016.63850719981
9016.63850719981
9016.63850719981
9016.63850719981
9016.63850719981
9016.63850719981
9016.63850719981
9016.63850719981
9016.63850719981
9016.63850719981
9016.63850719981
9016.63850719981
9016.63850719981
9016.63850719981
9016.63850719981
9016.63850719981
9016.63850719981
9016.63850719981
9016.63850719981
9016.63850719981
9016.63850719981
9016.63850719981
9016.63850719981
9016.63850719981
9016.63850719981
9016.63850719981
9016.63850719981
9016.63850719981
9016.63850719981
9016.63850719981
9016.63850719981
9016.63850719981
9016.63850719981
9016.63850719981
9016.63850719981
9016.63850719981
9016.63850719981
9016.63850719981
9016.63850719981
9016.63850719981
9016.63850719981
9016.63850719981
9016.63850719981
9016.63850719981
9016.63850719981
9016.63850719981
9016.63850719981
9016.63850719981
9016.63850719981
9016.63850719981
9016.63850719981
9016.63850719981
9016.63850719981
9016.63850719981
9016.63850719981
9016.63850719981
9016.63850719981
9016.63850719981
9016.63850719981
9016.63850719981
9016.63850719981
9016.63850719981
9016.63850719981
9016.63850719981
9016.63850719981
9016.63850719981
9016.63850719981
9016.63850719981
9016.63850719981
9016.63850719981
9016.63850719981
9016.63850719981
9016.63850719981
9016.63850719981
9016.63850719981
9016.63850719981
9016.63850719981
9016.63850719981
9016.63850719981
9016.63850719981
9016.63850719981
9016.63850719981
9016.63850719981
9016.63850719981
9016.63850719981
9016.63850719981
9016.63850719981
9016.63850719981
9016.63850719981
9016.63850719981
9016.63850719981
9016.63850719981
9016.63850719981
9016.63850719981
9016.63850719981
9016.63850719981
9016.63850719981
9016.63850719981
9016.63850719981
9016.63850719981
9016.63850719981
9016.63850719981
9016.63850719981
9016.63850719981
9016.63850719981
9016.63850719981
9016.63850719981
9016.63850719981
9016.63850719981
9016.63850719981
9016.63850719981
9016.63850719981
9016.63850719981
9016.63850719981
9016.63850719981
9016.63850719981
9016.63850719981
9016.63850719981
9016.63850719981
9016.63850719981
9016.63850719981
9016.63850719981
9016.63850719981
9016.63850719981
9016.63850719981
9016.63850719981
9016.63850719981
9016.63850719981
9016.63850719981
9016.63850719981
9016.63850719981
9016.63850719981
9016.63850719981
9016.63850719981
9016.63850719981
9016.63850719981
9016.63850719981
9016.63850719981
9016.63850719981
9016.63850719981
9016.63850719981
9016.63850719981
9016.63850719981
9016.63850719981
9016.63850719981
9016.63850719981
9016.63850719981
9016.63850719981
9016.63850719981
9016.63850719981
9016.63850719981
9016.63850719981
9016.63850719981
9016.63850719981
9016.63850719981
9016.63850719981
9016.63850719981
9016.63850719981
9016.63850719981
9016.63850719981
9016.63850719981
9016.63850719981
9016.63850719981
9016.63850719981
9016.63850719981
9016.63850719981
9016.63850719981
9016.63850719981
9016.63850719981
9016.63850719981
9016.63850719981
9016.63850719981
9016.63850719981
9016.63850719981
9016.63850719981
9016.63850719981
9016.63850719981
9016.63850719981
9016.63850719981
9016.63850719981
9016.63850719981
9016.63850719981
9016.63850719981
9016.63850719981
9016.63850719981
9016.63850719981
9016.63850719981
9016.63850719981
9016.63850719981
9016.63850719981
9016.63850719981
9016.63850719981
9016.63850719981
9016.63850719981
9016.63850719981
9016.63850719981
9016.63850719981
9016.63850719981

ave
14687.0717640697
14573.1972735650
14134.5728191261
14444.9729866408
14583.3204025477
14527.0458460805
14616.7219777588
14786.6230403674
14288.7997286605
14899.6406147559
14861.7466910179
14071.9830392164
15036.2627343640
14984.8838736629
14869.9406407318
14852.5617188696
14342.4498981823
14815.0900147756
14290.0128716205
14585.6130537749
14300.3818695784
14490.7072041797
14330.3124509176
14831.1379555355
14876.3989235619
14247.2078575937
14301.3067454670
14145.4044273458
14301.1942486569
14094.6012597660
14729.1193398922
14147.5314035642
14077.8824238394
13879.8888798654
14363.4890924785
13754.5896404250
14036.1157071841
14309.0995026461
13818.3455829663
13908.9749266029
14160.2788973745
14121.6177427305
13957.6869191941
14035.8678104522
13948.9955062445
13588.9898779671
13828.3551193354
14054.5139419773
13368.4287659308
13368.3757205165
13284.2216934951
13636.5821152656
13095.4822182914
12699.6255175088
13699.9364084102
12947.6556963368
12874.9559742870
13235.0195120232
13001.1124131570
12993.4911220830
12871.2356710761
13182.9511074618
13454.7464651935
12531.9390875077
12786.1977659298
12970.5469333421
13332.8625285027
12888.5841781025
13316.0337348771
13253.7113688533
13505.3994592086
12791.5487680859
13190.7293029203
13167.3897567434
13390.8953682399
13027.7882671957
13358.8287818175
12879.1543203073
12698.2993982846
12884.5739914478
13038.6612851098
12981.4226818783
12622.5193316778
13125.0493469750
12919.8021143942
12831.9593369964
12772.4379951429
12623.2754245769
12899.5606245091
12774.4924384206
12585.1923240467
12850.4558235964
12742.9764737243
12522.6497183801
12306.2281249602
12743.3892581769
12329.6302645693
12284.3828304900
12980.6235371110
12469.0476436320
12242.0759268299
12794.7046336477
13030.2408701310
12209.4517579328
12808.6849937735
12452.9089650618
12672.8461085760
12699.5341655674
13032.2941707252
12657.1729974868
12573.0807058734
12339.2938714290
12260.6430086290
12224.0250061001
12519.9379374156
11960.9803875977
12637.9285122329
12673.7427941739
12506.1767129542
12232.1117450175
12461.5178056186
12621.9509607688
12532.4067252644
11929.4345329523
11942.8219437916
12029.3287143532
11955.6018059729
12070.0810975181
12572.9662790837
12443.6331331230
12083.7067922090
12211.8758128621
12025.7224280177
11858.5369326256
11876.9662276941
12002.7262257611
12129.4260292290
12103.2893116071
12051.2060601322
11938.7359401686
12134.4873597834
11883.7626596000
12303.5076124265
11664.3922405089
11546.4914963285
11772.7477548455
12160.0839423817
12177.1399687004
11924.2072509051
11817.2338381328
11985.4296488745
11822.6929174788
11624.1767460173
11635.6155580866
11625.8541411110
11889.6774226669
11766.7946560500
11787.7702203417
11873.2316286167
12278.6885962616
12255.2062093028
12041.0627004001
11658.1775077854
12010.7292152280
11741.0764789634
12453.0291908219
12368.4465356383
12278.8049779820
12021.9374256556
11925.5910655735
11781.2421245322
11985.6826241994
12185.7484850988
12044.1311623352
11677.4523709419
12238.0404576350
12060.1856353467
12069.7316035066
11890.5540467364
11939.1678026122
12005.2267537943
11623.5830537758
11976.3388022263
11570.6053740769
12347.3518385834
11826.9693879088
12417.1450133695
11834.1520064644
11896.1013849050
11464.4337760855
12000.4748785087
12076.0290371002
11757.6804821571
12074.1645551342
11832.4133716897
11892.9571042273
12068.9706438338
12052.7421090112
11835.6764388765
12038.8180211507
12348.7532848335
11205.3928245018
12068.9030258671
11650.4595892325
11635.1761744076
11577.2558612728
11648.9008545306
11508.4933545632
11308.7674458854
11781.8205758440
11415.5257514297
12105.7415088345
11848.4191557515
12075.7268222741
11445.7529339305
11673.2595789607
11539.6620589693
12465.1458215061
11927.4324849050
11504.7977748320
11379.0974454386
11574.7810370177
11897.0100720458
11740.8772726747
11660.9202791936
11519.8288987050
11647.2567968750
12022.9099180595
11767.6220170586
11875.1419421580
11953.0924908586
12005.1313322880
12165.9658424542
11942.0670883532
11768.4788745817
12055.7263385758
11940.4581836383
12063.5574886756
11879.5312926255
12468.8907249422
12202.5222084588
11958.4210908327
12213.9601317698
11890.6736098307
11612.0410320648
12390.2145021400
12009.3650122686
11985.5834544889
11909.0346401714
11806.5249208700
12288.9626095699
12141.0609600218
11885.1072954090
12267.5874730452
12387.6175504811
12315.5800359322
11962.3575301827
12192.7538806473
12179.8309676562
12844.6705656466
12372.2074572374
11975.4581262000
12357.0381519823
12258.2816709311
12030.3971049857
12054.0336083548
11743.0234720075
11993.4731364257
11960.9214667102
12046.4509197304
12283.9401242802
11925.3879187033
12160.4490212375
11897.7102468152
11869.8521413668
12197.5972877409
12177.6088742254
12159.3365833505
12138.4187256023
11636.4114699421
11780.2326087405
11563.5817846089
12269.9069589639
11613.3074020921
12130.4092333096
11849.1269424104
11214.0174970782
12025.9499305761
11364.5204993059
11312.5778712640
12396.7460704893
11952.4146337993
11922.1822208117
11847.9005057957
11788.1549524220
11500.4465297699
11654.0425321460
11460.2393511138
11605.9662866949
11625.7212315632
11696.2004570179
11732.5785415681
11521.7285159843
11197.5922606970
12468.8332471809
11484.2456542446
11556.5007890334
11755.1676248123
11878.6845452201
11634.6178508007
12084.9978050728
11389.6337795899
11528.3275481834
12123.4693326497
11962.3865497282
12078.3324541042
11869.7154310841
12247.4204989158
11485.2762170271
11509.8560810154
11857.1548183865
12042.4976171680
11861.1803756646
12282.5611623080
11634.6490491181
11517.3440460870
11742.0293450713
11374.5020324541
12093.6866016182
11799.5648786038
11741.7020574467
12140.0726953468
11680.2207542431
11487.6099315467
12015.4441384026
11755.2333291530
12125.3984296975
12405.7988761767
12366.6807388755
12046.6911154645
11609.2806254109
11775.1510706044
11816.7577010225
11549.2826564528
11635.7385353688
11311.7523682230
12318.5950817636
11976.3674376738
11794.4338173592
12042.6418830259
11408.9454950835
11676.8253250524
11985.3030857465
11910.2384757549
11740.4246282932
12083.7374985245
11473.7264956220
11222.8434141695
11613.2326330540
11337.2471001801
11661.7524826926
11652.7804358309
11938.0168431440
11833.7584777972
11507.7206806093
11413.8016538684
11877.8379743754
11410.6128944490
10707.0472090381
11497.4379427875
11920.9608046621
11866.7562004999
11698.5797662950
11406.9195552765
12299.4541921803
11619.0078242049
11409.7717949659
11817.1249422039
11592.0515253979
12204.7201506891
11331.8935703220
11853.8014291502
11959.5930206288
11704.7877185747
11437.8289147114
11598.3001350224
11188.4928630954
11816.3424373507
11573.8300951135
11926.5600953508
11662.9298439670
11345.8556436033
11574.8755050408
11416.0085508933
11266.5587701548
11112.5045061328
10816.2240515060
11709.9797601314
11099.3561112297
11418.4530472255
11113.0511143704
11585.8814535105
11551.1004181781
11519.5591738806
11626.8228629051
11410.9390254818
11904.3176662951
11270.5426751025
11554.6404021896
11339.6789261982
11708.5213236034
10954.1135221456
10793.8671540038
12198.2609367887
11681.3715070727
11326.2997621716
11395.6836754202
11530.4965551573
11775.5275319506
12000.0978808275
11698.2544208599
11081.2499883856
11289.8410667988
11359.2653645784
11279.1146039013
10778.0472099580
11781.6127993696
11475.0378610371
11488.6626334460
11476.4760629600
11968.1385541474
11072.1197236244
10919.9422142193
11245.4959348037
11648.4920425128
11004.4871916747
11275.9122027773
11637.5629591160
11157.6781386642
11264.8199535925
12075.3150707561
11256.9531129556
11669.1546034397
11552.9312924334
11213.8454946161
11488.1248159177
11235.9410831929
10674.9340392165
11377.2414369052
11582.1137117150
11622.2082637483
11432.0019103546
11649.6506610470
11696.9852730628
11692.9137210046
11502.8279997921
11134.4578877370
11514.9352998976
11872.8057948213
11228.3488730265
11367.0727309779
11570.8056360760
11516.9410859969
11222.7556058006
11635.4185315617
11270.5590573993
11231.7891130283
11466.3789091491
12220.1240010384
11125.2601070560
11547.4798886001
11436.5549681032
11028.8215657272
11184.3624674886
12009.3956861735
11238.0688471680
11236.1552606667
11483.8526179148
12030.6703641001
11376.0615501698
11178.6948335591
11150.6606503970
10991.3717303470
11580.5057064162
11179.3312571189
11018.9738125363
11347.4676586296
11195.2712097492
11644.1292908655
11675.3690008756
11436.1285062185
11666.5861339639
11308.3136741662
11299.0066325273
11208.7489949308
11551.8370324108
11416.8936517876
11849.7533843856
11189.8109158728
11196.5603860855