最优解为:9472.12
最优解路径:

Best_route =

  1 至 24 列

    77    78   106    49    50    84   118     0     0     0     0     0     0     0     0     0     0     0     0     0     0     0     0     0
    81    27    51    45   131   132   145   146    11    12     0     0     0     0     0     0     0     0     0     0     0     0     0     0
     0     0     0     0     0     0     0     0     0     0     0     0     0     0     0     0     0     0     0     0     0     0     0     0
    53    54    55    56   153   154    73    74     1   140     0     0     0     0     0     0     0     0     0     0     0     0     0     0
     5     6   135   136     3     4    37   121   122     0     0     0     0     0     0     0     0     0     0     0     0     0     0     0
   123   124    89    90    15    16    69    70   126     0     0     0     0     0     0     0     0     0     0     0     0     0     0     0
   129   130    35    36   107   108   137    40    85    86    30     0     0     0     0     0     0     0     0     0     0     0     0     0
   109   110   105     0     0     0     0     0     0     0     0     0     0     0     0     0     0     0     0     0     0     0     0     0
   147   148    65    66    63    64    67    97    98    76     0     0     0     0     0     0     0     0     0     0     0     0     0     0
    61    62    47   157   158   139   143   144   127   128   125     0     0     0     0     0     0     0     0     0     0     0     0     0
   133   134    59   101   102    46   142    58     0     0     0     0     0     0     0     0     0     0     0     0     0     0     0     0
    95    96    39    87    88    60     0     0     0     0     0     0     0     0     0     0     0     0     0     0     0     0     0     0
     0     0     0     0     0     0     0     0     0     0     0     0     0     0     0     0     0     0     0     0     0     0     0     0
     0     0     0     0     0     0     0     0     0     0     0     0     0     0     0     0     0     0     0     0     0     0     0     0
    41    42   155   156    93    94    23    24   114     0     0     0     0     0     0     0     0     0     0     0     0     0     0     0
   115   116    79    80     9    10   149   150    52     0     0     0     0     0     0     0     0     0     0     0     0     0     0     0
    82    13    14    48    92   138     0     0     0     0     0     0     0     0     0     0     0     0     0     0     0     0     0     0
     0     0     0     0     0     0     0     0     0     0     0     0     0     0     0     0     0     0     0     0     0     0     0     0
    19    20   113   111   112    31    32    68   117     0     0     0     0     0     0     0     0     0     0     0     0     0     0     0
    28    71    72    83    91     7     8    99   100    38     0     0     0     0     0     0     0     0     0     0     0     0     0     0
     0     0     0     0     0     0     0     0     0     0     0     0     0     0     0     0     0     0     0     0     0     0     0     0
   119   120   141    43    44    17    18    29   103   104     0     0     0     0     0     0     0     0     0     0     0     0     0     0
     0     0     0     0     0     0     0     0     0     0     0     0     0     0     0     0     0     0     0     0     0     0     0     0
     0     0     0     0     0     0     0     0     0     0     0     0     0     0     0     0     0     0     0     0     0     0     0     0
   151   152    33    34    21    22    75   159   160    57     2    25    26     0     0     0     0     0     0     0     0     0     0     0

  25 至 48 列

     0     0     0     0     0     0     0     0     0     0     0     0     0     0     0     0     0     0     0     0     0     0     0     0
     0     0     0     0     0     0     0     0     0     0     0     0     0     0     0     0     0     0     0     0     0     0     0     0
     0     0     0     0     0     0     0     0     0     0     0     0     0     0     0     0     0     0     0     0     0     0     0     0
     0     0     0     0     0     0     0     0     0     0     0     0     0     0     0     0     0     0     0     0     0     0     0     0
     0     0     0     0     0     0     0     0     0     0     0     0     0     0     0     0     0     0     0     0     0     0     0     0
     0     0     0     0     0     0     0     0     0     0     0     0     0     0     0     0     0     0     0     0     0     0     0     0
     0     0     0     0     0     0     0     0     0     0     0     0     0     0     0     0     0     0     0     0     0     0     0     0
     0     0     0     0     0     0     0     0     0     0     0     0     0     0     0     0     0     0     0     0     0     0     0     0
     0     0     0     0     0     0     0     0     0     0     0     0     0     0     0     0     0     0     0     0     0     0     0     0
     0     0     0     0     0     0     0     0     0     0     0     0     0     0     0     0     0     0     0     0     0     0     0     0
     0     0     0     0     0     0     0     0     0     0     0     0     0     0     0     0     0     0     0     0     0     0     0     0
     0     0     0     0     0     0     0     0     0     0     0     0     0     0     0     0     0     0     0     0     0     0     0     0
     0     0     0     0     0     0     0     0     0     0     0     0     0     0     0     0     0     0     0     0     0     0     0     0
     0     0     0     0     0     0     0     0     0     0     0     0     0     0     0     0     0     0     0     0     0     0     0     0
     0     0     0     0     0     0     0     0     0     0     0     0     0     0     0     0     0     0     0     0     0     0     0     0
     0     0     0     0     0     0     0     0     0     0     0     0     0     0     0     0     0     0     0     0     0     0     0     0
     0     0     0     0     0     0     0     0     0     0     0     0     0     0     0     0     0     0     0     0     0     0     0     0
     0     0     0     0     0     0     0     0     0     0     0     0     0     0     0     0     0     0     0     0     0     0     0     0
     0     0     0     0     0     0     0     0     0     0     0     0     0     0     0     0     0     0     0     0     0     0     0     0
     0     0     0     0     0     0     0     0     0     0     0     0     0     0     0     0     0     0     0     0     0     0     0     0
     0     0     0     0     0     0     0     0     0     0     0     0     0     0     0     0     0     0     0     0     0     0     0     0
     0     0     0     0     0     0     0     0     0     0     0     0     0     0     0     0     0     0     0     0     0     0     0     0
     0     0     0     0     0     0     0     0     0     0     0     0     0     0     0     0     0     0     0     0     0     0     0     0
     0     0     0     0     0     0     0     0     0     0     0     0     0     0     0     0     0     0     0     0     0     0     0     0
     0     0     0     0     0     0     0     0     0     0     0     0     0     0     0     0     0     0     0     0     0     0     0     0

  49 至 72 列

     0     0     0     0     0     0     0     0     0     0     0     0     0     0     0     0     0     0     0     0     0     0     0     0
     0     0     0     0     0     0     0     0     0     0     0     0     0     0     0     0     0     0     0     0     0     0     0     0
     0     0     0     0     0     0     0     0     0     0     0     0     0     0     0     0     0     0     0     0     0     0     0     0
     0     0     0     0     0     0     0     0     0     0     0     0     0     0     0     0     0     0     0     0     0     0     0     0
     0     0     0     0     0     0     0     0     0     0     0     0     0     0     0     0     0     0     0     0     0     0     0     0
     0     0     0     0     0     0     0     0     0     0     0     0     0     0     0     0     0     0     0     0     0     0     0     0
     0     0     0     0     0     0     0     0     0     0     0     0     0     0     0     0     0     0     0     0     0     0     0     0
     0     0     0     0     0     0     0     0     0     0     0     0     0     0     0     0     0     0     0     0     0     0     0     0
     0     0     0     0     0     0     0     0     0     0     0     0     0     0     0     0     0     0     0     0     0     0     0     0
     0     0     0     0     0     0     0     0     0     0     0     0     0     0     0     0     0     0     0     0     0     0     0     0
     0     0     0     0     0     0     0     0     0     0     0     0     0     0     0     0     0     0     0     0     0     0     0     0
     0     0     0     0     0     0     0     0     0     0     0     0     0     0     0     0     0     0     0     0     0     0     0     0
     0     0     0     0     0     0     0     0     0     0     0     0     0     0     0     0     0     0     0     0     0     0     0     0
     0     0     0     0     0     0     0     0     0     0     0     0     0     0     0     0     0     0     0     0     0     0     0     0
     0     0     0     0     0     0     0     0     0     0     0     0     0     0     0     0     0     0     0     0     0     0     0     0
     0     0     0     0     0     0     0     0     0     0     0     0     0     0     0     0     0     0     0     0     0     0     0     0
     0     0     0     0     0     0     0     0     0     0     0     0     0     0     0     0     0     0     0     0     0     0     0     0
     0     0     0     0     0     0     0     0     0     0     0     0     0     0     0     0     0     0     0     0     0     0     0     0
     0     0     0     0     0     0     0     0     0     0     0     0     0     0     0     0     0     0     0     0     0     0     0     0
     0     0     0     0     0     0     0     0     0     0     0     0     0     0     0     0     0     0     0     0     0     0     0     0
     0     0     0     0     0     0     0     0     0     0     0     0     0     0     0     0     0     0     0     0     0     0     0     0
     0     0     0     0     0     0     0     0     0     0     0     0     0     0     0     0     0     0     0     0     0     0     0     0
     0     0     0     0     0     0     0     0     0     0     0     0     0     0     0     0     0     0     0     0     0     0     0     0
     0     0     0     0     0     0     0     0     0     0     0     0     0     0     0     0     0     0     0     0     0     0     0     0
     0     0     0     0     0     0     0     0     0     0     0     0     0     0     0     0     0     0     0     0     0     0     0     0

  73 至 96 列

     0     0     0     0     0     0     0     0     0     0     0     0     0     0     0     0     0     0     0     0     0     0     0     0
     0     0     0     0     0     0     0     0     0     0     0     0     0     0     0     0     0     0     0     0     0     0     0     0
     0     0     0     0     0     0     0     0     0     0     0     0     0     0     0     0     0     0     0     0     0     0     0     0
     0     0     0     0     0     0     0     0     0     0     0     0     0     0     0     0     0     0     0     0     0     0     0     0
     0     0     0     0     0     0     0     0     0     0     0     0     0     0     0     0     0     0     0     0     0     0     0     0
     0     0     0     0     0     0     0     0     0     0     0     0     0     0     0     0     0     0     0     0     0     0     0     0
     0     0     0     0     0     0     0     0     0     0     0     0     0     0     0     0     0     0     0     0     0     0     0     0
     0     0     0     0     0     0     0     0     0     0     0     0     0     0     0     0     0     0     0     0     0     0     0     0
     0     0     0     0     0     0     0     0     0     0     0     0     0     0     0     0     0     0     0     0     0     0     0     0
     0     0     0     0     0     0     0     0     0     0     0     0     0     0     0     0     0     0     0     0     0     0     0     0
     0     0     0     0     0     0     0     0     0     0     0     0     0     0     0     0     0     0     0     0     0     0     0     0
     0     0     0     0     0     0     0     0     0     0     0     0     0     0     0     0     0     0     0     0     0     0     0     0
     0     0     0     0     0     0     0     0     0     0     0     0     0     0     0     0     0     0     0     0     0     0     0     0
     0     0     0     0     0     0     0     0     0     0     0     0     0     0     0     0     0     0     0     0     0     0     0     0
     0     0     0     0     0     0     0     0     0     0     0     0     0     0     0     0     0     0     0     0     0     0     0     0
     0     0     0     0     0     0     0     0     0     0     0     0     0     0     0     0     0     0     0     0     0     0     0     0
     0     0     0     0     0     0     0     0     0     0     0     0     0     0     0     0     0     0     0     0     0     0     0     0
     0     0     0     0     0     0     0     0     0     0     0     0     0     0     0     0     0     0     0     0     0     0     0     0
     0     0     0     0     0     0     0     0     0     0     0     0     0     0     0     0     0     0     0     0     0     0     0     0
     0     0     0     0     0     0     0     0     0     0     0     0     0     0     0     0     0     0     0     0     0     0     0     0
     0     0     0     0     0     0     0     0     0     0     0     0     0     0     0     0     0     0     0     0     0     0     0     0
     0     0     0     0     0     0     0     0     0     0     0     0     0     0     0     0     0     0     0     0     0     0     0     0
     0     0     0     0     0     0     0     0     0     0     0     0     0     0     0     0     0     0     0     0     0     0     0     0
     0     0     0     0     0     0     0     0     0     0     0     0     0     0     0     0     0     0     0     0     0     0     0     0
     0     0     0     0     0     0     0     0     0     0     0     0     0     0     0     0     0     0     0     0     0     0     0     0

  97 至 120 列

     0     0     0     0     0     0     0     0     0     0     0     0     0     0     0     0     0     0     0     0     0     0     0     0
     0     0     0     0     0     0     0     0     0     0     0     0     0     0     0     0     0     0     0     0     0     0     0     0
     0     0     0     0     0     0     0     0     0     0     0     0     0     0     0     0     0     0     0     0     0     0     0     0
     0     0     0     0     0     0     0     0     0     0     0     0     0     0     0     0     0     0     0     0     0     0     0     0
     0     0     0     0     0     0     0     0     0     0     0     0     0     0     0     0     0     0     0     0     0     0     0     0
     0     0     0     0     0     0     0     0     0     0     0     0     0     0     0     0     0     0     0     0     0     0     0     0
     0     0     0     0     0     0     0     0     0     0     0     0     0     0     0     0     0     0     0     0     0     0     0     0
     0     0     0     0     0     0     0     0     0     0     0     0     0     0     0     0     0     0     0     0     0     0     0     0
     0     0     0     0     0     0     0     0     0     0     0     0     0     0     0     0     0     0     0     0     0     0     0     0
     0     0     0     0     0     0     0     0     0     0     0     0     0     0     0     0     0     0     0     0     0     0     0     0
     0     0     0     0     0     0     0     0     0     0     0     0     0     0     0     0     0     0     0     0     0     0     0     0
     0     0     0     0     0     0     0     0     0     0     0     0     0     0     0     0     0     0     0     0     0     0     0     0
     0     0     0     0     0     0     0     0     0     0     0     0     0     0     0     0     0     0     0     0     0     0     0     0
     0     0     0     0     0     0     0     0     0     0     0     0     0     0     0     0     0     0     0     0     0     0     0     0
     0     0     0     0     0     0     0     0     0     0     0     0     0     0     0     0     0     0     0     0     0     0     0     0
     0     0     0     0     0     0     0     0     0     0     0     0     0     0     0     0     0     0     0     0     0     0     0     0
     0     0     0     0     0     0     0     0     0     0     0     0     0     0     0     0     0     0     0     0     0     0     0     0
     0     0     0     0     0     0     0     0     0     0     0     0     0     0     0     0     0     0     0     0     0     0     0     0
     0     0     0     0     0     0     0     0     0     0     0     0     0     0     0     0     0     0     0     0     0     0     0     0
     0     0     0     0     0     0     0     0     0     0     0     0     0     0     0     0     0     0     0     0     0     0     0     0
     0     0     0     0     0     0     0     0     0     0     0     0     0     0     0     0     0     0     0     0     0     0     0     0
     0     0     0     0     0     0     0     0     0     0     0     0     0     0     0     0     0     0     0     0     0     0     0     0
     0     0     0     0     0     0     0     0     0     0     0     0     0     0     0     0     0     0     0     0     0     0     0     0
     0     0     0     0     0     0     0     0     0     0     0     0     0     0     0     0     0     0     0     0     0     0     0     0
     0     0     0     0     0     0     0     0     0     0     0     0     0     0     0     0     0     0     0     0     0     0     0     0

  121 至 144 列

     0     0     0     0     0     0     0     0     0     0     0     0     0     0     0     0     0     0     0     0     0     0     0     0
     0     0     0     0     0     0     0     0     0     0     0     0     0     0     0     0     0     0     0     0     0     0     0     0
     0     0     0     0     0     0     0     0     0     0     0     0     0     0     0     0     0     0     0     0     0     0     0     0
     0     0     0     0     0     0     0     0     0     0     0     0     0     0     0     0     0     0     0     0     0     0     0     0
     0     0     0     0     0     0     0     0     0     0     0     0     0     0     0     0     0     0     0     0     0     0     0     0
     0     0     0     0     0     0     0     0     0     0     0     0     0     0     0     0     0     0     0     0     0     0     0     0
     0     0     0     0     0     0     0     0     0     0     0     0     0     0     0     0     0     0     0     0     0     0     0     0
     0     0     0     0     0     0     0     0     0     0     0     0     0     0     0     0     0     0     0     0     0     0     0     0
     0     0     0     0     0     0     0     0     0     0     0     0     0     0     0     0     0     0     0     0     0     0     0     0
     0     0     0     0     0     0     0     0     0     0     0     0     0     0     0     0     0     0     0     0     0     0     0     0
     0     0     0     0     0     0     0     0     0     0     0     0     0     0     0     0     0     0     0     0     0     0     0     0
     0     0     0     0     0     0     0     0     0     0     0     0     0     0     0     0     0     0     0     0     0     0     0     0
     0     0     0     0     0     0     0     0     0     0     0     0     0     0     0     0     0     0     0     0     0     0     0     0
     0     0     0     0     0     0     0     0     0     0     0     0     0     0     0     0     0     0     0     0     0     0     0     0
     0     0     0     0     0     0     0     0     0     0     0     0     0     0     0     0     0     0     0     0     0     0     0     0
     0     0     0     0     0     0     0     0     0     0     0     0     0     0     0     0     0     0     0     0     0     0     0     0
     0     0     0     0     0     0     0     0     0     0     0     0     0     0     0     0     0     0     0     0     0     0     0     0
     0     0     0     0     0     0     0     0     0     0     0     0     0     0     0     0     0     0     0     0     0     0     0     0
     0     0     0     0     0     0     0     0     0     0     0     0     0     0     0     0     0     0     0     0     0     0     0     0
     0     0     0     0     0     0     0     0     0     0     0     0     0     0     0     0     0     0     0     0     0     0     0     0
     0     0     0     0     0     0     0     0     0     0     0     0     0     0     0     0     0     0     0     0     0     0     0     0
     0     0     0     0     0     0     0     0     0     0     0     0     0     0     0     0     0     0     0     0     0     0     0     0
     0     0     0     0     0     0     0     0     0     0     0     0     0     0     0     0     0     0     0     0     0     0     0     0
     0     0     0     0     0     0     0     0     0     0     0     0     0     0     0     0     0     0     0     0     0     0     0     0
     0     0     0     0     0     0     0     0     0     0     0     0     0     0     0     0     0     0     0     0     0     0     0     0

  145 至 161 列

     0     0     0     0     0     0     0     0     0     0     0     0     0     0     0     0     0
     0     0     0     0     0     0     0     0     0     0     0     0     0     0     0     0     0
     0     0     0     0     0     0     0     0     0     0     0     0     0     0     0     0     0
     0     0     0     0     0     0     0     0     0     0     0     0     0     0     0     0     0
     0     0     0     0     0     0     0     0     0     0     0     0     0     0     0     0     0
     0     0     0     0     0     0     0     0     0     0     0     0     0     0     0     0     0
     0     0     0     0     0     0     0     0     0     0     0     0     0     0     0     0     0
     0     0     0     0     0     0     0     0     0     0     0     0     0     0     0     0     0
     0     0     0     0     0     0     0     0     0     0     0     0     0     0     0     0     0
     0     0     0     0     0     0     0     0     0     0     0     0     0     0     0     0     0
     0     0     0     0     0     0     0     0     0     0     0     0     0     0     0     0     0
     0     0     0     0     0     0     0     0     0     0     0     0     0     0     0     0     0
     0     0     0     0     0     0     0     0     0     0     0     0     0     0     0     0     0
     0     0     0     0     0     0     0     0     0     0     0     0     0     0     0     0     0
     0     0     0     0     0     0     0     0     0     0     0     0     0     0     0     0     0
     0     0     0     0     0     0     0     0     0     0     0     0     0     0     0     0     0
     0     0     0     0     0     0     0     0     0     0     0     0     0     0     0     0     0
     0     0     0     0     0     0     0     0     0     0     0     0     0     0     0     0     0
     0     0     0     0     0     0     0     0     0     0     0     0     0     0     0     0     0
     0     0     0     0     0     0     0     0     0     0     0     0     0     0     0     0     0
     0     0     0     0     0     0     0     0     0     0     0     0     0     0     0     0     0
     0     0     0     0     0     0     0     0     0     0     0     0     0     0     0     0     0
     0     0     0     0     0     0     0     0     0     0     0     0     0     0     0     0     0
     0     0     0     0     0     0     0     0     0     0     0     0     0     0     0     0     0
     0     0     0     0     0     0     0     0     0     0     0     0     0     0     0     0     0

本次运算用时:6956.643秒
算法在第301代时收敛

best
12833.2459436185
12833.2459436185
12833.2459436185
12833.2459436185
12833.2459436185
12833.2459436185
12833.2459436185
12833.2459436185
12833.2459436185
12833.2459436185
12248.2874888647
12248.2874888647
12248.2874888647
12248.2874888647
12248.2874888647
12248.2874888647
12248.2874888647
12248.2874888647
12248.2874888647
12248.2874888647
12248.2874888647
11888.1261580805
11888.1261580805
11888.1261580805
11872.6897117470
11859.0838322298
11859.0838322298
11859.0838322298
11859.0838322298
11859.0838322298
11859.0838322298
11859.0838322298
11859.0838322298
11634.5819199054
11634.5819199054
11421.6581662819
11421.6581662819
11421.6581662819
11421.6581662819
11421.6581662819
11421.6581662819
11421.6581662819
11421.6581662819
10733.6029835927
10733.6029835927
10733.6029835927
10733.6029835927
10733.6029835927
10733.6029835927
10733.6029835927
10733.6029835927
10733.6029835927
10733.6029835927
10733.6029835927
10733.6029835927
10733.6029835927
10733.6029835927
10733.6029835927
10733.6029835927
10733.6029835927
10733.6029835927
10733.6029835927
10733.6029835927
10733.6029835927
10733.6029835927
10733.6029835927
10733.6029835927
10733.6029835927
10733.6029835927
10733.6029835927
10733.6029835927
10733.6029835927
10733.6029835927
10733.6029835927
10733.6029835927
10733.6029835927
10733.6029835927
10733.6029835927
10733.6029835927
10733.6029835927
10733.6029835927
10733.6029835927
10733.6029835927
10733.6029835927
10733.6029835927
10733.6029835927
10733.6029835927
10733.6029835927
10733.6029835927
10733.6029835927
10733.6029835927
10733.6029835927
10733.6029835927
10733.6029835927
10733.6029835927
10733.6029835927
10733.6029835927
10733.6029835927
10733.6029835927
10733.6029835927
10733.6029835927
10733.6029835927
10733.6029835927
10733.6029835927
10733.6029835927
10733.6029835927
10633.5930413307
10633.5930413307
10633.5930413307
10633.5930413307
10633.5930413307
10633.5930413307
10633.5930413307
10633.5930413307
10633.5930413307
10633.5930413307
10633.5930413307
10633.5930413307
10254.3081180445
10254.3081180445
10254.3081180445
10254.3081180445
10254.3081180445
10254.3081180445
10254.3081180445
10254.3081180445
10254.3081180445
10254.3081180445
10254.3081180445
10254.3081180445
10254.3081180445
10254.3081180445
10254.3081180445
10135.7289807934
10135.7289807934
10135.7289807934
10135.7289807934
10135.7289807934
10135.7289807934
10135.7289807934
10135.7289807934
10135.7289807934
10135.7289807934
10135.7289807934
10135.7289807934
10135.7289807934
10135.7289807934
10135.7289807934
10135.7289807934
10135.7289807934
10135.7289807934
10135.7289807934
10135.7289807934
10135.7289807934
10135.7289807934
10135.7289807934
10135.7289807934
10135.7289807934
10135.7289807934
10135.7289807934
10135.7289807934
10135.7289807934
10135.7289807934
10135.7289807934
10135.7289807934
10135.7289807934
10135.7289807934
10135.7289807934
10135.7289807934
10135.7289807934
10135.7289807934
10135.7289807934
10135.7289807934
10135.7289807934
10135.7289807934
10135.7289807934
10135.7289807934
10135.7289807934
10135.7289807934
10135.7289807934
10135.7289807934
10135.7289807934
10135.7289807934
10135.7289807934
10135.7289807934
10135.7289807934
10135.7289807934
9882.25188154356
9882.25188154356
9882.25188154356
9882.25188154356
9882.25188154356
9882.25188154356
9882.25188154356
9882.25188154356
9882.25188154356
9882.25188154356
9882.25188154356
9882.25188154356
9882.25188154356
9882.25188154356
9882.25188154356
9882.25188154356
9882.25188154356
9882.25188154356
9882.25188154356
9882.25188154356
9882.25188154356
9882.25188154356
9882.25188154356
9882.25188154356
9882.25188154356
9882.25188154356
9882.25188154356
9882.25188154356
9882.25188154356
9882.25188154356
9882.25188154356
9882.25188154356
9882.25188154356
9847.27418665773
9847.27418665773
9847.27418665773
9847.27418665773
9847.27418665773
9847.27418665773
9847.27418665773
9847.27418665773
9847.27418665773
9847.27418665773
9847.27418665773
9847.27418665773
9847.27418665773
9847.27418665773
9847.27418665773
9847.27418665773
9847.27418665773
9847.27418665773
9847.27418665773
9847.27418665773
9847.27418665773
9847.27418665773
9847.27418665773
9847.27418665773
9847.27418665773
9847.27418665773
9847.27418665773
9847.27418665773
9847.27418665773
9847.27418665773
9847.27418665773
9847.27418665773
9847.27418665773
9847.27418665773
9847.27418665773
9847.27418665773
9847.27418665773
9847.27418665773
9847.27418665773
9847.27418665773
9847.27418665773
9847.27418665773
9847.27418665773
9847.27418665773
9847.27418665773
9847.27418665773
9847.27418665773
9847.27418665773
9847.27418665773
9804.21853519880
9804.21853519880
9804.21853519880
9804.21853519880
9804.21853519880
9804.21853519880
9804.21853519880
9804.21853519880
9804.21853519880
9804.21853519880
9620.49567324311
9620.49567324311
9620.49567324311
9620.49567324311
9620.49567324311
9620.49567324311
9620.49567324311
9620.49567324311
9620.49567324311
9620.49567324311
9620.49567324311
9620.49567324311
9620.49567324311
9620.49567324311
9620.49567324311
9620.49567324311
9620.49567324311
9620.49567324311
9620.49567324311
9620.49567324311
9620.49567324311
9472.11999296898
9472.11999296898
9472.11999296898
9472.11999296898
9472.11999296898
9472.11999296898
9472.11999296898
9472.11999296898
9472.11999296898
9472.11999296898
9472.11999296898
9472.11999296898
9472.11999296898
9472.11999296898
9472.11999296898
9472.11999296898
9472.11999296898
9472.11999296898
9472.11999296898
9472.11999296898
9472.11999296898
9472.11999296898
9472.11999296898
9472.11999296898
9472.11999296898
9472.11999296898
9472.11999296898
9472.11999296898
9472.11999296898
9472.11999296898
9472.11999296898
9472.11999296898
9472.11999296898
9472.11999296898
9472.11999296898
9472.11999296898
9472.11999296898
9472.11999296898
9472.11999296898
9472.11999296898
9472.11999296898
9472.11999296898
9472.11999296898
9472.11999296898
9472.11999296898
9472.11999296898
9472.11999296898
9472.11999296898
9472.11999296898
9472.11999296898
9472.11999296898
9472.11999296898
9472.11999296898
9472.11999296898
9472.11999296898
9472.11999296898
9472.11999296898
9472.11999296898
9472.11999296898
9472.11999296898
9472.11999296898
9472.11999296898
9472.11999296898
9472.11999296898
9472.11999296898
9472.11999296898
9472.11999296898
9472.11999296898
9472.11999296898
9472.11999296898
9472.11999296898
9472.11999296898
9472.11999296898
9472.11999296898
9472.11999296898
9472.11999296898
9472.11999296898
9472.11999296898
9472.11999296898
9472.11999296898
9472.11999296898
9472.11999296898
9472.11999296898
9472.11999296898
9472.11999296898
9472.11999296898
9472.11999296898
9472.11999296898
9472.11999296898
9472.11999296898
9472.11999296898
9472.11999296898
9472.11999296898
9472.11999296898
9472.11999296898
9472.11999296898
9472.11999296898
9472.11999296898
9472.11999296898
9472.11999296898
9472.11999296898
9472.11999296898
9472.11999296898
9472.11999296898
9472.11999296898
9472.11999296898
9472.11999296898
9472.11999296898
9472.11999296898
9472.11999296898
9472.11999296898
9472.11999296898
9472.11999296898
9472.11999296898
9472.11999296898
9472.11999296898
9472.11999296898
9472.11999296898
9472.11999296898
9472.11999296898
9472.11999296898
9472.11999296898
9472.11999296898
9472.11999296898
9472.11999296898
9472.11999296898
9472.11999296898
9472.11999296898
9472.11999296898
9472.11999296898
9472.11999296898
9472.11999296898
9472.11999296898
9472.11999296898
9472.11999296898
9472.11999296898
9472.11999296898
9472.11999296898
9472.11999296898
9472.11999296898
9472.11999296898
9472.11999296898
9472.11999296898
9472.11999296898
9472.11999296898
9472.11999296898
9472.11999296898
9472.11999296898
9472.11999296898
9472.11999296898
9472.11999296898
9472.11999296898
9472.11999296898
9472.11999296898
9472.11999296898
9472.11999296898
9472.11999296898
9472.11999296898
9472.11999296898
9472.11999296898
9472.11999296898
9472.11999296898
9472.11999296898
9472.11999296898
9472.11999296898
9472.11999296898
9472.11999296898
9472.11999296898
9472.11999296898
9472.11999296898
9472.11999296898
9472.11999296898
9472.11999296898
9472.11999296898
9472.11999296898
9472.11999296898
9472.11999296898
9472.11999296898
9472.11999296898
9472.11999296898
9472.11999296898
9472.11999296898
9472.11999296898
9472.11999296898
9472.11999296898
9472.11999296898
9472.11999296898
9472.11999296898
9472.11999296898
9472.11999296898
9472.11999296898
9472.11999296898
9472.11999296898
9472.11999296898
9472.11999296898
9472.11999296898
9472.11999296898
9472.11999296898
9472.11999296898
9472.11999296898

ave
16493.2391295147
16620.1933129880
16195.8697573115
16765.1410140828
16372.2805784500
16132.4058227011
16931.1683162501
16542.5763317894
16519.0477278648
16589.7598082578
15963.1160139072
16821.7137588798
16688.7956397907
16548.7634187363
16483.8812024140
15972.3381290549
16140.2635160027
16574.8653742996
16687.9079428386
16172.1620600248
17052.8461199729
16219.6220999712
16428.6631678454
16287.6866546753
15712.7703708286
15911.4328656759
15899.2262508031
16284.1678519227
15914.5548022182
15572.3010080600
15981.2198753563
15407.8073103760
16409.5069307201
15256.6674754772
15486.6876540152
15135.7928872727
15198.3830037430
14899.8677301381
15098.6248526549
15006.6399932986
15600.5398960406
15399.7548150242
14856.9359373378
14592.7353761352
14862.1312422677
14603.3548057531
14760.2645005513
14443.9319738862
14277.0843542385
14101.6686714243
14460.4726346868
14928.5563868896
14687.3326131759
14337.0402400668
14472.9989487081
14463.1754970925
14588.2301135456
13903.6342327802
14012.5715310111
14074.4255036973
13596.0439951478
14170.8379918833
14206.3072082618
13907.8706657746
13857.4469162544
14314.1960226564
13761.2828787839
13930.9525832202
13947.4569862951
13943.6582026701
13255.9560803947
14062.1734237592
13914.5333297218
13714.8900150353
13281.3937435235
14145.6341613250
13465.4390591501
13150.4303929512
12994.0202607394
13490.0061090168
13284.7247051296
13288.6107013948
13350.5341047601
12998.7951285482
13668.8262611104
13255.0027418958
13901.6376841384
13812.6035693763
13554.1514044283
14113.4661181077
14232.0297422685
13696.1680631530
14372.9378229151
13745.5462155952
13969.0974787280
13705.2910876828
13680.5762737303
12978.0619458358
13826.4065183208
13112.4374061324
13790.7634091414
13041.9150280215
12944.3910689722
12780.0705887625
12648.0556790888
13064.8030839253
13126.9620246913
13054.9964733760
12906.5217763273
13220.2189651407
13002.1272175652
12686.8170823237
12843.3789547793
13134.5794383591
13186.6407296621
12941.5175767258
13324.2677993176
13371.6444591360
12863.8036543831
13194.4393469261
13772.6970415237
12954.8810780508
13013.4671049246
12863.1244276425
13415.1978099553
13420.1550184263
13268.9999690842
13117.1903203105
13034.6820968451
12909.6122804223
13344.2317401244
12978.8627601902
12855.1039485926
12987.6381319948
12874.0146701569
13122.7926158233
13064.3786501665
13527.3324325100
13445.9650128720
13424.3216218259
13095.6221439157
12587.3971849983
13258.5724829492
12941.9722785213
13343.9620365407
13885.7722488456
12816.0863249861
13177.9321699877
12858.9274419906
12976.3714715408
13472.1976211229
13080.0925842317
13820.9446044318
12729.2498407803
12996.4919399571
13183.2083149645
12805.9049065246
12732.8096304451
12849.0781049828
13114.8919098765
12736.1433172262
12800.0004787054
12994.1180924952
13209.6642921107
12953.1616300563
13048.9418181996
12990.3617388920
12948.2609433339
12783.2886802567
13060.6103899163
12703.7749229679
12816.2929765482
13062.5323957763
13041.5696005396
13139.2494288546
13081.9036345111
12712.4000279034
13264.9155967016
13476.8149431665
13339.5562706295
12496.4205437487
12529.6631329516
13230.3079022500
13368.4734519450
13338.7433260339
13163.6460040190
13561.8859586146
13420.9558249556
12860.6324959870
13032.7191132270
13134.0810566635
13249.0344352517
13348.1277785968
13242.0257902304
12522.3087786409
13376.6390389120
12834.9933191107
13109.8302326368
13196.2850296113
13350.0947081019
12606.8815593655
12955.0604761115
13002.5978744384
13042.1788448825
13078.8455978745
13081.9170254676
13034.4312593941
12879.9287966119
12757.9189838773
12911.8351916902
12948.5310941266
13185.7304128692
13299.9115635749
12833.1534159503
12709.5263107932
13655.0957452075
12525.6241154884
13120.7219805273
13083.1842658204
13094.6938537940
12383.4647424331
12312.2562195464
12601.4724689094
13422.9193148649
12988.6677200259
12546.9702614655
12813.3196847189
12229.1850619797
13014.4084639429
13014.2009722858
13552.8039789882
12353.2237476839
13042.8182854162
12742.8465585716
12479.5862109826
12070.6500080066
12526.9863455947
12691.8692342429
13225.4971575502
13062.3521818487
12870.5394763879
12914.6945828838
13238.2397226983
13486.6000016983
13041.9396641056
12838.1077537049
13516.6612146053
12888.6834253013
13388.5251635659
13111.4593964829
13439.9394464882
12954.1942374667
12773.6633316622
12210.6280674629
12800.4545132996
13036.1026884019
13421.3850988618
12824.6745626560
13086.6512035027
12920.7766574097
12984.4627372804
13088.8735962205
12615.3578682161
13048.0412869536
13204.2557178436
13035.9248350484
13455.8623991940
12908.6202569196
12876.8636766481
12738.1649645882
12806.0421619275
12167.9855494951
12633.5774653547
12432.0407379083
13059.9464284286
12113.6085662952
12791.6313190865
12213.8042460444
12846.2441458798
12575.4118712768
12828.1157580952
12166.6291491405
12624.7540897295
12373.4722020310
12982.6857042923
12552.8930412810
12690.0526246413
12246.3300260410
12704.0866704046
12367.4086969105
12214.5070220228
12860.7065849928
12225.3549990458
12319.2131258686
12232.0363323954
12653.5027204108
12294.9618885807
12123.9689238021
11876.0615510724
11970.6264607288
12163.6263806188
12578.3696965724
11869.2049265254
12347.9477806093
11955.9307131416
12075.7400186780
11902.9187762083
11694.7399722129
11534.5548586438
12038.1588703355
12123.1244237130
12638.4054213222
11925.5750050288
11997.2245641735
11628.8108318344
12075.9756232744
12818.5088763172
12300.5287162385
11540.9089987922
12934.0493959120
12322.8859416991
12691.0233282377
12293.6793356199
12357.2588553687
11725.6712293181
11747.9677757455
11795.3719352643
11835.4847589915
11990.9096201773
12129.8513323369
11894.3665650787
12232.1069923196
11971.8237956613
12005.2941684669
12224.4472224484
11679.7287432429
11868.5656866546
12108.3462021821
11470.5115229349
12317.3503563786
12132.7876620833
11768.6437464235
12181.8632766394
12026.5289684609
12241.0493538491
12366.0543543138
11848.9391078989
12471.2830441403
11984.8739323469
12159.0647991075
11850.6979747815
12570.6140769265
12450.8047350151
12047.9124488444
12377.3982503780
12713.9990346141
12973.3416539361
12176.7465941180
13178.2753982905
12674.1239221636
12094.9996786111
12672.9595180265
12580.0021241470
12720.6724430866
12628.1644934535
12266.3371231647
12110.3400913730
11614.8424093408
11650.2030444293
11870.8430469674
12515.7742009528
12234.8934683800
12467.0936552433
12092.1646248926
11915.9254745209
12409.6595717796
11673.6072116005
11998.6882978422
11698.8338734689
11615.2383505092
12079.8087548531
11649.5497993211
11952.8983035273
12105.9892624805
12777.4056680179
11819.9426491652
11939.3735819925
12457.3537123783
12265.7233486900
11936.7129659850
11331.1516874579
12163.6098792224
11978.8868314017
11733.7479948580
12371.3923750140
11847.5901791326
12434.1403466231
11864.4061278127
11675.8789527174
11794.4407858167
11959.4236760364
11524.7116066054
12204.9676806637
12540.4805572308
12278.5922402774
12069.4582370379
11889.1771029284
11951.1909487014
12116.1447056610
12044.8692233297
12276.7124311761
12255.1557348554
12017.9707702280
12327.7543898670
11873.3099149659
11746.2528141741
11955.0478379687
12645.9370057242
11577.8883766499
12280.5315093808
12647.0490643840
11579.3184520132
12479.8163847014
12691.7113003883
12718.3671846409
12493.9046500689
11950.0836185914
12304.3365588428
12312.4587151301
12608.4965168772
11792.0625037024
11878.9708866912
12259.8444945059
12518.3520680957
12438.7607595398
12823.2560444140
11808.1828790014
12309.1677512134
12559.0234551794
12491.9346149563
12223.8315806270
12583.3014851940
12488.9715538626
12318.6732995271
12403.1220957612
12673.4326450964
12117.5454560022
11958.0282972974
11609.4905027527
11775.3650743910
11871.8781856794
12355.0135773990
11715.7572647456
11665.2341712328
12478.8621076797
12112.6345107117
12435.8534494645
12321.8418611064
12198.7478199977
12562.5389089678
12774.2493841663
12677.0868458163
12785.2223539157
12502.4556039487
12962.3603578757
12567.6233917871
12691.8991865154
12569.0215197661
12435.6844655087
12316.4247305074
12685.7437177420
12695.4937236469
12024.9288102776
13148.6511206149
12957.8822051430
12225.1086807051
12696.5648560317
12675.1509201877
12899.6218860154
13020.3124686884
13144.4117424741
12199.0178282068
12516.1809454072
12638.3994279531
13213.8740788436
12653.0281057629
13189.5941573986
12610.7780188008
12673.3966179164
12476.8891175614
12159.5597470749
12313.1427562198
12756.3032023271
12893.2111290306
12694.8001118455
12650.8006742872
12540.9265882851
12942.9428726771
12471.2382577194
12224.1271366835