最优解为:368.7414
最优解路径:

Best_route =

     0     0     0     0     0     0     0     0     0     0     0     0     0     0     0     0     0     0     0     0     0
     0     0     0     0     0     0     0     0     0     0     0     0     0     0     0     0     0     0     0     0     0
     0     0     0     0     0     0     0     0     0     0     0     0     0     0     0     0     0     0     0     0     0
     0     0     0     0     0     0     0     0     0     0     0     0     0     0     0     0     0     0     0     0     0
     1     6    16    15    19    14    11     2     5    12    18    13     4    17    20    10     7     3     8     9     0

本次运算用时:43.932秒
算法在第17代时收敛

best
681.082215858101
675.063792375748
372.588988386158
372.588988386158
372.588988386158
372.588988386158
372.588988386158
372.588988386158
372.588988386158
372.588988386158
372.588988386158
372.588988386158
372.588988386158
369.510307199887
369.510307199887
369.510307199887
368.741431351510
368.741431351510
368.741431351510
368.741431351510
368.741431351510
368.741431351510
368.741431351510
368.741431351510
368.741431351510
368.741431351510
368.741431351510
368.741431351510
368.741431351510
368.741431351510
368.741431351510
368.741431351510
368.741431351510
368.741431351510
368.741431351510
368.741431351510
368.741431351510
368.741431351510
368.741431351510
368.741431351510
368.741431351510
368.741431351510
368.741431351510
368.741431351510
368.741431351510
368.741431351510
368.741431351510
368.741431351510
368.741431351510
368.741431351510
368.741431351510
368.741431351510
368.741431351510
368.741431351510
368.741431351510
368.741431351510
368.741431351510
368.741431351510
368.741431351510
368.741431351510
368.741431351510
368.741431351510
368.741431351510
368.741431351510
368.741431351510
368.741431351510
368.741431351510
368.741431351510
368.741431351510
368.741431351510
368.741431351510
368.741431351510
368.741431351510
368.741431351510
368.741431351510
368.741431351510
368.741431351510
368.741431351510
368.741431351510
368.741431351510
368.741431351510
368.741431351510
368.741431351510
368.741431351510
368.741431351510
368.741431351510
368.741431351510
368.741431351510
368.741431351510
368.741431351510
368.741431351510
368.741431351510
368.741431351510
368.741431351510
368.741431351510
368.741431351510
368.741431351510
368.741431351510
368.741431351510
368.741431351510
368.741431351510
368.741431351510
368.741431351510
368.741431351510
368.741431351510
368.741431351510
368.741431351510
368.741431351510
368.741431351510
368.741431351510
368.741431351510
368.741431351510
368.741431351510
368.741431351510
368.741431351510
368.741431351510
368.741431351510
368.741431351510
368.741431351510
368.741431351510
368.741431351510
368.741431351510
368.741431351510
368.741431351510
368.741431351510
368.741431351510
368.741431351510
368.741431351510
368.741431351510
368.741431351510
368.741431351510
368.741431351510
368.741431351510
368.741431351510
368.741431351510
368.741431351510
368.741431351510
368.741431351510
368.741431351510
368.741431351510
368.741431351510
368.741431351510
368.741431351510
368.741431351510
368.741431351510
368.741431351510
368.741431351510
368.741431351510
368.741431351510
368.741431351510
368.741431351510
368.741431351510
368.741431351510
368.741431351510
368.741431351510
368.741431351510
368.741431351510
368.741431351510
368.741431351510
368.741431351510
368.741431351510
368.741431351510
368.741431351510
368.741431351510
368.741431351510
368.741431351510
368.741431351510
368.741431351510
368.741431351510
368.741431351510
368.741431351510
368.741431351510
368.741431351510
368.741431351510
368.741431351510
368.741431351510
368.741431351510
368.741431351510
368.741431351510
368.741431351510
368.741431351510
368.741431351510
368.741431351510
368.741431351510
368.741431351510
368.741431351510
368.741431351510
368.741431351510
368.741431351510
368.741431351510
368.741431351510
368.741431351510
368.741431351510
368.741431351510
368.741431351510
368.741431351510
368.741431351510
368.741431351510
368.741431351510
368.741431351510
368.741431351510
368.741431351510
368.741431351510
368.741431351510
368.741431351510
368.741431351510
368.741431351510
368.741431351510
368.741431351510
368.741431351510
368.741431351510
368.741431351510
368.741431351510
368.741431351510
368.741431351510
368.741431351510
368.741431351510
368.741431351510
368.741431351510
368.741431351510
368.741431351510
368.741431351510
368.741431351510
368.741431351510
368.741431351510
368.741431351510
368.741431351510
368.741431351510
368.741431351510
368.741431351510
368.741431351510
368.741431351510
368.741431351510
368.741431351510
368.741431351510
368.741431351510
368.741431351510
368.741431351510
368.741431351510
368.741431351510
368.741431351510
368.741431351510
368.741431351510
368.741431351510
368.741431351510
368.741431351510
368.741431351510
368.741431351510
368.741431351510
368.741431351510
368.741431351510
368.741431351510
368.741431351510
368.741431351510
368.741431351510
368.741431351510
368.741431351510
368.741431351510
368.741431351510
368.741431351510
368.741431351510
368.741431351510
368.741431351510
368.741431351510
368.741431351510
368.741431351510
368.741431351510
368.741431351510
368.741431351510
368.741431351510
368.741431351510
368.741431351510
368.741431351510
368.741431351510
368.741431351510
368.741431351510
368.741431351510
368.741431351510
368.741431351510
368.741431351510
368.741431351510
368.741431351510
368.741431351510
368.741431351510
368.741431351510
368.741431351510
368.741431351510
368.741431351510
368.741431351510
368.741431351510
368.741431351510
368.741431351510
368.741431351510
368.741431351510
368.741431351510
368.741431351510
368.741431351510
368.741431351510
368.741431351510
368.741431351510
368.741431351510
368.741431351510
368.741431351510
368.741431351510
368.741431351510
368.741431351510
368.741431351510
368.741431351510
368.741431351510
368.741431351510
368.741431351510
368.741431351510
368.741431351510
368.741431351510
368.741431351510
368.741431351510
368.741431351510
368.741431351510
368.741431351510
368.741431351510
368.741431351510
368.741431351510
368.741431351510
368.741431351510
368.741431351510
368.741431351510
368.741431351510
368.741431351510
368.741431351510
368.741431351510
368.741431351510
368.741431351510
368.741431351510
368.741431351510
368.741431351510
368.741431351510
368.741431351510
368.741431351510
368.741431351510
368.741431351510
368.741431351510
368.741431351510
368.741431351510
368.741431351510
368.741431351510
368.741431351510
368.741431351510
368.741431351510
368.741431351510
368.741431351510
368.741431351510
368.741431351510
368.741431351510
368.741431351510
368.741431351510
368.741431351510
368.741431351510
368.741431351510
368.741431351510
368.741431351510
368.741431351510
368.741431351510
368.741431351510
368.741431351510
368.741431351510
368.741431351510
368.741431351510
368.741431351510
368.741431351510
368.741431351510
368.741431351510
368.741431351510
368.741431351510
368.741431351510
368.741431351510
368.741431351510
368.741431351510
368.741431351510
368.741431351510
368.741431351510
368.741431351510
368.741431351510
368.741431351510
368.741431351510
368.741431351510
368.741431351510
368.741431351510
368.741431351510
368.741431351510
368.741431351510
368.741431351510
368.741431351510
368.741431351510
368.741431351510
368.741431351510
368.741431351510
368.741431351510
368.741431351510
368.741431351510
368.741431351510
368.741431351510
368.741431351510
368.741431351510
368.741431351510
368.741431351510
368.741431351510
368.741431351510
368.741431351510
368.741431351510
368.741431351510
368.741431351510
368.741431351510
368.741431351510
368.741431351510
368.741431351510
368.741431351510
368.741431351510
368.741431351510
368.741431351510
368.741431351510
368.741431351510
368.741431351510
368.741431351510
368.741431351510
368.741431351510
368.741431351510
368.741431351510
368.741431351510
368.741431351510
368.741431351510
368.741431351510
368.741431351510
368.741431351510
368.741431351510
368.741431351510
368.741431351510
368.741431351510
368.741431351510
368.741431351510
368.741431351510
368.741431351510
368.741431351510
368.741431351510
368.741431351510
368.741431351510
368.741431351510
368.741431351510
368.741431351510
368.741431351510
368.741431351510
368.741431351510
368.741431351510
368.741431351510
368.741431351510
368.741431351510
368.741431351510
368.741431351510
368.741431351510
368.741431351510
368.741431351510
368.741431351510
368.741431351510
368.741431351510
368.741431351510
368.741431351510
368.741431351510
368.741431351510
368.741431351510
368.741431351510
368.741431351510
368.741431351510
368.741431351510
368.741431351510
368.741431351510
368.741431351510
368.741431351510
368.741431351510
368.741431351510
368.741431351510
368.741431351510
368.741431351510
368.741431351510
368.741431351510
368.741431351510
368.741431351510
368.741431351510
368.741431351510
368.741431351510
368.741431351510
368.741431351510
368.741431351510
368.741431351510
368.741431351510
368.741431351510
368.741431351510
368.741431351510
368.741431351510
368.741431351510
368.741431351510
368.741431351510

ave
758.241298894613
774.994933935627
765.343279803142
773.739066046049
714.499007037902
733.476786983805
695.591341608227
730.718553257408
641.486557863042
692.650683457960
725.494403811146
677.577862041646
739.906132628782
607.277385732920
624.022008535027
583.829593140581
671.470337293072
660.942076447494
612.602791478597
606.686539071397
685.818936669034
706.618702327772
560.579698237106
558.968964778907
582.689613265798
535.377246035105
496.418135660819
520.707587994686
493.302553934917
523.175815346795
508.052329914521
456.694430477178
504.383504224743
481.603993725274
554.548975789091
481.119630597643
455.458435935568
432.513723057799
457.020497474072
469.401121993640
381.833329007472
432.454343814801
419.631539250721
443.752258487262
418.776603641975
394.170786865708
407.157185089550
394.387733250819
381.800170513191
393.919257937283
381.570260665641
369.285926934614
394.294868278867
382.076032279555
405.755321387950
420.351962651813
432.051896451880
369.136726340386
393.977326107993
407.555321598986
381.166796606503
382.111888216903
381.529583849159
369.292981399678
394.276344742141
394.026144076104
369.136726340386
382.295826025823
418.922759946499
381.490300697538
445.176872415714
382.336055196716
382.069195268194
393.988420640575
419.110451809654
369.136726340386
381.510967358891
369.250000236795
381.228874578295
381.798119113705
406.803929746925
419.348032896649
394.623854320583
405.759013311019
432.005634822498
382.009262967913
406.113937766190
369.136726340386
381.823148649046
405.317782476134
369.136726340386
369.191495045414
406.010935046171
369.136726340386
369.136726340386
392.987539979693
369.136726340386
369.136726340386
381.883523336825
382.173732328150
381.166796606503
369.136726340386
407.400767458762
369.285926934614
381.898916979930
381.490300697538
381.610975274208
369.136726340386
394.217274533899
369.473266456448
369.372899975570
369.136726340386
406.224332720041
393.032237498456
382.603327803455
394.343247353098
407.214329326287
381.981042657297
381.950507959036
381.434463272959
369.136726340386
381.518744132520
393.940666629081
406.484158134376
394.505766402487
381.530917347707
394.164627688045
381.119271095559
381.611755454113
420.297651678259
381.228874578295
369.136726340386
369.136726340386
369.404214368247
382.381569514310
395.530848522715
393.867400937516
406.517931804466
381.119271095559
406.141296017024
369.976586207947
369.136726340386
381.628144436282
419.554807455829
456.098518591395
394.286283620090
394.861361561694
394.854637275098
381.698443074221
406.690994856483
381.611755454113
382.428495327123
418.384701789978
395.440189719199
395.308991460997
381.757996361817
406.652159595691
381.544164379680
431.430124959539
369.380725160199
369.136726340386
394.054272467687
394.782286718326
393.734359065914
369.372899975570
395.216921921567
381.228874578295
381.119271095559
382.197103789454
394.235779600812
369.136726340386
381.823434110414
393.829207289408
394.383172233610
369.535992435874
369.136726340386
369.136726340386
394.642001524826
420.251987124890
418.355383854029
381.667000439713
369.651992140046
381.298603283032
394.039792462809
381.249539203166
407.406122888864
369.136726340386
406.577542382797
381.799578021277
381.732129310522
369.250000236795
393.531806397114
382.267451212534
381.228874578295
393.839489820885
406.250501113414
382.551452425525
382.032432672963
381.566174560079
369.136726340386
369.136726340386
381.298603283032
405.298734957123
394.660629441645
369.136726340386
394.424440861857
381.162966639692
394.406028168086
405.913101770975
381.376563855889
394.575468160393
394.291395075000
369.136726340386
394.673450426251
381.214513820205
369.535992435874
394.860431481631
406.772592191550
381.686354073332
381.768316861024
369.285129235435
381.564342221247
369.136726340386
394.210893651780
381.874508501323
381.610975274208
394.740988029779
394.373320759672
381.930496319886
393.664613151756
407.853177451933
394.104464248200
369.136726340386
381.198893337511
405.954196542444
394.027310343671
394.141746111350
381.323034953188
381.898649271441
381.298603283032
394.017159134921
381.166796606503
381.422065931265
381.434463272959
418.652787010857
369.136726340386
369.136726340386
418.601587931480
382.658932400848
369.136726340386
393.916043259414
381.500116824571
369.136726340386
419.409854113225
381.192161573733
405.984662702651
381.901451098614
394.170564226429
369.372899975570
381.974190133218
395.421257653888
369.136726340386
393.119453641096
382.351402094526
394.579983319620
393.651394382982
369.136726340386
394.104241124883
408.040520718788
369.136726340386
381.796478542275
406.159815508207
406.664412201115
407.409659645081
418.363401641896
393.618508028892
369.136726340386
369.136726340386
417.890491382498
431.627945890259
369.172002743623
406.596835260598
393.559471478821
393.899744174956
408.165568555685
394.084027384648
381.206487238199
381.302136074270
406.477737452667
381.883382828554
369.136726340386
393.255114877601
369.136726340386
431.403530766621
407.084120260538
369.136726340386
369.136726340386
381.322699624507
429.964369482425
369.136726340386
381.846640319854
418.397196109697
407.251615530089
381.604277983261
381.749265712855
381.322699624507
382.076704293047
381.214513820205
369.285926934614
369.285926934614
394.704339946581
381.607593497218
369.136726340386
395.502892137088
407.344521869507
369.136726340386
407.434198602974
405.792888426081
369.136726340386
406.007669382383
369.136726340386
406.526247209483
394.883061610435
407.761634231166
381.600257160655
406.334273077903
406.870907011182
432.051823601426
381.402227537341
393.718512370321
394.428448687208
406.293605270077
406.495597614175
406.389181693414
369.136726340386
394.833165113937
395.087599013137
369.136726340386
369.136726340386
393.962112909614
381.375743266053
369.136726340386
408.081333004369
393.423933761788
405.896503569552
394.470082692093
369.136726340386
394.356116790642
405.692992282544
394.275816535396
419.676036348564
369.136726340386
407.437290631673
381.530917347707
381.502722061368
393.988558382929
406.646643416914
381.940621094130
381.240576091204
381.082848753941
421.438861174202
406.798070978942
369.136726340386
406.752043333350
406.768763465577
381.214513820205
394.156896221157
369.136726340386
394.657606519434
394.633020101761
369.136726340386
369.136726340386
393.775311183825
393.464533539075
406.405401844589
394.203701684039
381.049692743283
394.464214957305
369.136726340386
381.744197086831
381.949210480136
369.372899975570
407.111269850764
381.228874578295
369.136726340386
381.434463272959
381.856079201405
381.840791131807
369.388895206180
369.300332250184
381.699852184391
431.464016550501
369.136726340386
407.266431456009
381.447908844412
369.136726340386
369.136726340386
381.196757341485
381.119271095559
407.463341550683
394.126177656819
405.972336087887
394.111534441645
407.003254938951
406.879844860096
381.772699096888
393.229264692334
382.322501899491
381.546674113564
393.599879422116
394.164961071082
381.630054396314
381.322699624507
381.533522311245
381.854613974979
394.241782880155
381.781054413376
431.510295545082
394.450632046481
369.136726340386
381.493212126608
419.013843930645
369.383798322882
381.386865390355
394.012021333425
393.873840024630
381.502722061368
369.492532826323
381.402227537341
406.166972628184
393.235666027404
393.966973290579
393.101815850733
381.206487238199
406.245868795206
381.298603283032
382.337845910273
394.088541501452
369.136726340386
394.123120442501
369.136726340386
369.136726340386
369.136726340386
393.795952784069
369.136726340386
419.929404667668
406.450115111084
394.867459763233
369.136726340386
381.375743266053
394.245897944472
405.962920462670
382.451994822887
381.049692743283
369.136726340386
406.652218670150
394.281817039781
381.610212991922
393.673793092042
381.171656529800
382.531337699141
369.136726340386
381.787002748317
395.118739636218
418.481882546619
443.401552758026
381.840791131807
394.233435134767
369.136726340386
394.604385481558
393.798806137909
369.136726340386
394.381237035800
381.884335075075
369.136726340386
369.136726340386
381.666374447743
407.500339336908
393.699880935230
394.100822597631
393.812175310518
406.987556128863
381.909217454270
369.136726340386
382.044329167593
381.510967358891
394.412889246537
369.568465608333
419.794797279530
381.808259611917
381.556887352443
406.377051142490
381.546674113564
393.992764607979
381.846608794909
418.138933686826
394.162419448730
369.136726340386
394.082565508672
381.659897850540
