最优解为:627.4905
最优解路径:

Best_route =

     9     1    15    18    13    11    14     4    17    20     0     0     0     0     0     0     0     0     0     0     0
     0     0     0     0     0     0     0     0     0     0     0     0     0     0     0     0     0     0     0     0     0
     0     0     0     0     0     0     0     0     0     0     0     0     0     0     0     0     0     0     0     0     0
     5    12    16     6     8     3    19     2     7    10     0     0     0     0     0     0     0     0     0     0     0
     0     0     0     0     0     0     0     0     0     0     0     0     0     0     0     0     0     0     0     0     0

本次运算用时:43.05秒
算法在第24代时收敛

best
639.524743710785
639.524743710785
639.524743710785
639.524743710785
636.336603769142
636.336603769142
636.336603769142
634.822010469957
634.822010469957
634.822010469957
634.822010469957
634.822010469957
634.822010469957
634.822010469957
634.822010469957
634.822010469957
634.822010469957
631.599781132362
630.189137917150
630.189137917150
630.189137917150
630.189137917150
630.189137917150
627.490539809209
627.490539809209
627.490539809209
627.490539809209
627.490539809209
627.490539809209
627.490539809209
627.490539809209
627.490539809209
627.490539809209
627.490539809209
627.490539809209
627.490539809209
627.490539809209
627.490539809209
627.490539809209
627.490539809209
627.490539809209
627.490539809209
627.490539809209
627.490539809209
627.490539809209
627.490539809209
627.490539809209
627.490539809209
627.490539809209
627.490539809209
627.490539809209
627.490539809209
627.490539809209
627.490539809209
627.490539809209
627.490539809209
627.490539809209
627.490539809209
627.490539809209
627.490539809209
627.490539809209
627.490539809209
627.490539809209
627.490539809209
627.490539809209
627.490539809209
627.490539809209
627.490539809209
627.490539809209
627.490539809209
627.490539809209
627.490539809209
627.490539809209
627.490539809209
627.490539809209
627.490539809209
627.490539809209
627.490539809209
627.490539809209
627.490539809209
627.490539809209
627.490539809209
627.490539809209
627.490539809209
627.490539809209
627.490539809209
627.490539809209
627.490539809209
627.490539809209
627.490539809209
627.490539809209
627.490539809209
627.490539809209
627.490539809209
627.490539809209
627.490539809209
627.490539809209
627.490539809209
627.490539809209
627.490539809209
627.490539809209
627.490539809209
627.490539809209
627.490539809209
627.490539809209
627.490539809209
627.490539809209
627.490539809209
627.490539809209
627.490539809209
627.490539809209
627.490539809209
627.490539809209
627.490539809209
627.490539809209
627.490539809209
627.490539809209
627.490539809209
627.490539809209
627.490539809209
627.490539809209
627.490539809209
627.490539809209
627.490539809209
627.490539809209
627.490539809209
627.490539809209
627.490539809209
627.490539809209
627.490539809209
627.490539809209
627.490539809209
627.490539809209
627.490539809209
627.490539809209
627.490539809209
627.490539809209
627.490539809209
627.490539809209
627.490539809209
627.490539809209
627.490539809209
627.490539809209
627.490539809209
627.490539809209
627.490539809209
627.490539809209
627.490539809209
627.490539809209
627.490539809209
627.490539809209
627.490539809209
627.490539809209
627.490539809209
627.490539809209
627.490539809209
627.490539809209
627.490539809209
627.490539809209
627.490539809209
627.490539809209
627.490539809209
627.490539809209
627.490539809209
627.490539809209
627.490539809209
627.490539809209
627.490539809209
627.490539809209
627.490539809209
627.490539809209
627.490539809209
627.490539809209
627.490539809209
627.490539809209
627.490539809209
627.490539809209
627.490539809209
627.490539809209
627.490539809209
627.490539809209
627.490539809209
627.490539809209
627.490539809209
627.490539809209
627.490539809209
627.490539809209
627.490539809209
627.490539809209
627.490539809209
627.490539809209
627.490539809209
627.490539809209
627.490539809209
627.490539809209
627.490539809209
627.490539809209
627.490539809209
627.490539809209
627.490539809209
627.490539809209
627.490539809209
627.490539809209
627.490539809209
627.490539809209
627.490539809209
627.490539809209
627.490539809209
627.490539809209
627.490539809209
627.490539809209
627.490539809209
627.490539809209
627.490539809209
627.490539809209
627.490539809209
627.490539809209
627.490539809209
627.490539809209
627.490539809209
627.490539809209
627.490539809209
627.490539809209
627.490539809209
627.490539809209
627.490539809209
627.490539809209
627.490539809209
627.490539809209
627.490539809209
627.490539809209
627.490539809209
627.490539809209
627.490539809209
627.490539809209
627.490539809209
627.490539809209
627.490539809209
627.490539809209
627.490539809209
627.490539809209
627.490539809209
627.490539809209
627.490539809209
627.490539809209
627.490539809209
627.490539809209
627.490539809209
627.490539809209
627.490539809209
627.490539809209
627.490539809209
627.490539809209
627.490539809209
627.490539809209
627.490539809209
627.490539809209
627.490539809209
627.490539809209
627.490539809209
627.490539809209
627.490539809209
627.490539809209
627.490539809209
627.490539809209
627.490539809209
627.490539809209
627.490539809209
627.490539809209
627.490539809209
627.490539809209
627.490539809209
627.490539809209
627.490539809209
627.490539809209
627.490539809209
627.490539809209
627.490539809209
627.490539809209
627.490539809209
627.490539809209
627.490539809209
627.490539809209
627.490539809209
627.490539809209
627.490539809209
627.490539809209
627.490539809209
627.490539809209
627.490539809209
627.490539809209
627.490539809209
627.490539809209
627.490539809209
627.490539809209
627.490539809209
627.490539809209
627.490539809209
627.490539809209
627.490539809209
627.490539809209
627.490539809209
627.490539809209
627.490539809209
627.490539809209
627.490539809209
627.490539809209
627.490539809209
627.490539809209
627.490539809209
627.490539809209
627.490539809209
627.490539809209
627.490539809209
627.490539809209
627.490539809209
627.490539809209
627.490539809209
627.490539809209
627.490539809209
627.490539809209
627.490539809209
627.490539809209
627.490539809209
627.490539809209
627.490539809209
627.490539809209
627.490539809209
627.490539809209
627.490539809209
627.490539809209
627.490539809209
627.490539809209
627.490539809209
627.490539809209
627.490539809209
627.490539809209
627.490539809209
627.490539809209
627.490539809209
627.490539809209
627.490539809209
627.490539809209
627.490539809209
627.490539809209
627.490539809209
627.490539809209
627.490539809209
627.490539809209
627.490539809209
627.490539809209
627.490539809209
627.490539809209
627.490539809209
627.490539809209
627.490539809209
627.490539809209
627.490539809209
627.490539809209
627.490539809209
627.490539809209
627.490539809209
627.490539809209
627.490539809209
627.490539809209
627.490539809209
627.490539809209
627.490539809209
627.490539809209
627.490539809209
627.490539809209
627.490539809209
627.490539809209
627.490539809209
627.490539809209
627.490539809209
627.490539809209
627.490539809209
627.490539809209
627.490539809209
627.490539809209
627.490539809209
627.490539809209
627.490539809209
627.490539809209
627.490539809209
627.490539809209
627.490539809209
627.490539809209
627.490539809209
627.490539809209
627.490539809209
627.490539809209
627.490539809209
627.490539809209
627.490539809209
627.490539809209
627.490539809209
627.490539809209
627.490539809209
627.490539809209
627.490539809209
627.490539809209
627.490539809209
627.490539809209
627.490539809209
627.490539809209
627.490539809209
627.490539809209
627.490539809209
627.490539809209
627.490539809209
627.490539809209
627.490539809209
627.490539809209
627.490539809209
627.490539809209
627.490539809209
627.490539809209
627.490539809209
627.490539809209
627.490539809209
627.490539809209
627.490539809209
627.490539809209
627.490539809209
627.490539809209
627.490539809209
627.490539809209
627.490539809209
627.490539809209
627.490539809209
627.490539809209
627.490539809209
627.490539809209
627.490539809209
627.490539809209
627.490539809209
627.490539809209
627.490539809209
627.490539809209
627.490539809209
627.490539809209
627.490539809209
627.490539809209
627.490539809209
627.490539809209
627.490539809209
627.490539809209
627.490539809209
627.490539809209
627.490539809209
627.490539809209
627.490539809209
627.490539809209
627.490539809209
627.490539809209
627.490539809209
627.490539809209
627.490539809209
627.490539809209
627.490539809209
627.490539809209
627.490539809209
627.490539809209
627.490539809209
627.490539809209
627.490539809209
627.490539809209
627.490539809209
627.490539809209
627.490539809209
627.490539809209
627.490539809209
627.490539809209
627.490539809209
627.490539809209
627.490539809209
627.490539809209
627.490539809209
627.490539809209
627.490539809209
627.490539809209
627.490539809209
627.490539809209
627.490539809209
627.490539809209
627.490539809209
627.490539809209
627.490539809209
627.490539809209
627.490539809209
627.490539809209
627.490539809209
627.490539809209
627.490539809209
627.490539809209
627.490539809209
627.490539809209
627.490539809209

ave
940.858561786330
960.042283619725
970.950799771427
956.971672976039
957.581344531101
933.314645643370
942.996496679778
966.456706086631
968.590739607674
944.391978900490
941.159155457325
939.743210239234
963.632707024676
951.369341646780
941.131331381297
939.850185037597
954.550721423931
914.867826708674
924.027067332988
925.068384453030
949.898597454766
911.841008069971
925.387606088543
888.323666117204
862.780440128297
899.820422106659
898.625835626791
840.311315271197
885.284607960746
812.259314376283
825.617114101460
847.673280844723
849.216271529255
823.459004311644
810.594167990602
787.170524111099
738.982836102716
737.562844158810
727.088856851842
786.974015670363
737.075344281880
737.208865171673
737.242405514045
714.200474215906
725.023842515279
699.803114705017
700.949690006179
713.002346229260
689.270984706166
701.251390539264
700.576315181497
688.176794954450
663.916316379034
723.677005889264
676.482108133249
700.345539294924
664.291042441878
651.833323543527
651.756961236015
676.358738248999
639.490539809209
676.443574389275
651.916289671618
652.331509019884
664.016419736014
627.490539809209
627.490539809209
639.507270345280
664.581193747058
664.429144254269
652.047212431517
639.838848410805
676.237474358098
651.615214269598
652.119384909806
639.974522370040
627.490539809209
627.707344243833
627.490539809209
639.490539809209
639.642755409747
627.490539809209
677.326157257835
651.931703979222
640.503315323117
627.490539809209
664.545992159486
663.681969024633
627.490539809209
652.318281008174
639.857087344166
639.916766943610
639.642755409747
664.372305878749
627.490539809209
639.504912080595
639.490539809209
639.490539809209
639.857087344166
627.490539809209
639.740107040458
640.288123939083
640.060511350484
652.224462336865
664.707948431938
652.169270301300
627.490539809209
664.670577583378
652.538665891253
639.802560423994
627.490539809209
652.982417485050
640.218968641729
676.752407144229
639.490539809209
651.883719781628
627.490539809209
627.490539809209
640.345311490665
640.008851448278
639.488181544524
651.609324341442
652.042937909269
627.490539809209
652.428984976518
651.575897788303
663.894163461174
640.126453293485
664.221307101177
652.499187769789
627.866806475665
676.196096932456
651.688563652593
639.901896209548
640.244017078314
665.121849024367
627.844262062552
639.870167277853
651.972779600253
639.493900611397
627.639394607559
639.575897788303
627.490539809209
652.216700618758
651.987883170700
627.490539809209
664.264885947146
627.490539809209
664.317343471809
639.460469543092
639.899309526211
639.490539809209
652.279579801015
651.847729500585
639.490539809209
627.490539809209
652.204187007691
627.490539809209
652.547140176347
627.490539809209
676.971170664759
639.767093386477
639.857087344166
639.484671492195
627.490539809209
627.490539809209
627.490539809209
676.694674786048
640.329554956480
640.122903996224
651.809270906969
640.017896487495
639.490539809209
639.537340611397
652.142766615841
627.490539809209
651.808944124354
639.855813432227
627.490539809209
652.002990210122
639.460469543092
627.490539809209
664.603464551008
639.625721006164
627.639394607559
651.441231492194
639.490539809209
664.150532524211
664.230778104550
639.490539809209
639.810605151697
627.707344243833
675.759962589955
651.742223216211
664.898350560964
652.122688604748
627.490539809209
627.490539809209
651.811509846289
664.538466574694
639.819198498961
675.749193900655
663.689866489100
639.490539809209
639.913790047745
652.505041974174
652.058918349199
640.436388933452
640.092660504202
639.901896209548
639.914627449146
664.357064588653
627.839341173086
640.144178811716
664.488652689166
651.919211399086
676.365896471084
627.639394607559
651.898346508588
664.308032682001
652.459714030162
639.639394607559
664.051139438343
651.768521597655
640.045427672619
639.874430906969
627.490539809209
639.866806475665
627.490539809209
640.021918554383
652.294858337283
651.911666716705
652.230778104550
639.815526041163
627.490539809209
639.460469543092
652.080119995299
627.490539809209
627.707344243833
664.489510517447
652.062644846095
639.625721006164
627.490539809209
651.922094188642
627.490539809209
627.490539809209
652.669807294125
627.490539809209
663.994914933494
627.707344243833
651.990292692842
627.490539809209
652.002816445654
639.984743468039
652.129781084001
664.784509382501
640.542199905616
627.490539809209
639.838070454276
639.490539809209
627.490539809209
639.838070454276
651.872406325844
639.584770465599
639.639394607559
639.977570844661
676.010711132672
639.490539809209
651.781869130309
627.490539809209
627.490539809209
627.490539809209
663.991196022959
627.490539809209
652.834161431059
639.662655047938
627.490539809209
652.326325907981
652.124216641479
651.525629543092
651.734460827714
651.547161766915
688.583212527864
652.005666377360
652.209739522527
640.260760596254
651.838070454276
640.185662087144
688.809163100279
652.144276328293
651.888759603380
664.173768248947
627.915442672780
640.017824724728
677.051583515109
639.662655047939
688.658120204235
639.887482467391
664.041338537591
627.490539809209
640.038921714394
639.461803787821
664.059324165701
651.909572785290
652.201557526770
664.293417516389
651.712860281434
639.819198498961
639.441231492194
639.688563652593
627.490539809209
639.490539809209
639.490539809209
639.490539809209
627.490539809209
640.191589066299
639.490539809209
639.901896209548
664.596104328642
651.674484341442
627.490539809209
627.490539809209
651.964480935022
652.290894115602
652.101911989739
627.490539809209
639.525629543092
627.490539809209
639.735364454782
663.978316750448
639.490539809209
627.490539809209
640.520445478172
651.625721006164
651.990370649738
640.324586763647
627.490539809209
639.920202249236
640.474625784723
640.087174891101
639.768521597655
639.662655047939
639.846449232178
639.598483733527
627.490539809209
651.789128232844
664.419530950603
639.610658586171
640.496538559412
664.609226271150
627.490539809209
627.490539809209
627.490539809209
652.705071639707
651.704105526484
651.901896209548
627.866806475665
627.490539809209
652.339631864101
639.795974174239
640.145420125455
627.490539809209
627.884549453615
627.637036342874
639.707344243833
652.267298431108
627.490539809209
664.722492399371
652.783574238549
639.525629543092
639.767912145260
652.350862339684
627.490539809209
651.595650740047
664.547057394296
639.842701975274
676.335234751696
627.490539809209
652.448145993460
652.891334219962
639.525629543092
652.385377314331
639.695454373323
627.490539809209
640.146999256395
639.490539809209
627.490539809209
639.441231492194
651.724034798730
639.678608222445
640.376753789384
640.063493018134
664.335152725591
627.639394607559
651.984235750998
627.490539809209
627.490539809209
663.955080216084
627.490539809209
627.639394607559
651.819198498961
651.803001879144
653.102857781824
639.490539809209
652.595374252008
640.044158760528
639.839042622178
651.767912145260
675.994494382935
640.150211237683
639.625721006164
664.769509693930
627.490539809209
627.839341173086
652.263428813023
627.490539809209
640.581995493654
652.044203757815
664.325638032251
652.177124068192
639.838901609241
677.710303611773
627.490539809209
639.884121665203
677.524781912482
639.797501582491
640.044983502194
663.541144397668
652.423515219831
640.379990626518
664.561961645317
651.525629543092
639.490539809209
651.460469543092
652.625745622597
651.940636836385
627.490539809209
652.209700399013
651.953003662630
639.723598303469
652.162975995812
627.490539809209
639.674484341442
627.854100919284
627.490539809209
640.314526648961
664.182953043489
627.866806475665
651.985444295855
627.490539809209
639.525629543092
652.515166233774
627.490539809209
651.909572785290
665.103828855791
664.066240248077
639.490539809209
651.577869613434
664.407806285945
663.495559276976
652.204814512268
640.094157945865
627.490539809209
651.962651399086
627.490539809209
640.113736613271
627.490539809209
627.490539809209
652.561283089045
639.963717993928
665.546146583620
639.595650740047
627.490539809209
639.490539809209
640.000380141326
664.548890751177
651.832591316374
652.256188428298
627.490539809209
639.838070454276
639.734460827714
663.788019036197
639.995808926971
651.678608222445
639.778715853674
627.707344243833
639.738451331539
652.251928540772
640.051252202274
639.737841879144
651.460469543092
640.199747629278
664.292519719147
639.838105416885
639.475984397668
664.412714203096
663.725231838392
627.695407264201
627.490539809209
664.843269449823