实验环境：
VeiNum = 4
Q_ant = 150
AntNum = 20 
iter_max = 200
抽取的客户节点编号为

Cus_select =

    34    66    50    28    90    16    99     5    82    56    22    24    60    62    47

各任务对应的的客户节点编号为

Task_Cus =

    34    66    50    28    90    16    99     5    82    56    22    24    60    62    47
cus
40	50
40	50
40	50
85	35
41	37
72	35
92	30
37	47
0	40
26	35
20	85
27	43
50	35
40	15
38	15
15	60
65	35
2	45

task
2	4	1	0	1
4	3	2	1	0
2	5	1	0	1
5	3	2	3	0
2	6	1	0	1
6	3	2	5	0
3	7	3	0	1
7	2	4	7	0
2	8	1	0	1
8	3	2	9	0
2	9	1	0	1
9	3	2	11	0
2	10	1	0	1
10	3	2	13	0
3	11	3	0	1
11	2	4	15	0
3	12	3	0	1
12	2	4	17	0
2	13	1	0	1
13	3	2	19	0
3	14	3	0	1
14	2	4	21	0
2	15	1	0	1
15	3	2	23	0
2	16	1	0	1
16	3	2	25	0
3	17	3	0	1
17	2	4	27	0
2	18	1	0	1
18	3	2	29	0

linktime
0	0	1.18585412256314	0	0.325960120260133	0	0.883529852353615	1.89283882771841	1.39283882771841	0	0.106066017177982	0	1.03077640640442	0	0.512957113217080	1.50778221853732	1.00778221853732	0.869120576505835	0.369120576505835	0	0.450693909432999	1.37500000000000	0.875000000000000	0	0.876427407147905	0	0.673145600891813	1.22886898685566	0.728868986855663	0	0.958188394836840
1.18585412256314	1.35252078922981	0	1.35252078922981	44.0454310910905	1.35252078922981	13	3.24535961694822	0.215058131676066	1.35252078922981	49.4772675074119	1.35252078922981	85.1469318296320	1.35252078922981	59	2.86030300776713	2.05015243335709	2.22164136573564	1.46372811683044	1.35252078922981	35	2.72752078922981	1.23110722522451	1.35252078922981	51.0783711564885	1.35252078922981	74.3303437365925	2.58138977608547	0.500000000000000	1.35252078922981	83.6002392341075
1.68585412256314	1.68585412256314	3.03837491179295	1.68585412256314	2.17848090948994	1.68585412256314	2.73605064158342	0.215058131676066	3.24535961694822	1.68585412256314	1.95858680640779	1.68585412256314	2.88329719563422	1.68585412256314	2.36547790244689	2.05015243335709	2.86030300776713	1.46372811683044	2.22164136573564	1.68585412256314	2.30321469866281	1.23110722522451	2.72752078922981	1.68585412256314	2.72894819637771	1.68585412256314	2.52566639012162	0.500000000000000	2.58138977608547	1.68585412256314	2.81070918406665
0.325960120260133	0.492626786926799	44.0454310910905	0.492626786926799	0	0.492626786926799	31.0644491340181	2.38546561464521	1.28695376762338	0.492626786926799	10.7703296142690	0.492626786926799	41.1096095821889	0.492626786926799	15.1327459504216	2.00040900546412	1.30981868974297	1.36174736343263	0.380788655293195	0.492626786926799	9.21954445729289	1.86762678692680	0.550567888638631	0.492626786926799	22.2036033111745	0.492626786926799	34.7131099154196	1.72149577378246	0.602079728939615	0.492626786926799	39.8120584747888
0.825960120260133	0.825960120260133	2.17848090948994	0.825960120260133	1.31858690718693	0.825960120260133	1.87615663928041	1.28695376762338	2.38546561464521	0.825960120260133	1.09869280410478	0.825960120260133	2.02340319333121	0.825960120260133	1.50558390014388	1.30981868974297	2.00040900546412	0.380788655293195	1.36174736343263	0.825960120260133	1.44332069635980	0.550567888638631	1.86762678692680	0.825960120260133	1.86905419407470	0.825960120260133	1.66577238781861	0.602079728939615	1.72149577378246	0.825960120260133	1.95081518176364
0.883529852353615	1.05019651902028	13	1.05019651902028	31.0644491340181	1.05019651902028	0	2.94303534673869	0.515388203202208	1.05019651902028	37	1.05019651902028	72.1734023030645	1.05019651902028	46	2.55797873755760	1.80346887968714	1.91931709552612	1.14263948820264	1.05019651902028	22	2.42519651902028	0.943398113205660	1.05019651902028	39.4461658466320	1.05019651902028	62.2414652783817	2.27906550587594	0.175000000000000	1.05019651902028	70.7106781186548
1.38352985235361	1.38352985235361	2.73605064158342	1.38352985235361	1.87615663928041	1.38352985235361	2.43372637137390	0.515388203202208	2.94303534673869	1.38352985235361	1.65626253619826	1.38352985235361	2.58097292542470	1.38352985235361	2.06315363223736	1.80346887968714	2.55797873755760	1.14263948820264	1.91931709552612	1.38352985235361	2.00089042845328	0.943398113205660	2.42519651902028	1.38352985235361	2.42662392616819	1.38352985235361	2.22334211991209	0.175000000000000	2.27906550587594	1.38352985235361	2.50838491385712
1.39283882771841	1.55950549438508	0.215058131676066	1.55950549438508	1.28695376762338	1.55950549438508	0.515388203202208	3.45234432210349	0	1.55950549438508	1.43918379646243	1.55950549438508	2.31354706025186	1.55950549438508	1.65472807433729	3.06728771292240	2.26508829849964	2.42862607089091	1.65718134191766	1.55950549438508	1.05741429912783	2.93450549438508	1.35300591277348	1.55950549438508	1.40111562692021	1.55950549438508	2.06594409411291	2.78837448124074	0.686476510887299	1.55950549438508	2.28103594886183
0	0	1.35252078922981	0	0.492626786926799	0	1.05019651902028	1.89283882771841	1.55950549438508	0	0.272732683844649	0	1.19744307307108	0	0.679623779883746	1.50778221853732	1.17444888520399	0.869120576505835	0.535787243172502	0	0.617360576099665	1.37500000000000	1.04166666666667	0	1.04309407381457	0	0.839812267558480	1.22886898685566	0.895535653522329	0	1.12485506150351
0.106066017177982	0.272732683844649	49.4772675074119	0.272732683844649	10.7703296142690	0.272732683844649	37	2.16557151156306	1.43918379646243	0.272732683844649	0	0.272732683844649	37.6563407675255	0.272732683844649	16.2788205960997	1.78051490238197	1.04073291482493	1.14185326035048	0.269258240356725	0.272732683844649	17.6918060129541	1.64773268384465	0.803507933999410	0.272732683844649	32.0156211871642	0.272732683844649	25.5538646783613	1.50160167070031	0.761577310586391	0.272732683844649	35.0570962859162
0.606066017177982	0.606066017177982	1.95858680640779	0.606066017177982	1.09869280410478	0.606066017177982	1.65626253619826	1.43918379646243	2.16557151156306	0.606066017177982	0.878798701022631	0.606066017177982	1.80350909024906	0.606066017177982	1.28568979706173	1.04073291482493	1.78051490238197	0.269258240356725	1.14185326035048	0.606066017177982	1.22342659327765	0.803507933999410	1.64773268384465	0.606066017177982	1.64916009099255	0.606066017177982	1.44587828473646	0.761577310586391	1.50160167070031	0.606066017177982	1.73092107868149
1.03077640640442	1.19744307307108	85.1469318296320	1.19744307307108	41.1096095821889	1.19744307307108	72.1734023030645	3.09028190078949	2.31354706025186	1.19744307307108	37.6563407675255	1.19744307307108	0	1.19744307307108	26.4764045897475	2.70522529160840	1.23110722522451	2.06656364957692	0.679153885360306	1.19744307307108	50.2493781056045	2.57244307307108	1.17924764150708	1.19744307307108	45.4862616621766	1.19744307307108	25	2.42631205992674	1.62980060130066	1.19744307307108	5.38516480713450
1.53077640640442	1.53077640640442	2.88329719563422	1.53077640640442	2.02340319333121	1.53077640640442	2.58097292542470	2.31354706025186	3.09028190078949	1.53077640640442	1.80350909024906	1.53077640640442	2.72821947947550	1.53077640640442	2.21040018628816	1.23110722522451	2.70522529160840	0.679153885360306	2.06656364957692	1.53077640640442	2.14813698250408	1.17924764150708	2.57244307307108	1.53077640640442	2.57387048021899	1.53077640640442	2.37058867396290	1.62980060130066	2.42631205992674	1.53077640640442	2.65563146790792
0.512957113217080	0.679623779883746	59	0.679623779883746	15.1327459504216	0.679623779883746	46	2.57246260760216	1.65472807433729	0.679623779883746	16.2788205960997	0.679623779883746	26.4764045897475	0.679623779883746	0	2.18740599842107	1.25896783120142	1.54874435638958	0.201556443707464	0.679623779883746	24	2.05462377988375	0.610327780786685	0.679623779883746	23.3238075793812	0.679623779883746	27.3130005674953	1.90849276673941	0.975000000000000	0.679623779883746	26
1.01295711321708	1.01295711321708	2.36547790244689	1.01295711321708	1.50558390014388	1.01295711321708	2.06315363223736	1.65472807433729	2.57246260760216	1.01295711321708	1.28568979706173	1.01295711321708	2.21040018628816	1.01295711321708	1.69258089310083	1.25896783120142	2.18740599842107	0.201556443707464	1.54874435638958	1.01295711321708	1.63031768931675	0.610327780786685	2.05462377988375	1.01295711321708	2.05605118703165	1.01295711321708	1.85276938077556	0.975000000000000	1.90849276673941	1.01295711321708	2.13781217472059
1.00778221853732	1.17444888520399	2.05015243335709	1.17444888520399	1.30981868974297	1.17444888520399	1.80346887968714	3.06728771292240	2.26508829849964	1.17444888520399	1.04073291482493	1.17444888520399	1.23110722522451	1.17444888520399	1.25896783120142	2.68223110374130	0	2.04356946170982	1.06448344280219	1.17444888520399	1.45773797371133	2.54944888520399	1.82002747232013	1.17444888520399	1.80693109995927	1.17444888520399	0.637377439199098	2.40331787205965	1.68170300588421	1.17444888520399	1.09658560997307
0	0	1.35252078922981	0	0.492626786926799	0	1.05019651902028	1.89283882771841	1.55950549438508	0	0.272732683844649	0	1.19744307307108	0	0.679623779883746	1.50778221853732	1.17444888520399	0.869120576505835	0.535787243172502	0	0.617360576099665	1.37500000000000	1.04166666666667	0	1.04309407381457	0	0.839812267558480	1.22886898685566	0.895535653522329	0	1.12485506150351
0.369120576505835	0.535787243172502	1.46372811683044	0.535787243172502	0.380788655293195	0.535787243172502	1.14263948820264	2.42862607089091	1.65718134191766	0.535787243172502	0.269258240356725	0.535787243172502	0.679153885360306	0.535787243172502	0.201556443707464	2.04356946170982	1.06448344280219	1.40490781967834	0	0.535787243172502	0.608789783094296	1.91078724317250	0.771767452021657	0.535787243172502	0.752080447824566	0.535787243172502	0.520216301167120	1.76465623002816	0.970824391947380	0.535787243172502	0.626996810199223
0	0	1.35252078922981	0	0.492626786926799	0	1.05019651902028	1.89283882771841	1.55950549438508	0	0.272732683844649	0	1.19744307307108	0	0.679623779883746	1.50778221853732	1.17444888520399	0.869120576505835	0.535787243172502	0	0.617360576099665	1.37500000000000	1.04166666666667	0	1.04309407381457	0	0.839812267558480	1.22886898685566	0.895535653522329	0	1.12485506150351
0.450693909432999	0.617360576099665	35	0.617360576099665	9.21954445729289	0.617360576099665	22	2.51019940381808	1.05741429912783	0.617360576099665	17.6918060129541	0.617360576099665	50.2493781056045	0.617360576099665	24	2.12514279463698	1.45773797371133	1.48648115260550	0.608789783094296	0.617360576099665	0	1.99236057609967	0.559016994374948	0.617360576099665	23.3238075793812	0.617360576099665	43.0116263352131	1.84622956295533	0.375000000000000	0.617360576099665	49.0306026885251
0.950693909432999	0.950693909432999	2.30321469866281	0.950693909432999	1.44332069635980	0.950693909432999	2.00089042845328	1.05741429912783	2.51019940381808	0.950693909432999	1.22342659327765	0.950693909432999	2.14813698250408	0.950693909432999	1.63031768931675	1.45773797371133	2.12514279463698	0.608789783094296	1.48648115260550	0.950693909432999	1.56805448553266	0.559016994374948	1.99236057609967	0.950693909432999	1.99378798324757	0.950693909432999	1.79050617699148	0.375000000000000	1.84622956295533	0.950693909432999	2.07554897093651
0.875000000000000	1.04166666666667	1.23110722522451	1.04166666666667	0.550567888638631	1.04166666666667	0.943398113205660	2.93450549438508	1.35300591277348	1.04166666666667	0.803507933999410	1.04166666666667	1.17924764150708	1.04166666666667	0.610327780786685	2.54944888520399	1.82002747232013	1.91078724317250	0.771767452021657	1.04166666666667	0.559016994374948	2.41666666666667	0	1.04166666666667	0.0500000000000000	1.04166666666667	1.28695376762338	2.27053565352233	0.800390529679106	1.04166666666667	1.21037184369102
0	0	1.35252078922981	0	0.492626786926799	0	1.05019651902028	1.89283882771841	1.55950549438508	0	0.272732683844649	0	1.19744307307108	0	0.679623779883746	1.50778221853732	1.17444888520399	0.869120576505835	0.535787243172502	0	0.617360576099665	1.37500000000000	1.04166666666667	0	1.04309407381457	0	0.839812267558480	1.22886898685566	0.895535653522329	0	1.12485506150351
0.876427407147905	1.04309407381457	51.0783711564885	1.04309407381457	22.2036033111745	1.04309407381457	39.4461658466320	2.93593290153298	1.40111562692021	1.04309407381457	32.0156211871642	1.04309407381457	45.4862616621766	1.04309407381457	23.3238075793812	2.55087629235189	1.80693109995927	1.91221465032041	0.752080447824566	1.04309407381457	23.3238075793812	2.41809407381457	0.0500000000000000	1.04309407381457	0	1.04309407381457	50.5371150739731	2.27196306067023	0.840014880820572	1.04309407381457	46.8614980554399
1.37642740714791	1.37642740714791	2.72894819637771	1.37642740714791	1.86905419407470	1.37642740714791	2.42662392616819	1.40111562692021	2.93593290153298	1.37642740714791	1.64916009099255	1.37642740714791	2.57387048021899	1.37642740714791	2.05605118703165	1.80693109995927	2.55087629235189	0.752080447824566	1.91221465032041	1.37642740714791	1.99378798324757	0.0500000000000000	2.41809407381457	1.37642740714791	2.41952148096248	1.37642740714791	2.21623967470639	0.840014880820572	2.27196306067023	1.37642740714791	2.50128246865141
0.673145600891813	0.839812267558480	74.3303437365925	0.839812267558480	34.7131099154196	0.839812267558480	62.2414652783817	2.73265109527689	2.06594409411291	0.839812267558480	25.5538646783613	0.839812267558480	25	0.839812267558480	27.3130005674953	2.34759448609580	0.637377439199098	1.70893284406431	0.520216301167120	0.839812267558480	43.0116263352131	2.21481226755848	1.28695376762338	0.839812267558480	50.5371150739731	0.839812267558480	0	2.06868125441414	1.39754248593737	0.839812267558480	19.8494332412792
1.17314560089181	1.17314560089181	2.52566639012162	1.17314560089181	1.66577238781861	1.17314560089181	2.22334211991209	2.06594409411291	2.73265109527689	1.17314560089181	1.44587828473646	1.17314560089181	2.37058867396290	1.17314560089181	1.85276938077556	0.637377439199098	2.34759448609580	0.520216301167120	1.70893284406431	1.17314560089181	1.79050617699148	1.28695376762338	2.21481226755848	1.17314560089181	2.21623967470639	1.17314560089181	2.01295786845029	1.39754248593737	2.06868125441414	1.17314560089181	2.29800066239532
0.728868986855663	0.895535653522329	0.500000000000000	0.895535653522329	0.602079728939615	0.895535653522329	0.175000000000000	2.78837448124074	0.686476510887299	0.895535653522329	0.761577310586391	0.895535653522329	1.62980060130066	0.895535653522329	0.975000000000000	2.40331787205965	1.68170300588421	1.76465623002816	0.970824391947380	0.895535653522329	0.375000000000000	2.27053565352233	0.800390529679106	0.895535653522329	0.840014880820572	0.895535653522329	1.39754248593737	2.12440464037799	0	0.895535653522329	1.59471784338171
0	0	1.35252078922981	0	0.492626786926799	0	1.05019651902028	1.89283882771841	1.55950549438508	0	0.272732683844649	0	1.19744307307108	0	0.679623779883746	1.50778221853732	1.17444888520399	0.869120576505835	0.535787243172502	0	0.617360576099665	1.37500000000000	1.04166666666667	0	1.04309407381457	0	0.839812267558480	1.22886898685566	0.895535653522329	0	1.12485506150351
0.958188394836840	1.12485506150351	83.6002392341075	1.12485506150351	39.8120584747888	1.12485506150351	70.7106781186548	3.01769388922192	2.28103594886183	1.12485506150351	35.0570962859162	1.12485506150351	5.38516480713450	1.12485506150351	26	2.63263728004083	1.09658560997307	1.99397563800934	0.626996810199223	1.12485506150351	49.0306026885251	2.49985506150351	1.21037184369102	1.12485506150351	46.8614980554399	1.12485506150351	19.8494332412792	2.35372404835917	1.59471784338171	1.12485506150351	0
1.45818839483684	1.45818839483684	2.81070918406665	1.45818839483684	1.95081518176364	1.45818839483684	2.50838491385712	2.28103594886183	3.01769388922192	1.45818839483684	1.73092107868149	1.45818839483684	2.65563146790792	1.45818839483684	2.13781217472059	1.09658560997307	2.63263728004083	0.626996810199223	1.99397563800934	1.45818839483684	2.07554897093651	1.21037184369102	2.49985506150351	1.45818839483684	2.50128246865141	1.45818839483684	2.29800066239532	1.59471784338171	2.35372404835917	1.45818839483684	2.58304345634035


tasktime
0
1.85252078922981
0.166666666666667
0.992626786926799
0.166666666666667
1.55019651902028
0.166666666666667
0.166666666666667
2.05950549438508
0.772732683844649
0.166666666666667
1.69744307307108
0.166666666666667
1.17962377988375
0.166666666666667
0.166666666666667
1.67444888520399
0.166666666666667
1.03578724317250
1.11736057609967
0.166666666666667
0.166666666666667
1.54166666666667
1.54309407381457
0.166666666666667
1.33981226755848
0.166666666666667
0.166666666666667
1.39553565352233
1.62485506150351
0.166666666666667


1
2	4	1	0	1
2	5	1	0	1
2	6	1	0	1
7	2	4	0	0
2	8	1	0	1
2	9	1	0	1
2	10	1	0	1
11	2	4	0	0
12	2	4	0	0
2	13	1	0	1
14	2	4	0	0
2	15	1	0	1
2	16	1	0	1
17	2	4	0	0
2	18	1	0	1

2
4	3	2	0	0
5	3	2	0	0
6	3	2	0	0
3	7	3	0	1
8	3	2	0	0
9	3	2	0	0
10	3	2	0	0
3	11	3	0	1
3	12	3	0	1
13	3	2	0	0
3	14	3	0	1
15	3	2	0	0
16	3	2	0	0
3	17	3	0	1
18	3	2	0	0

linktime1
0	0	0	0	1.39283882771841	0	0	0	1.00778221853732	0.369120576505835	0	0.875000000000000	0	0	0.728868986855663	0
1.18585412256314	1.35252078922981	1.35252078922981	1.35252078922981	0.215058131676066	1.35252078922981	1.35252078922981	1.35252078922981	2.05015243335709	1.46372811683044	1.35252078922981	1.23110722522451	1.35252078922981	1.35252078922981	0.500000000000000	1.35252078922981
0.325960120260133	0.492626786926799	0.492626786926799	0.492626786926799	1.28695376762338	0.492626786926799	0.492626786926799	0.492626786926799	1.30981868974297	0.380788655293195	0.492626786926799	0.550567888638631	0.492626786926799	0.492626786926799	0.602079728939615	0.492626786926799
0.883529852353615	1.05019651902028	1.05019651902028	1.05019651902028	0.515388203202208	1.05019651902028	1.05019651902028	1.05019651902028	1.80346887968714	1.14263948820264	1.05019651902028	0.943398113205660	1.05019651902028	1.05019651902028	0.175000000000000	1.05019651902028
0	0	0	0	1.55950549438508	0	0	0	1.17444888520399	0.535787243172502	0	1.04166666666667	0	0	0.895535653522329	0
0.106066017177982	0.272732683844649	0.272732683844649	0.272732683844649	1.43918379646243	0.272732683844649	0.272732683844649	0.272732683844649	1.04073291482493	0.269258240356725	0.272732683844649	0.803507933999410	0.272732683844649	0.272732683844649	0.761577310586391	0.272732683844649
1.03077640640442	1.19744307307108	1.19744307307108	1.19744307307108	2.31354706025186	1.19744307307108	1.19744307307108	1.19744307307108	1.23110722522451	0.679153885360306	1.19744307307108	1.17924764150708	1.19744307307108	1.19744307307108	1.62980060130066	1.19744307307108
0.512957113217080	0.679623779883746	0.679623779883746	0.679623779883746	1.65472807433729	0.679623779883746	0.679623779883746	0.679623779883746	1.25896783120142	0.201556443707464	0.679623779883746	0.610327780786685	0.679623779883746	0.679623779883746	0.975000000000000	0.679623779883746
0	0	0	0	1.55950549438508	0	0	0	1.17444888520399	0.535787243172502	0	1.04166666666667	0	0	0.895535653522329	0
0	0	0	0	1.55950549438508	0	0	0	1.17444888520399	0.535787243172502	0	1.04166666666667	0	0	0.895535653522329	0
0.450693909432999	0.617360576099665	0.617360576099665	0.617360576099665	1.05741429912783	0.617360576099665	0.617360576099665	0.617360576099665	1.45773797371133	0.608789783094296	0.617360576099665	0.559016994374948	0.617360576099665	0.617360576099665	0.375000000000000	0.617360576099665
0	0	0	0	1.55950549438508	0	0	0	1.17444888520399	0.535787243172502	0	1.04166666666667	0	0	0.895535653522329	0
0.876427407147905	1.04309407381457	1.04309407381457	1.04309407381457	1.40111562692021	1.04309407381457	1.04309407381457	1.04309407381457	1.80693109995927	0.752080447824566	1.04309407381457	0.0500000000000000	1.04309407381457	1.04309407381457	0.840014880820572	1.04309407381457
0.673145600891813	0.839812267558480	0.839812267558480	0.839812267558480	2.06594409411291	0.839812267558480	0.839812267558480	0.839812267558480	0.637377439199098	0.520216301167120	0.839812267558480	1.28695376762338	0.839812267558480	0.839812267558480	1.39754248593737	0.839812267558480
0	0	0	0	1.55950549438508	0	0	0	1.17444888520399	0.535787243172502	0	1.04166666666667	0	0	0.895535653522329	0
0.958188394836840	1.12485506150351	1.12485506150351	1.12485506150351	2.28103594886183	1.12485506150351	1.12485506150351	1.12485506150351	1.09658560997307	0.626996810199223	1.12485506150351	1.21037184369102	1.12485506150351	1.12485506150351	1.59471784338171	1.12485506150351

tasktime1
0
1.85252078922981
0.992626786926799
1.55019651902028
2.05950549438508
0.772732683844649
1.69744307307108
1.17962377988375
1.67444888520399
1.03578724317250
1.11736057609967
1.54166666666667
1.54309407381457
1.33981226755848
1.39553565352233
1.62485506150351

linktime2
0	1.18585412256314	0.325960120260133	0.883529852353615	1.89283882771841	0.106066017177982	1.03077640640442	0.512957113217080	1.50778221853732	0.869120576505835	0.450693909432999	1.37500000000000	0.876427407147905	0.673145600891813	1.22886898685566	0.958188394836840
1.68585412256314	3.03837491179295	2.17848090948994	2.73605064158342	0.215058131676066	1.95858680640779	2.88329719563422	2.36547790244689	2.05015243335709	1.46372811683044	2.30321469866281	1.23110722522451	2.72894819637771	2.52566639012162	0.500000000000000	2.81070918406665
0.825960120260133	2.17848090948994	1.31858690718693	1.87615663928041	1.28695376762338	1.09869280410478	2.02340319333121	1.50558390014388	1.30981868974297	0.380788655293195	1.44332069635980	0.550567888638631	1.86905419407470	1.66577238781861	0.602079728939615	1.95081518176364
1.38352985235361	2.73605064158342	1.87615663928041	2.43372637137390	0.515388203202208	1.65626253619826	2.58097292542470	2.06315363223736	1.80346887968714	1.14263948820264	2.00089042845328	0.943398113205660	2.42662392616819	2.22334211991209	0.175000000000000	2.50838491385712
1.39283882771841	0.215058131676066	1.28695376762338	0.515388203202208	3.45234432210349	1.43918379646243	2.31354706025186	1.65472807433729	3.06728771292240	2.42862607089091	1.05741429912783	2.93450549438508	1.40111562692021	2.06594409411291	2.78837448124074	2.28103594886183
0.606066017177982	1.95858680640779	1.09869280410478	1.65626253619826	1.43918379646243	0.878798701022631	1.80350909024906	1.28568979706173	1.04073291482493	0.269258240356725	1.22342659327765	0.803507933999410	1.64916009099255	1.44587828473646	0.761577310586391	1.73092107868149
1.53077640640442	2.88329719563422	2.02340319333121	2.58097292542470	2.31354706025186	1.80350909024906	2.72821947947550	2.21040018628816	1.23110722522451	0.679153885360306	2.14813698250408	1.17924764150708	2.57387048021899	2.37058867396290	1.62980060130066	2.65563146790792
1.01295711321708	2.36547790244689	1.50558390014388	2.06315363223736	1.65472807433729	1.28568979706173	2.21040018628816	1.69258089310083	1.25896783120142	0.201556443707464	1.63031768931675	0.610327780786685	2.05605118703165	1.85276938077556	0.975000000000000	2.13781217472059
1.00778221853732	2.05015243335709	1.30981868974297	1.80346887968714	3.06728771292240	1.04073291482493	1.23110722522451	1.25896783120142	2.68223110374130	2.04356946170982	1.45773797371133	2.54944888520399	1.80693109995927	0.637377439199098	2.40331787205965	1.09658560997307
0.369120576505835	1.46372811683044	0.380788655293195	1.14263948820264	2.42862607089091	0.269258240356725	0.679153885360306	0.201556443707464	2.04356946170982	1.40490781967834	0.608789783094296	1.91078724317250	0.752080447824566	0.520216301167120	1.76465623002816	0.626996810199223
0.950693909432999	2.30321469866281	1.44332069635980	2.00089042845328	1.05741429912783	1.22342659327765	2.14813698250408	1.63031768931675	1.45773797371133	0.608789783094296	1.56805448553266	0.559016994374948	1.99378798324757	1.79050617699148	0.375000000000000	2.07554897093651
0.875000000000000	1.23110722522451	0.550567888638631	0.943398113205660	2.93450549438508	0.803507933999410	1.17924764150708	0.610327780786685	2.54944888520399	1.91078724317250	0.559016994374948	2.41666666666667	0.0500000000000000	1.28695376762338	2.27053565352233	1.21037184369102
1.37642740714791	2.72894819637771	1.86905419407470	2.42662392616819	1.40111562692021	1.64916009099255	2.57387048021899	2.05605118703165	1.80693109995927	0.752080447824566	1.99378798324757	0.0500000000000000	2.41952148096248	2.21623967470639	0.840014880820572	2.50128246865141
1.17314560089181	2.52566639012162	1.66577238781861	2.22334211991209	2.06594409411291	1.44587828473646	2.37058867396290	1.85276938077556	0.637377439199098	0.520216301167120	1.79050617699148	1.28695376762338	2.21623967470639	2.01295786845029	1.39754248593737	2.29800066239532
0.728868986855663	0.500000000000000	0.602079728939615	0.175000000000000	2.78837448124074	0.761577310586391	1.62980060130066	0.975000000000000	2.40331787205965	1.76465623002816	0.375000000000000	2.27053565352233	0.840014880820572	1.39754248593737	2.12440464037799	1.59471784338171
1.45818839483684	2.81070918406665	1.95081518176364	2.50838491385712	2.28103594886183	1.73092107868149	2.65563146790792	2.13781217472059	1.09658560997307	0.626996810199223	2.07554897093651	1.21037184369102	2.50128246865141	2.29800066239532	1.59471784338171	2.58304345634035

tasktime2
0
0.166666666666667
0.166666666666667
0.166666666666667
0.166666666666667
0.166666666666667
0.166666666666667
0.166666666666667
0.166666666666667
0.166666666666667
0.166666666666667
0.166666666666667
0.166666666666667
0.166666666666667
0.166666666666667
0.166666666666667