最优解为:3038.3038
最优解路径:

Best_route =

  1 至 24 列

    31    32    35    29    30    11    17    51    39    49    12    15    16     0     0     0     0     0     0     0     0     0     0     0
    43     7     8    53    37    41    42    59    60    33    34     0     0     0     0     0     0     0     0     0     0     0     0     0
     0     0     0     0     0     0     0     0     0     0     0     0     0     0     0     0     0     0     0     0     0     0     0     0
     5    57    58    20    21    22    38    45    46    36     0     0     0     0     0     0     0     0     0     0     0     0     0     0
    27    28     6    54    52     0     0     0     0     0     0     0     0     0     0     0     0     0     0     0     0     0     0     0
     3     4    19    55    56     9    10    13    14    47    48     0     0     0     0     0     0     0     0     0     0     0     0     0
    23    24    44    25    26    18     1    40     2    50     0     0     0     0     0     0     0     0     0     0     0     0     0     0

  25 至 48 列

     0     0     0     0     0     0     0     0     0     0     0     0     0     0     0     0     0     0     0     0     0     0     0     0
     0     0     0     0     0     0     0     0     0     0     0     0     0     0     0     0     0     0     0     0     0     0     0     0
     0     0     0     0     0     0     0     0     0     0     0     0     0     0     0     0     0     0     0     0     0     0     0     0
     0     0     0     0     0     0     0     0     0     0     0     0     0     0     0     0     0     0     0     0     0     0     0     0
     0     0     0     0     0     0     0     0     0     0     0     0     0     0     0     0     0     0     0     0     0     0     0     0
     0     0     0     0     0     0     0     0     0     0     0     0     0     0     0     0     0     0     0     0     0     0     0     0
     0     0     0     0     0     0     0     0     0     0     0     0     0     0     0     0     0     0     0     0     0     0     0     0

  49 至 61 列

     0     0     0     0     0     0     0     0     0     0     0     0     0
     0     0     0     0     0     0     0     0     0     0     0     0     0
     0     0     0     0     0     0     0     0     0     0     0     0     0
     0     0     0     0     0     0     0     0     0     0     0     0     0
     0     0     0     0     0     0     0     0     0     0     0     0     0
     0     0     0     0     0     0     0     0     0     0     0     0     0
     0     0     0     0     0     0     0     0     0     0     0     0     0

本次运算用时:524.043秒
算法在第9代时收敛

best
3619.66517044079
3606.15543781480
3606.15543781480
3469.54745201049
3237.81212965005
3237.81212965005
3103.70914942436
3103.70914942436
3038.30383375570
3038.30383375570
3038.30383375570
3038.30383375570
3038.30383375570
3038.30383375570
3038.30383375570
3038.30383375570
3038.30383375570
3038.30383375570
3038.30383375570
3038.30383375570
3038.30383375570
3038.30383375570
3038.30383375570
3038.30383375570
3038.30383375570
3038.30383375570
3038.30383375570
3038.30383375570
3038.30383375570
3038.30383375570
3038.30383375570
3038.30383375570
3038.30383375570
3038.30383375570
3038.30383375570
3038.30383375570
3038.30383375570
3038.30383375570
3038.30383375570
3038.30383375570
3038.30383375570
3038.30383375570
3038.30383375570
3038.30383375570
3038.30383375570
3038.30383375570
3038.30383375570
3038.30383375570
3038.30383375570
3038.30383375570
3038.30383375570
3038.30383375570
3038.30383375570
3038.30383375570
3038.30383375570
3038.30383375570
3038.30383375570
3038.30383375570
3038.30383375570
3038.30383375570
3038.30383375570
3038.30383375570
3038.30383375570
3038.30383375570
3038.30383375570
3038.30383375570
3038.30383375570
3038.30383375570
3038.30383375570
3038.30383375570
3038.30383375570
3038.30383375570
3038.30383375570
3038.30383375570
3038.30383375570
3038.30383375570
3038.30383375570
3038.30383375570
3038.30383375570
3038.30383375570
3038.30383375570
3038.30383375570
3038.30383375570
3038.30383375570
3038.30383375570
3038.30383375570
3038.30383375570
3038.30383375570
3038.30383375570
3038.30383375570
3038.30383375570
3038.30383375570
3038.30383375570
3038.30383375570
3038.30383375570
3038.30383375570
3038.30383375570
3038.30383375570
3038.30383375570
3038.30383375570
3038.30383375570
3038.30383375570
3038.30383375570
3038.30383375570
3038.30383375570
3038.30383375570
3038.30383375570
3038.30383375570
3038.30383375570
3038.30383375570
3038.30383375570
3038.30383375570
3038.30383375570
3038.30383375570
3038.30383375570
3038.30383375570
3038.30383375570
3038.30383375570
3038.30383375570
3038.30383375570
3038.30383375570
3038.30383375570
3038.30383375570
3038.30383375570
3038.30383375570
3038.30383375570
3038.30383375570
3038.30383375570
3038.30383375570
3038.30383375570
3038.30383375570
3038.30383375570
3038.30383375570
3038.30383375570
3038.30383375570
3038.30383375570
3038.30383375570
3038.30383375570
3038.30383375570
3038.30383375570
3038.30383375570
3038.30383375570
3038.30383375570
3038.30383375570
3038.30383375570
3038.30383375570
3038.30383375570
3038.30383375570
3038.30383375570
3038.30383375570
3038.30383375570
3038.30383375570
3038.30383375570
3038.30383375570
3038.30383375570
3038.30383375570
3038.30383375570
3038.30383375570
3038.30383375570
3038.30383375570
3038.30383375570
3038.30383375570
3038.30383375570
3038.30383375570
3038.30383375570
3038.30383375570
3038.30383375570
3038.30383375570
3038.30383375570
3038.30383375570
3038.30383375570
3038.30383375570
3038.30383375570
3038.30383375570
3038.30383375570
3038.30383375570
3038.30383375570
3038.30383375570
3038.30383375570
3038.30383375570
3038.30383375570
3038.30383375570
3038.30383375570
3038.30383375570
3038.30383375570
3038.30383375570
3038.30383375570
3038.30383375570
3038.30383375570
3038.30383375570
3038.30383375570
3038.30383375570
3038.30383375570
3038.30383375570
3038.30383375570
3038.30383375570
3038.30383375570
3038.30383375570
3038.30383375570
3038.30383375570
3038.30383375570
3038.30383375570
3038.30383375570
3038.30383375570
3038.30383375570
3038.30383375570
3038.30383375570
3038.30383375570
3038.30383375570
3038.30383375570
3038.30383375570
3038.30383375570
3038.30383375570
3038.30383375570
3038.30383375570
3038.30383375570
3038.30383375570
3038.30383375570
3038.30383375570
3038.30383375570
3038.30383375570
3038.30383375570
3038.30383375570
3038.30383375570
3038.30383375570
3038.30383375570
3038.30383375570
3038.30383375570
3038.30383375570
3038.30383375570
3038.30383375570
3038.30383375570
3038.30383375570
3038.30383375570
3038.30383375570
3038.30383375570
3038.30383375570
3038.30383375570
3038.30383375570
3038.30383375570
3038.30383375570
3038.30383375570
3038.30383375570
3038.30383375570
3038.30383375570
3038.30383375570
3038.30383375570
3038.30383375570
3038.30383375570
3038.30383375570
3038.30383375570
3038.30383375570
3038.30383375570
3038.30383375570
3038.30383375570
3038.30383375570
3038.30383375570
3038.30383375570
3038.30383375570
3038.30383375570
3038.30383375570
3038.30383375570
3038.30383375570
3038.30383375570
3038.30383375570
3038.30383375570
3038.30383375570
3038.30383375570
3038.30383375570
3038.30383375570
3038.30383375570
3038.30383375570
3038.30383375570
3038.30383375570
3038.30383375570
3038.30383375570
3038.30383375570
3038.30383375570
3038.30383375570
3038.30383375570
3038.30383375570
3038.30383375570
3038.30383375570
3038.30383375570
3038.30383375570
3038.30383375570
3038.30383375570
3038.30383375570
3038.30383375570
3038.30383375570
3038.30383375570
3038.30383375570
3038.30383375570
3038.30383375570
3038.30383375570
3038.30383375570
3038.30383375570
3038.30383375570
3038.30383375570
3038.30383375570
3038.30383375570
3038.30383375570
3038.30383375570
3038.30383375570
3038.30383375570
3038.30383375570
3038.30383375570
3038.30383375570
3038.30383375570
3038.30383375570
3038.30383375570
3038.30383375570
3038.30383375570
3038.30383375570
3038.30383375570
3038.30383375570
3038.30383375570
3038.30383375570
3038.30383375570
3038.30383375570
3038.30383375570
3038.30383375570
3038.30383375570
3038.30383375570
3038.30383375570
3038.30383375570
3038.30383375570
3038.30383375570
3038.30383375570
3038.30383375570
3038.30383375570
3038.30383375570
3038.30383375570
3038.30383375570
3038.30383375570
3038.30383375570
3038.30383375570
3038.30383375570
3038.30383375570
3038.30383375570
3038.30383375570
3038.30383375570
3038.30383375570
3038.30383375570
3038.30383375570
3038.30383375570
3038.30383375570
3038.30383375570
3038.30383375570
3038.30383375570
3038.30383375570
3038.30383375570
3038.30383375570
3038.30383375570
3038.30383375570
3038.30383375570
3038.30383375570
3038.30383375570
3038.30383375570
3038.30383375570
3038.30383375570
3038.30383375570
3038.30383375570
3038.30383375570
3038.30383375570
3038.30383375570
3038.30383375570
3038.30383375570
3038.30383375570
3038.30383375570
3038.30383375570
3038.30383375570
3038.30383375570
3038.30383375570
3038.30383375570
3038.30383375570
3038.30383375570
3038.30383375570
3038.30383375570
3038.30383375570
3038.30383375570
3038.30383375570
3038.30383375570
3038.30383375570
3038.30383375570
3038.30383375570
3038.30383375570
3038.30383375570
3038.30383375570
3038.30383375570
3038.30383375570
3038.30383375570
3038.30383375570
3038.30383375570
3038.30383375570
3038.30383375570
3038.30383375570
3038.30383375570
3038.30383375570
3038.30383375570
3038.30383375570
3038.30383375570
3038.30383375570
3038.30383375570
3038.30383375570
3038.30383375570
3038.30383375570
3038.30383375570
3038.30383375570
3038.30383375570
3038.30383375570
3038.30383375570
3038.30383375570
3038.30383375570
3038.30383375570
3038.30383375570
3038.30383375570
3038.30383375570
3038.30383375570
3038.30383375570
3038.30383375570
3038.30383375570
3038.30383375570
3038.30383375570
3038.30383375570
3038.30383375570
3038.30383375570
3038.30383375570
3038.30383375570
3038.30383375570
3038.30383375570
3038.30383375570
3038.30383375570
3038.30383375570
3038.30383375570
3038.30383375570
3038.30383375570
3038.30383375570
3038.30383375570
3038.30383375570
3038.30383375570
3038.30383375570
3038.30383375570
3038.30383375570
3038.30383375570
3038.30383375570
3038.30383375570
3038.30383375570
3038.30383375570
3038.30383375570
3038.30383375570
3038.30383375570
3038.30383375570
3038.30383375570
3038.30383375570
3038.30383375570
3038.30383375570
3038.30383375570
3038.30383375570
3038.30383375570
3038.30383375570
3038.30383375570
3038.30383375570
3038.30383375570
3038.30383375570
3038.30383375570
3038.30383375570
3038.30383375570
3038.30383375570
3038.30383375570
3038.30383375570
3038.30383375570
3038.30383375570
3038.30383375570
3038.30383375570
3038.30383375570
3038.30383375570
3038.30383375570
3038.30383375570
3038.30383375570
3038.30383375570
3038.30383375570
3038.30383375570
3038.30383375570
3038.30383375570
3038.30383375570
3038.30383375570
3038.30383375570
3038.30383375570
3038.30383375570
3038.30383375570
3038.30383375570
3038.30383375570
3038.30383375570
3038.30383375570
3038.30383375570
3038.30383375570
3038.30383375570
3038.30383375570
3038.30383375570

ave
4108.57999229934
4089.57480213445
4004.90448216892
4111.16191783473
4022.01538551861
4085.30547417211
4077.84367161548
4098.45326910394
4077.69065038209
4022.12655153775
4182.00561589943
4072.14083852044
4102.41957736497
4052.76746152265
4033.45185576929
4124.39580170889
4078.89709916020
4176.43868543234
4047.66544841524
4097.27257208049
3925.41647434190
4095.75622344700
4154.22335779929
4154.44799619649
4144.91420418123
4075.39148317628
3964.55329011049
4108.33253738810
4219.94111330759
4164.54713902110
4184.35925021154
4133.26196210789
4050.97919564112
4159.41784736669
4193.95077487517
4170.21816033776
4140.03872519509
4188.26989325855
4182.00635170755
4269.78880732089
4199.35896666915
4170.95805202066
4195.53267567228
4266.12501740596
3808.57967475670
3937.99683284370
4098.09699620594
4062.93735833158
4083.23221432145
3977.42420927557
4197.49499295044
3945.45450802676
4027.80622012398
3933.18339178831
4000.63021241795
3785.00052210916
3930.00970980317
3899.38393806441
3925.07869920275
4185.84716440338
4026.97005493694
3880.91970561682
3868.91151014103
4053.97848508698
4079.15424680097
3946.63042411258
3855.27449128929
3714.96531147983
3606.70377435530
4017.86421042708
3923.94067228546
3748.80758488523
3890.09264915063
3912.97245482040
3788.62439109788
3788.51983640715
3755.00155828954
3814.83960581116
3837.20392736945
3846.21355896769
3967.46055408926
4042.36871690818
4020.40225436369
4014.40808325631
3933.15557879628
3448.44609063304
3841.65200801580
3710.99956391802
3797.40003671831
3740.09829431196
3585.94792187801
3719.67593573765
3698.90288896095
3649.09330072045
3856.71724416747
3670.46785273801
3761.56073964421
4071.03048257554
3848.13347160572
3653.38701053955
3745.37563128626
3998.29842975126
3979.49366242711
3969.42683109400
3711.90737574475
3831.42935016669
3545.60980448962
3755.64753517266
3789.72151859957
3739.72061307678
3717.20632211420
3609.67159811345
3594.78400453786
3725.53398422321
3683.34542825925
3740.09591295041
3708.95120676502
3883.06557974241
3821.14680827053
3572.11047643681
3724.56758723468
3691.45414988898
3658.24874258066
3625.89290684169
3719.80827902846
3934.23246258995
3595.71446765679
3681.78485247987
3669.83439018142
3524.05464224066
3605.08575071258
3557.80342666894
3550.94919808255
3840.24692707374
3817.34321278352
3821.32980225369
3852.73119894995
3736.85760298886
3789.43098553555
3468.11345203904
3669.39501975319
3756.73482195690
3712.30768692173
3751.75830309333
3701.27886807593
3697.95750492986
3785.09771905571
3840.73850199389
3678.47677629866
3733.32167411178
3677.39489731605
3894.65663807795
3614.56212122982
3644.37283385303
3723.30203145564
3448.79779254899
3567.03007498319
3589.42181199952
3695.08403038847
3569.36015040413
3649.64846144469
3744.32855935315
3899.48560600279
3733.88524114474
3534.54785869957
3661.45794918585
3577.10443725745
3872.14469709657
3729.97586714448
3779.58526068424
3857.88723416430
3724.99035503188
3597.56570355842
3619.67053454301
3693.07921849219
3838.29440831336
3794.42161892579
3407.20956494748
3635.05492512156
3677.06752459389
3649.08144045461
3576.03627884831
3679.61532012810
3641.46052657401
3711.92752411210
3745.61766954771
3582.92635837627
3692.50914973141
3712.78454288808
3777.46579441822
3635.74812627358
3693.96415247780
3713.31918727122
3405.22163703880
3737.23677155650
3698.70538779246
3552.07665586515
3384.04115864270
3676.12323340407
3710.58724885648
3656.29587546411
3600.36549351720
3657.43247441853
3747.79994219805
3653.58163140661
3742.92357582170
3511.01522997758
3550.21677131795
3707.62039587094
3566.22683783796
3771.61640011523
3614.59060465728
3709.87639099631
3896.16081279879
3723.59399187712
3667.07338222137
3686.03876039887
3442.73807834550
3460.59896266918
3862.88887520416
3784.59711924903
3914.69858291657
3819.00888842800
3681.97415128262
3807.01560240160
3672.66137160231
3726.50344829117
3771.65774828003
3497.53341750624
3899.78046617819
3923.70640011428
3778.17020881522
3766.75010121677
3873.55430532957
3834.58969758133
3838.34539373925
3834.84442215418
3888.42350673461
3664.30006931195
3689.24688206194
3624.62222968382
3756.69821882351
3731.89067068508
3608.83949915524
3878.62752713855
3831.69249784410
3716.80921284416
3834.46150970050
3677.79968041546
3648.19089134671
3684.20282530044
3664.96069861526
3923.47638622621
3717.52665655053
3447.67269254543
3711.95013928531
3586.41328858560
3708.02429675800
3712.06385637941
3710.18683754896
3676.22235734514
3556.18152571000
3578.17645943996
3804.46125152782
3629.84718884007
3482.19526789397
3769.25342483844
3582.48463399982
3659.70351930571
3627.46700300011
3562.30128313752
3619.55531976340
3589.62977474404
3787.42127703995
3720.70093356350
3729.25066033407
3646.68536539438
3623.46073285811
3840.98843327071
3734.11171824689
3532.81594200280
3691.43336703339
3649.90531013866
3844.45470216555
3622.80707802461
3726.75146985222
3688.85514320786
3707.67938521862
3649.84612849483
3761.58352249019
3547.37054080835
3548.39623199178
3732.03500688895
3516.77858339670
3779.23413306390
3710.45195836847
3544.69523804143
3675.95640580898
3795.83398332135
3665.79710284094
3565.33875776053
3736.82113527964
3644.68592006821
3897.49932977008
3558.60946408632
3756.09933941114
3556.32016454170
3557.06770226898
3895.88008874531
3673.28164341147
3692.85755252707
3829.81495943599
3406.07770909297
3497.47908152272
3570.86543364783
3615.92713349703
3749.20118903459
3590.92175023721
3449.38352293751
3656.11459210877
3526.79824099504
3602.47297099296
3741.52284549974
3610.30378055960
3614.05017747710
3606.16133854407
3553.68992696782
3525.80118751725
3657.20644887233
3648.37991937328
3557.03209922621
3698.80199235459
3530.10714819721
3879.08744615568
3671.89909540083
3555.48621425229
3702.10482637599
3513.96242729465
3533.26887061910
3587.32373938485
3885.27460517810
3642.94774550517
3624.06988908436
3727.26509785988
3694.13073210571
3437.28229350419
3772.63341143569
3626.81465091627
3693.41302620191
3623.91084974593
3724.48884908863
3509.24871405944
3723.01113070670
3742.08916897008
3668.06109826454
3655.64278154905
3614.26579517013
3786.13197354874
3591.46833079918
3723.91155492508
3775.74752770427
3669.92677996072
3645.10613444802
3653.35766769850
3707.54461747043
3729.12758776048
3628.78702689174
3709.66496441393
3661.34155129169
3570.67900849345
3898.22738148456
3771.98335561200
3663.08327849230
3494.54731489265
3835.10940352327
3625.08934435045
3558.94833625495
3618.80056526626
3809.09473137948
3711.29022753005
3804.08912917078
3650.34578281569
3783.86269294211
3783.16344901925
3906.13969938172
3795.05542890531
3488.39735553744
3574.70672657086
3885.63887547908
3688.76533399316
3815.30860325529
3613.29899670980
3576.56763788451
3739.03268548689
3555.82039453064
3774.29366055069
3567.44142568842
3630.96843149119
3916.36044185818
3681.06799606633
3641.88920872316
3544.63236252995
3652.21904131985
3758.68131240916
3670.24278561188
3615.81504457204
3549.71058336055
3661.53065159966
3560.84869965941
3695.34449198821
3633.33488844571
3566.47757665218
3506.29652370031
3586.03322679292
3845.40659393932
3536.88351870697
3470.17474668793
3854.36889969488
3662.07818079325
3669.87302464301
3841.16463770660
3757.07208830683
3660.17965315379
3615.89690580065
3630.03251821078
3599.19147270795
3607.25069593494
3795.25818030862
3641.17693383868
3584.40674214099
3556.00931042594
3535.54051435659
3700.28644162883
3721.44187925763
3752.71585858624
3672.11772790797
3748.83793541694
3686.28008844375
3873.05196972424
3856.57902812116
3541.06423499519
3685.29246879667
3731.91924196620
3657.68429598936
3735.91578183852
3657.91433356191
3776.76152580771
3676.63184999291
3471.42300050293
3534.54702737531
3707.09734185789
3797.50172488177
3733.98425903277
3542.11745364440
3804.32077622577
3551.91244417955
3534.61392550779
3498.35472550237
3667.07806040448
3743.54332831364
3477.86302852059
3967.07662531754
3606.66608228387
3860.04093971689
3628.95320712027
3430.15228264233
3543.97760178946
3523.96560286551
3610.30397544526
3801.28241046016
3704.03608918571
3495.84462760289
3643.18091169128
3945.55381867073
3659.00823900879
3860.50082934645
3525.09435254352
3781.64342604173
3605.67585780703
3515.45680680301
3588.26635322197
3747.99677024378
3653.41486530807
3589.11340317512
3499.39256873013
3523.99677251637
3615.65606312875
3441.40527457885
3883.28594954098
3462.95399496221
3622.90404393145
3762.32736417472
3645.20335207012
3800.68749778426
3674.53743925537
3593.31190160075
3705.32363286841
3695.23964978716
3725.03987961061
3648.77936374352