最优解为:332.3402
最优解路径:

Best_route =

     1     3     4     2     0
     0     0     0     0     0

本次运算用时:1.155秒
算法在第2代时收敛
>> 

best
333.093966517945
332.340221240689
332.340221240689
332.340221240689
332.340221240689
332.340221240689
332.340221240689
332.340221240689
332.340221240689
332.340221240689
332.340221240689
332.340221240689
332.340221240689
332.340221240689
332.340221240689
332.340221240689
332.340221240689
332.340221240689
332.340221240689
332.340221240689
332.340221240689
332.340221240689
332.340221240689
332.340221240689
332.340221240689
332.340221240689
332.340221240689
332.340221240689
332.340221240689
332.340221240689
332.340221240689
332.340221240689
332.340221240689
332.340221240689
332.340221240689
332.340221240689
332.340221240689
332.340221240689
332.340221240689
332.340221240689
332.340221240689
332.340221240689
332.340221240689
332.340221240689
332.340221240689
332.340221240689
332.340221240689
332.340221240689
332.340221240689
332.340221240689
332.340221240689
332.340221240689
332.340221240689
332.340221240689
332.340221240689
332.340221240689
332.340221240689
332.340221240689
332.340221240689
332.340221240689
332.340221240689
332.340221240689
332.340221240689
332.340221240689
332.340221240689
332.340221240689
332.340221240689
332.340221240689
332.340221240689
332.340221240689
332.340221240689
332.340221240689
332.340221240689
332.340221240689
332.340221240689
332.340221240689
332.340221240689
332.340221240689
332.340221240689
332.340221240689
332.340221240689
332.340221240689
332.340221240689
332.340221240689
332.340221240689
332.340221240689
332.340221240689
332.340221240689
332.340221240689
332.340221240689
332.340221240689
332.340221240689
332.340221240689
332.340221240689
332.340221240689
332.340221240689
332.340221240689
332.340221240689
332.340221240689
332.340221240689

ave
335.142121850373
335.942226444616
335.098366394377
350.379252901113
335.311665112890
335.357076486787
350.581854999833
334.769918983871
334.994233933517
333.472741040244
336.413695446419
348.926065917059
334.177705424912
334.624897222988
348.856788533056
348.241622540216
348.646322001549
333.513386042359
348.157193130517
333.634618091285
333.635531667510
334.304100859158
363.248163065161
332.992140738989
333.663776785371
347.392570153068
332.992140738989
362.429203130501
377.236355985763
347.468878439197
332.992140738989
332.666180989839
347.869854403633
332.628493725976
347.740501231135
362.814821472431
332.340221240689
362.140930645215
332.340221240689
332.666180989839
332.340221240689
332.340221240689
332.340221240689
332.340221240689
332.340221240689
347.066610403919
332.340221240689
332.340221240689
332.816571732851
332.340221240689
332.340221240689
332.340221240689
332.340221240689
332.340221240689
332.340221240689
332.340221240689
332.340221240689
332.340221240689
332.340221240689
332.340221240689
332.340221240689
332.340221240689
332.340221240689
332.340221240689
347.066610403919
332.340221240689
332.340221240689
332.340221240689
332.666180989839
332.340221240689
332.816571732851
332.340221240689
332.340221240689
332.340221240689
332.340221240689
332.340221240689
332.340221240689
332.340221240689
332.340221240689
332.340221240689
347.425094031612
332.340221240689
332.340221240689
332.340221240689
332.340221240689
332.340221240689
332.340221240689
332.340221240689
332.340221240689
332.816571732851
347.066610403919
332.340221240689
332.340221240689
332.340221240689
332.340221240689
332.340221240689
332.340221240689
332.340221240689
332.340221240689
332.340221240689