最优解为:316.9324
最优解路径:

Best_route =

     3     4     2     1     0
     0     0     0     0     0

本次运算用时:1.046秒
算法在第1代时收敛
>> 

best
316.932413128999
316.932413128999
316.932413128999
316.932413128999
316.932413128999
316.932413128999
316.932413128999
316.932413128999
316.932413128999
316.932413128999
316.932413128999
316.932413128999
316.932413128999
316.932413128999
316.932413128999
316.932413128999
316.932413128999
316.932413128999
316.932413128999
316.932413128999
316.932413128999
316.932413128999
316.932413128999
316.932413128999
316.932413128999
316.932413128999
316.932413128999
316.932413128999
316.932413128999
316.932413128999
316.932413128999
316.932413128999
316.932413128999
316.932413128999
316.932413128999
316.932413128999
316.932413128999
316.932413128999
316.932413128999
316.932413128999
316.932413128999
316.932413128999
316.932413128999
316.932413128999
316.932413128999
316.932413128999
316.932413128999
316.932413128999
316.932413128999
316.932413128999
316.932413128999
316.932413128999
316.932413128999
316.932413128999
316.932413128999
316.932413128999
316.932413128999
316.932413128999
316.932413128999
316.932413128999
316.932413128999
316.932413128999
316.932413128999
316.932413128999
316.932413128999
316.932413128999
316.932413128999
316.932413128999
316.932413128999
316.932413128999
316.932413128999
316.932413128999
316.932413128999
316.932413128999
316.932413128999
316.932413128999
316.932413128999
316.932413128999
316.932413128999
316.932413128999
316.932413128999
316.932413128999
316.932413128999
316.932413128999
316.932413128999
316.932413128999
316.932413128999
316.932413128999
316.932413128999
316.932413128999
316.932413128999
316.932413128999
316.932413128999
316.932413128999
316.932413128999
316.932413128999
316.932413128999
316.932413128999
316.932413128999
316.932413128999

ave
318.208278793643
317.998134860014
317.748135473903
317.570709340310
317.669959670969
317.331501054181
317.510080031916
332.400546273513
317.276267295779
331.878113128999
332.102576195796
332.069350723522
317.063955173531
332.008721415128
317.047342437393
316.932413128999
331.996449942552
316.986713128999
317.101642437393
346.862434151265
317.063021415128
317.123650723522
317.008721415128
317.063021415128
316.986713128999
316.932413128999
346.954421415128
331.954421415128
316.932413128999
331.878113129000
316.932413128999
331.971034151265
317.008721415128
316.986713128999
317.025334151265
316.932413128999
317.025334151265
316.932413128999
316.932413128999
316.932413128999
316.932413128999
316.932413128999
316.932413128999
316.932413128999
316.932413128999
316.932413128999
331.843833370295
316.932413128999
316.932413128999
316.932413128999
316.932413128999
316.932413128999
316.932413128999
316.932413128999
316.932413128999
316.932413128999
316.932413128999
331.878113128999
316.932413128999
316.932413128999
316.932413128999
316.932413128999
316.932413128999
331.878113128999
316.932413128999
316.932413128999
316.932413128999
316.932413128999
316.932413128999
316.932413128999
316.932413128999
316.932413128999
316.932413128999
317.008721415128
316.932413128999
316.932413128999
316.932413128999
316.932413128999
316.932413128999
316.932413128999
316.932413128999
316.932413128999
316.932413128999
316.932413128999
316.932413128999
316.932413128999
316.932413128999
316.932413128999
316.932413128999
316.932413128999
316.932413128999
316.932413128999
316.932413128999
316.932413128999
316.932413128999
316.932413128999
331.878113128999
316.932413128999
316.932413128999
316.932413128999