最优解为:2149.9003
最优解路径:

Best_route =

  1 至 24 列

     0     0     0     0     0     0     0     0     0     0     0     0     0     0     0     0     0     0     0     0     0     0     0     0
     9    10    30     8    40    26     0     0     0     0     0     0     0     0     0     0     0     0     0     0     0     0     0     0
    29    19     7     5    37    15    31    39    35    36    25    20     0     0     0     0     0     0     0     0     0     0     0     0
     1     3    33    13    14    11    12    32    16     0     0     0     0     0     0     0     0     0     0     0     0     0     0     0
    27    28    17    23    24    21    22    18     0     0     0     0     0     0     0     0     0     0     0     0     0     0     0     0
     2    34    38     6     4     0     0     0     0     0     0     0     0     0     0     0     0     0     0     0     0     0     0     0

  25 至 41 列

     0     0     0     0     0     0     0     0     0     0     0     0     0     0     0     0     0
     0     0     0     0     0     0     0     0     0     0     0     0     0     0     0     0     0
     0     0     0     0     0     0     0     0     0     0     0     0     0     0     0     0     0
     0     0     0     0     0     0     0     0     0     0     0     0     0     0     0     0     0
     0     0     0     0     0     0     0     0     0     0     0     0     0     0     0     0     0
     0     0     0     0     0     0     0     0     0     0     0     0     0     0     0     0     0

本次运算用时:247.065秒
算法在第385代时收敛

best
2219.13454352712
2219.13454352712
2219.13454352712
2219.13454352712
2219.13454352712
2219.13454352712
2219.13454352712
2219.13454352712
2219.13454352712
2219.13454352712
2219.13454352712
2219.13454352712
2219.13454352712
2219.13454352712
2219.13454352712
2219.13454352712
2219.13454352712
2219.13454352712
2219.13454352712
2219.13454352712
2219.13454352712
2219.13454352712
2219.13454352712
2219.13454352712
2219.13454352712
2219.13454352712
2219.13454352712
2219.13454352712
2219.13454352712
2219.13454352712
2219.13454352712
2219.13454352712
2219.13454352712
2219.13454352712
2219.13454352712
2219.13454352712
2219.13454352712
2219.13454352712
2219.13454352712
2219.13454352712
2219.13454352712
2219.13454352712
2219.13454352712
2219.13454352712
2219.13454352712
2219.13454352712
2219.13454352712
2219.13454352712
2219.13454352712
2219.13454352712
2219.13454352712
2219.13454352712
2219.13454352712
2219.13454352712
2219.13454352712
2219.13454352712
2219.13454352712
2219.13454352712
2219.13454352712
2219.13454352712
2219.13454352712
2219.13454352712
2219.13454352712
2219.13454352712
2219.13454352712
2219.13454352712
2219.13454352712
2219.13454352712
2219.13454352712
2219.13454352712
2219.13454352712
2219.13454352712
2219.13454352712
2219.13454352712
2219.13454352712
2219.13454352712
2219.13454352712
2219.13454352712
2219.13454352712
2219.13454352712
2219.13454352712
2219.13454352712
2219.13454352712
2219.13454352712
2219.13454352712
2219.13454352712
2219.13454352712
2219.13454352712
2219.13454352712
2219.13454352712
2219.13454352712
2219.13454352712
2219.13454352712
2219.13454352712
2219.13454352712
2219.13454352712
2219.13454352712
2219.13454352712
2219.13454352712
2219.13454352712
2219.13454352712
2219.13454352712
2219.13454352712
2219.13454352712
2219.13454352712
2197.54463930310
2197.54463930310
2197.54463930310
2197.54463930310
2197.54463930310
2197.54463930310
2197.54463930310
2197.54463930310
2197.54463930310
2197.54463930310
2197.54463930310
2197.54463930310
2197.54463930310
2197.54463930310
2197.54463930310
2197.54463930310
2197.54463930310
2197.54463930310
2197.54463930310
2197.54463930310
2197.54463930310
2197.54463930310
2197.54463930310
2197.54463930310
2197.54463930310
2197.54463930310
2197.54463930310
2197.54463930310
2197.54463930310
2197.54463930310
2197.54463930310
2197.54463930310
2197.54463930310
2197.54463930310
2197.54463930310
2197.54463930310
2197.54463930310
2197.54463930310
2197.54463930310
2197.54463930310
2197.54463930310
2197.54463930310
2197.54463930310
2197.54463930310
2197.54463930310
2197.54463930310
2197.54463930310
2197.54463930310
2197.54463930310
2197.54463930310
2197.54463930310
2197.54463930310
2197.54463930310
2197.54463930310
2197.54463930310
2197.54463930310
2197.54463930310
2197.54463930310
2197.54463930310
2197.54463930310
2197.54463930310
2197.54463930310
2197.54463930310
2197.54463930310
2197.54463930310
2197.54463930310
2197.54463930310
2197.54463930310
2197.54463930310
2197.54463930310
2197.54463930310
2197.54463930310
2197.54463930310
2197.54463930310
2197.54463930310
2197.54463930310
2197.54463930310
2197.54463930310
2197.49206765032
2197.49206765032
2197.49206765032
2197.49206765032
2197.49206765032
2197.49206765032
2197.49206765032
2197.49206765032
2197.49206765032
2197.49206765032
2197.49206765032
2197.49206765032
2197.49206765032
2197.49206765032
2197.49206765032
2197.49206765032
2197.49206765032
2197.49206765032
2197.49206765032
2197.49206765032
2191.24341616143
2191.24341616143
2191.24341616143
2191.24341616143
2191.24341616143
2191.24341616143
2191.24341616143
2191.24341616143
2191.24341616143
2191.24341616143
2191.24341616143
2191.24341616143
2191.24341616143
2191.24341616143
2191.24341616143
2191.24341616143
2191.24341616143
2188.82985861926
2188.82985861926
2188.82985861926
2188.82985861926
2188.82985861926
2188.82985861926
2188.82985861926
2188.82985861926
2188.82985861926
2188.82985861926
2188.82985861926
2188.82985861926
2188.82985861926
2188.82985861926
2188.82985861926
2188.82985861926
2188.82985861926
2188.82985861926
2188.82985861926
2188.82985861926
2188.82985861926
2188.82985861926
2188.82985861926
2188.82985861926
2188.82985861926
2188.82985861926
2188.82985861926
2188.82985861926
2188.69449655559
2188.69449655559
2188.69449655559
2188.69449655559
2188.69449655559
2188.69449655559
2188.69449655559
2188.69449655559
2188.69449655559
2188.69449655559
2188.69449655559
2188.69449655559
2188.69449655559
2188.69449655559
2188.69449655559
2188.69449655559
2188.69449655559
2188.69449655559
2188.69449655559
2188.69449655559
2188.69449655559
2188.69449655559
2188.69449655559
2188.69449655559
2188.69449655559
2188.69449655559
2188.69449655559
2188.69449655559
2188.69449655559
2188.69449655559
2188.69449655559
2188.69449655559
2188.69449655559
2188.69449655559
2188.69449655559
2188.69449655559
2188.69449655559
2188.69449655559
2188.69449655559
2188.69449655559
2188.69449655559
2188.69449655559
2188.69449655559
2188.69449655559
2188.69449655559
2188.69449655559
2188.69449655559
2188.69449655559
2188.69449655559
2188.69449655559
2188.69449655559
2188.69449655559
2188.69449655559
2188.69449655559
2188.69449655559
2188.69449655559
2188.69449655559
2188.69449655559
2188.69449655559
2188.69449655559
2188.69449655559
2188.69449655559
2188.69449655559
2188.69449655559
2188.69449655559
2188.69449655559
2188.69449655559
2188.69449655559
2188.69449655559
2188.69449655559
2188.69449655559
2188.69449655559
2188.69449655559
2188.69449655559
2188.69449655559
2188.69449655559
2188.69449655559
2188.58652641432
2188.58652641432
2188.58652641432
2188.58652641432
2188.58652641432
2188.58652641432
2188.58652641432
2188.58652641432
2188.58652641432
2188.58652641432
2188.58652641432
2188.58652641432
2188.58652641432
2188.58652641432
2188.58652641432
2188.58652641432
2188.58652641432
2188.58652641432
2188.58652641432
2188.58652641432
2188.58652641432
2188.58652641432
2188.58652641432
2188.58652641432
2188.58652641432
2188.58652641432
2188.58652641432
2188.58652641432
2188.58652641432
2188.58652641432
2188.58652641432
2188.58652641432
2188.58652641432
2188.58652641432
2188.58652641432
2188.58652641432
2188.58652641432
2188.58652641432
2188.58652641432
2188.58652641432
2188.58652641432
2188.58652641432
2188.58652641432
2188.58652641432
2188.58652641432
2188.58652641432
2188.58652641432
2188.58652641432
2188.58652641432
2188.58652641432
2188.58652641432
2188.58652641432
2188.58652641432
2188.58652641432
2188.58652641432
2188.58652641432
2188.58652641432
2188.58652641432
2188.58652641432
2149.90033035857
2149.90033035857
2149.90033035857
2149.90033035857
2149.90033035857
2149.90033035857
2149.90033035857
2149.90033035857
2149.90033035857
2149.90033035857
2149.90033035857
2149.90033035857
2149.90033035857
2149.90033035857
2149.90033035857
2149.90033035857
2149.90033035857
2149.90033035857
2149.90033035857
2149.90033035857
2149.90033035857
2149.90033035857
2149.90033035857
2149.90033035857
2149.90033035857
2149.90033035857
2149.90033035857
2149.90033035857
2149.90033035857
2149.90033035857
2149.90033035857
2149.90033035857
2149.90033035857
2149.90033035857
2149.90033035857
2149.90033035857
2149.90033035857
2149.90033035857
2149.90033035857
2149.90033035857
2149.90033035857
2149.90033035857
2149.90033035857
2149.90033035857
2149.90033035857
2149.90033035857
2149.90033035857
2149.90033035857
2149.90033035857
2149.90033035857
2149.90033035857
2149.90033035857
2149.90033035857
2149.90033035857
2149.90033035857
2149.90033035857
2149.90033035857
2149.90033035857
2149.90033035857
2149.90033035857
2149.90033035857
2149.90033035857
2149.90033035857
2149.90033035857
2149.90033035857
2149.90033035857
2149.90033035857
2149.90033035857
2149.90033035857
2149.90033035857
2149.90033035857
2149.90033035857
2149.90033035857
2149.90033035857
2149.90033035857
2149.90033035857
2149.90033035857
2149.90033035857
2149.90033035857
2149.90033035857
2149.90033035857
2149.90033035857
2149.90033035857
2149.90033035857
2149.90033035857
2149.90033035857
2149.90033035857
2149.90033035857
2149.90033035857
2149.90033035857
2149.90033035857
2149.90033035857
2149.90033035857
2149.90033035857
2149.90033035857
2149.90033035857
2149.90033035857
2149.90033035857
2149.90033035857
2149.90033035857
2149.90033035857
2149.90033035857
2149.90033035857
2149.90033035857
2149.90033035857
2149.90033035857
2149.90033035857
2149.90033035857
2149.90033035857
2149.90033035857
2149.90033035857
2149.90033035857
2149.90033035857
2149.90033035857
2149.90033035857
2149.90033035857

ave
3101.84393577825
3149.19421603465
3121.47972562084
3114.14611537718
3097.58545106470
3102.01243191066
3161.00932297340
3074.01994732517
3193.14156597319
3169.18159156311
3153.47371441171
3140.98309067407
3135.46848342432
3027.03066256667
3170.88714441632
3176.57578999009
3313.03535961451
3254.64644407916
3299.02382909687
3209.20641947176
3268.03211567009
3105.03254982236
3148.48361389796
3179.04674491284
3159.67184230885
3217.54635166572
3225.81906420510
3079.55240746639
3145.77681077451
3133.46628281874
3130.62671400519
3166.84165567191
3167.72890191747
3230.54580177522
2987.93219543363
3251.20449389689
3153.73900139841
3186.85587130504
3250.95689616003
3186.09319785030
3181.27343695800
3234.91954238865
3237.27642641010
3099.28823755131
3109.60547555097
3323.51061744424
3065.15698856054
3280.66243563625
3112.04562218233
3274.84856447949
3094.87030114314
3239.47977419579
3121.99860975518
3206.02040841598
3168.21226191779
3204.29392233495
3130.89186240683
3058.03397872979
3122.67631188876
3134.70750095841
3121.32100419428
3089.07377198050
3076.22366714800
3157.40168976741
3122.40420848189
3038.54620603201
3184.18294197357
3062.86346202879
3188.09451196658
2948.35607000448
2700.63856989499
2883.76092725526
2893.19822775997
2754.55224903176
2918.49040918397
2866.30246672736
2856.98126248016
2751.62530098169
2769.49172190413
2862.24058359816
2683.83952414544
2909.09633504956
2725.61133983126
2852.88421545815
2898.71913363518
2858.35741771259
2815.50906100600
2706.59585980171
2725.04372041658
2892.85124460638
2760.48704579856
2623.43761978136
2704.65106041632
2641.57432201288
2753.37691877691
2819.51501913330
2640.79042240049
2908.01455223417
2478.96717075510
2566.66285116214
2795.72141749724
2593.96742798795
2749.63963614193
2646.06870209487
2742.28315585286
2771.36930715776
2712.14500280366
2759.42094871146
2763.29439574845
2595.04247251528
2720.74633460114
2545.80800634030
2584.82410103697
2714.37079092660
2606.71932280712
2804.43695217660
2709.35508372623
2672.61896508174
2789.20822293285
2527.15412051437
2589.71785169530
2719.84783247792
2562.52271622125
2734.76937733701
2583.24448882662
2783.48159875384
2610.96506217665
2662.47008707708
2636.45823408561
2719.72659010898
2623.67375247312
2578.81935443570
2533.90193857318
2607.75930208344
2583.32824779750
2589.90804710448
2542.14438075130
2671.90073714518
2718.49969671696
2660.61967107937
2573.70578590837
2616.67861901918
2801.22744625438
2577.12833747051
2539.37671865901
2475.57410199331
2779.92814158243
2537.99331200572
2436.48336464418
2563.76643792492
2775.26909870272
2629.71421574501
2436.11161913214
2524.46414162790
2598.29430334309
2535.68757809931
2572.29184207848
2697.53764736166
2569.46910766965
2487.79660703667
2561.27496754536
2507.47928433874
2468.65894574796
2502.41937373060
2696.39195112453
2516.39494239990
2466.12787320936
2656.88610898300
2679.90414606074
2767.16870679406
2687.95348495120
2681.45347203670
2540.08404970595
2606.90338454037
2620.41213320605
2634.53917514321
2605.86006492988
2503.07271047326
2493.35271763611
2541.49080679238
2520.05317376087
2515.40726087478
2674.56847897251
2643.28482371738
2557.53826181625
2442.38465366050
2582.13268345596
2550.62271342232
2578.57313887847
2610.07119471414
2562.46482421169
2580.43831486916
2541.65325816508
2525.32252167890
2543.65579388318
2569.89796847506
2561.17431805684
2685.54120768920
2507.94915270567
2599.58701017408
2429.10219313931
2443.80035919258
2750.87469313351
2425.95283856506
2552.66269894346
2570.75916764512
2520.15018863190
2560.63471541468
2562.55779397773
2521.58844529106
2648.62251201540
2576.02971147817
2587.28816378353
2613.67102589473
2782.43606091976
2736.86789745413
2924.59546485584
2582.93186760478
2637.07690256477
2644.09731403815
2626.96205413812
2618.98022894010
2658.09527490272
2706.75545414139
2663.47464120010
2572.40201604454
2804.21122731047
2636.02683274705
2780.09769147860
2732.61435846155
2482.07362959185
2712.35893790057
2675.90218210639
2781.54133764752
2672.54583124999
2615.99615455003
2626.61858531502
2695.69654074692
2616.83950433393
2606.75524948200
2687.15560160777
2668.32718729787
2612.65910072026
2656.35999663691
2701.53515673487
2574.27330071667
2611.20368891792
2747.32888557687
2646.42270368862
2530.51979135166
2705.10155520417
2582.22028234322
2708.71422512982
2790.42292339724
2757.36355880715
2705.34071541775
2486.38116052323
2662.60407613608
2630.78495990576
2599.44757683874
2777.98960431324
2589.57947208130
2792.72416666884
2591.63526672171
2489.20142397119
2660.53576526849
2696.96391326548
2623.11674390356
2623.17448692778
2590.20240040060
2592.95979067713
2678.65424259095
2606.66048158211
2528.20787748434
2522.49976741699
2816.46838238678
2738.73854403964
2656.71880952415
2702.78034539797
2552.70760019683
2689.67495145291
2491.51054056358
2796.41645569361
2567.73898685789
2734.42261769167
2736.09420340038
2831.39212967220
2607.58118168341
2752.09023031394
2718.91472758521
2564.22272265068
2640.15686904100
2535.33483155932
2741.83134474867
2808.21648617012
2670.56701169633
2583.90773376763
2724.98808510546
2759.93729556120
2552.01702576933
2591.05314662890
2754.58925250462
2664.61989486040
2419.05784774351
2655.82089955982
2702.51708817747
2742.31083625547
2643.31607056600
2865.45626660711
2552.08876174153
2719.24606406691
2671.80656746016
2600.36240575839
2573.07394659014
2805.33174248358
2599.30780817595
2690.08755419286
2610.62099025086
2579.73209878357
2629.16316645185
2750.47260452104
2728.66536110989
2785.89235135855
2783.09507848582
2534.86795565983
2451.68843437417
2761.46601853012
2680.06216744071
2722.49114953478
2888.69522947102
2816.79757960841
2880.26262975664
2841.38089639715
2654.28913250717
2647.45452496309
2664.25711073994
2808.03645103386
2759.41076130171
2727.60404495045
2575.95536508460
2774.61145139693
2671.46737916479
2676.57544695389
2788.32771862072
2807.20092312231
2762.06299773009
2754.99998671798
2654.17329518170
2867.80251018871
2782.38658202076
2739.31434577528
2910.23574333779
2789.41329651738
2721.63714810178
2813.35218230869
2816.13626120346
2700.55554277450
2603.07869633215
2763.76429500593
2797.87714044585
2747.98868519396
2861.86871087824
2738.53333580311
2826.34811179452
2806.70442835248
2898.10214185523
2599.54743339201
2841.59570321533
2917.49259992363
2784.84049859821
2854.24648836474
2657.20415776931
2634.13180364622
2820.46863075177
2698.35380127221
2809.43625663542
2863.18963352100
2754.30108318420
2667.76567092988
2737.41796734187
2783.50010895051
2585.88561542344
2819.92669197369
2870.64679162558
2584.29449016583
2827.24825035967
2731.86789907893
2770.30159622153
2658.58397247206
2790.45460082474
2704.51623751461
2622.11218359608
2708.26346491844
2710.78545911580
2787.32590601203
2854.52831259473
2695.79622056722
2872.54150182141
2723.46167042507
2835.29537150404
2905.69836250386
2834.70455232792
2799.07168380036
2888.25944155984
2892.42758642356
3037.34509580190
2945.66272636232
2771.91178108888
2635.55296393466
2678.26978571466
2758.80205442320
2946.27710553039
2683.06436170096
2914.49503849226
2686.52907032075
2873.89561654487
2765.28843376722
2731.55943646105
2785.63639030735
2773.52489821194
2882.16131843945
2567.79577571148
2793.23292598105
2698.85269849941
2718.96067777281
2807.13274434757
2952.08260476289
2844.57807983434
2796.60798551952
2838.29416849870
2781.95223158781
2940.90446057897
2831.38396637460
2768.36292766191
2663.11714405062
2759.98792794928
2634.99805413516
2918.33623833596
2690.76055624563
2741.07354608065
2785.20522843752
2817.37606395179
2702.97059401228
2859.33866673517
2627.17647740885
2863.70312169786
2771.60356088267
2650.86536950535
2786.92087029779
2816.33716974947
2708.88591279323
2726.74552466421
2764.12561341961
2868.99510330160
2631.99873670162
2835.18841261947
2623.03175216398
2778.60360381910
2977.37664493050
2962.15517740191
2673.27133640485
2890.05441405759
2751.91576602108
2973.07048867797
2617.51070980100
2606.05948950005
2734.14823231282
2927.38667671246
2852.14856668414
2796.13188566024
2768.65222081835
2635.28150326408
2654.70235634235
2688.27115332517
2869.99656932482
2644.33358307501
2807.88626590959
2729.98107619894
2938.87206458511
2724.45264359688
2749.27940139952
2717.23383499653
2738.68119320114
2714.15666773050
2819.72233936303
2626.29700157737
2814.20203560166
2835.02776780571
2697.87202768583
2835.30517731802
2849.25873338759
2736.69472777152
2819.07827692023
2871.70770136142
2835.03126738614
2666.51618336056
2655.87578161912
2896.25985040207
2809.09743715430
2728.68077622682