实验环境：
VeiNum = 5（drop6辆）
Q_ant =300
AntNum = 25
iter_max = 500

cus：
40	50
40	50
40	50
32	30
0	45
28	52
30	50
60	80
45	68
40	69
44	5
95	30
88	35
40	5
28	30
88	30
35	66
2	40
23	55
65	55
85	25
25	30
35	32

task：
2	4	1	0	1
4	3	2	1	0
2	5	1	0	1
5	3	2	3	0
2	6	1	0	1
6	3	2	5	0
2	7	1	0	1
7	3	2	7	0
3	8	3	0	1
8	2	4	9	0
3	9	3	0	1
9	2	4	11	0
2	10	1	0	1
10	3	2	13	0
2	11	1	0	1
11	3	2	15	0
2	12	1	0	1
12	3	2	17	0
2	13	1	0	1
13	3	2	19	0
3	14	3	0	1
14	2	4	21	0
2	15	1	0	1
15	3	2	23	0
3	16	3	0	1
16	2	4	25	0
3	17	3	0	1
17	2	4	27	0
2	18	1	0	1
18	3	2	29	0
2	19	1	0	1
19	3	2	31	0
2	20	1	0	1
20	3	2	33	0
2	21	1	0	1
21	3	2	35	0
2	22	1	0	1
22	3	2	37	0
2	23	1	0	1
23	3	2	39	0


抽取的客户节点编号为

Cus_select =

    44    39    22    20    96     1     6    53    70    78    56    48    77    10    37    28    87    80    51    41

各任务对应的的客户节点编号为

Task_Cus =

    44    39    22    20    96     1     6    53    70    78    56    48    77    10    37    28    87    80    51    41



Task_size: 40



Tasktime:
0
1.20518314738012
0.166666666666667
1.67444888520399
0.166666666666667
0.970804793181578
0.166666666666667
0.916666666666667
0.166666666666667
0.166666666666667
1.56805448553266
0.166666666666667
1.13370520897340
1.14166666666667
0.166666666666667
1.79610236647432
0.166666666666667
2.12975415550662
0.166666666666667
1.92389576273468
0.166666666666667
0.166666666666667
1.79166666666667
1.24976185615120
0.166666666666667
0.166666666666667
1.96666666666667
0.166666666666667
1.08574303202267
1.64901080188609
0.166666666666667
1.10966779533340
0.166666666666667
1.30404410586577
0.166666666666667
1.95362043429004
0.166666666666667
1.29166666666667
0.166666666666667
1.13370520897340
0.166666666666667



Linktime:
0	0	0.538516480713450	0	1.00778221853732	0	0.304138126514911	0	0.250000000000000	1.40138781886600	0.901387818865997	0.967038542306735	0.467038542306735	0	0.475000000000000	0	1.12943569980765	0	1.46308748883995	0	1.25722909606802	1.62500000000000	1.12500000000000	0	0.583095189484530	1.80000000000000	1.30000000000000	0.919076365356005	0.419076365356005	0	0.982344135219425	0	0.443001128666734	0	0.637377439199098	0	1.28695376762338	0	0.625000000000000	0	0.467038542306735
0.538516480713450	0.705183147380117	0	0.705183147380117	35.3411940941446	0.705183147380117	22.3606797749979	0.705183147380117	20.0997512422418	2.10657096624611	1.43265487818944	1.67222168968685	1.00405428140116	0.705183147380117	39.8120584747888	0.705183147380117	27.7308492477241	0.705183147380117	63	0.705183147380117	56.2227711874824	2.33018314738012	0.656220237420334	0.705183147380117	4	2.50518314738012	1.40000000000000	1.62425951273612	0.903119593409422	0.705183147380117	31.6227766016838	0.705183147380117	26.5706605111728	0.705183147380117	41.4004830889689	0.705183147380117	53.2353266168247	0.705183147380117	7	0.705183147380117	3.60555127546399
1.03851648071345	1.03851648071345	1.74369962809357	1.03851648071345	2.21296536591744	1.03851648071345	1.50932127389503	1.03851648071345	1.45518314738012	1.43265487818944	2.10657096624611	1.00405428140116	1.67222168968685	1.03851648071345	1.68018314738012	1.03851648071345	2.33461884718777	1.03851648071345	2.66827063622007	1.03851648071345	2.46241224344813	0.656220237420334	2.33018314738012	1.03851648071345	1.78827833686465	1.40000000000000	2.50518314738012	0.903119593409422	1.62425951273612	1.03851648071345	2.18752728259954	1.03851648071345	1.64818427604685	1.03851648071345	1.84256058657922	1.03851648071345	2.49213691500349	1.03851648071345	1.83018314738012	1.03851648071345	1.67222168968685
1.00778221853732	1.17444888520399	35.3411940941446	1.17444888520399	0	1.17444888520399	28.8617393793236	1.17444888520399	30.4138126514911	2.57583670406998	1.73655549868123	2.14148742751072	1.26342787684933	1.17444888520399	46.6476151587624	1.17444888520399	59.4642749892740	1.17444888520399	96.1769203083567	1.17444888520399	88.5663593019381	2.79944888520399	1.41421356237310	1.17444888520399	31.7647603485372	2.97444888520399	2.23173139064718	2.09352525055999	1.02041658159793	1.17444888520399	5.38516480713450	1.17444888520399	25.0798724079689	1.17444888520399	65.7647321898295	1.17444888520399	87.3212459828649	1.17444888520399	29.1547594742265	1.17444888520399	37.3363094051889
1.50778221853732	1.50778221853732	2.21296536591744	1.50778221853732	2.68223110374130	1.50778221853732	1.97858701171890	1.50778221853732	1.92444888520399	1.73655549868123	2.57583670406998	1.26342787684933	2.14148742751072	1.50778221853732	2.14944888520399	1.50778221853732	2.80388458501164	1.50778221853732	3.13753637404394	1.50778221853732	2.93167798127200	1.41421356237310	2.79944888520399	1.50778221853732	2.25754407468852	2.23173139064718	2.97444888520399	1.02041658159793	2.09352525055999	1.50778221853732	2.65679302042341	1.50778221853732	2.11745001387072	1.50778221853732	2.31182632440308	1.50778221853732	2.96140265282736	1.50778221853732	2.29944888520399	1.50778221853732	2.14148742751072
0.304138126514911	0.470804793181578	22.3606797749979	0.470804793181578	28.8617393793236	0.470804793181578	0	0.470804793181578	2.82842712474619	1.87219261204758	1.06301458127347	1.43784333548831	0.583630876496438	0.470804793181578	20.8086520466848	0.470804793181578	49.6487663492256	0.470804793181578	70.5195008490559	0.470804793181578	62.3618473106755	2.09580479318158	1.21269328356349	0.470804793181578	22	2.27080479318158	1.59765453086705	1.38988115853758	0.391311896062463	0.470804793181578	28.6356421265527	0.470804793181578	5.83095189484530	0.470804793181578	37.1214223865412	0.470804793181578	63.0713881248859	0.470804793181578	22.2036033111745	0.470804793181578	21.1896201004171
0.804138126514911	0.804138126514911	1.50932127389503	0.804138126514911	1.97858701171890	0.804138126514911	1.27494291969649	0.804138126514911	1.22080479318158	1.06301458127347	1.87219261204758	0.583630876496438	1.43784333548831	0.804138126514911	1.44580479318158	0.804138126514911	2.10024049298923	0.804138126514911	2.43389228202153	0.804138126514911	2.22803388924959	1.21269328356349	2.09580479318158	0.804138126514911	1.55389998266611	1.59765453086705	2.27080479318158	0.391311896062463	1.38988115853758	0.804138126514911	1.95314892840100	0.804138126514911	1.41380592184831	0.804138126514911	1.60818223238068	0.804138126514911	2.25775856080495	0.804138126514911	1.59580479318158	0.804138126514911	1.43784333548831
0.250000000000000	0.416666666666667	20.0997512422418	0.416666666666667	30.4138126514911	0.416666666666667	2.82842712474619	0.416666666666667	0	1.81805448553266	1.06066017177982	1.38370520897340	0.585768725692999	0.416666666666667	21.4709105535839	0.416666666666667	47.1274866717927	0.416666666666667	68.0073525436772	0.416666666666667	59.9082632030006	2.04166666666667	1.15244305716161	0.416666666666667	20.0997512422418	2.21666666666667	1.53378616501780	1.33574303202267	0.419076365356005	0.416666666666667	29.7321374946370	0.416666666666667	8.60232526704263	0.416666666666667	35.3553390593274	0.416666666666667	60.4152298679729	0.416666666666667	20.6155281280883	0.416666666666667	18.6815416922694
0.750000000000000	0.750000000000000	1.45518314738012	0.750000000000000	1.92444888520399	0.750000000000000	1.22080479318158	0.750000000000000	1.16666666666667	1.06066017177982	1.81805448553266	0.585768725692999	1.38370520897340	0.750000000000000	1.39166666666667	0.750000000000000	2.04610236647432	0.750000000000000	2.37975415550662	0.750000000000000	2.17389576273468	1.15244305716161	2.04166666666667	0.750000000000000	1.49976185615120	1.53378616501780	2.21666666666667	0.419076365356005	1.33574303202267	0.750000000000000	1.89901080188609	0.750000000000000	1.35966779533340	0.750000000000000	1.55404410586576	0.750000000000000	2.20362043429004	0.750000000000000	1.54166666666667	0.750000000000000	1.38370520897340
0.901387818865997	1.06805448553266	1.43265487818944	1.06805448553266	1.73655549868123	1.06805448553266	1.06301458127347	1.06805448553266	1.06066017177982	2.46944230439866	0	2.03509302783940	0.480234317807464	1.06805448553266	0.570635610525666	1.06805448553266	1.91719195700378	1.06805448553266	1.52581945196671	1.06805448553266	1.32500000000000	2.69305448553266	1.94052183703250	1.06805448553266	1.48408220796558	2.86805448553266	1.43265487818944	1.98713085088867	0.716327439094720	1.06805448553266	1.76139149538085	1.06805448553266	1.11635567808831	1.06805448553266	0.637377439199098	1.06805448553266	1.51038074669932	1.06805448553266	1.52581945196671	1.06805448553266	1.35300591277348
0	0	0.705183147380117	0	1.17444888520399	0	0.470804793181578	0	0.416666666666667	1.40138781886600	1.06805448553266	0.967038542306735	0.633705208973402	0	0.641666666666667	0	1.29610236647432	0	1.62975415550662	0	1.42389576273468	1.62500000000000	1.29166666666667	0	0.749761856151197	1.80000000000000	1.46666666666667	0.919076365356005	0.585743032022672	0	1.14901080188609	0	0.609667795333400	0	0.804044105865765	0	1.45362043429004	0	0.791666666666667	0	0.633705208973402
0.467038542306735	0.633705208973402	1.00405428140116	0.633705208973402	1.26342787684933	0.633705208973402	0.583630876496438	0.633705208973402	0.585768725692999	2.03509302783940	0.480234317807464	1.60074375128014	0	0.633705208973402	0.127475487839820	0.633705208973402	1.57519840020234	0.633705208973402	1.57003184681076	0.633705208973402	1.35508302328677	2.25870520897340	1.57995253093250	0.633705208973402	1.04073291482493	2.43370520897340	1.43461667354036	1.55278157432941	0.254950975679639	0.633705208973402	1.28281916106675	0.633705208973402	0.638846616959032	0.633705208973402	0.596343022093828	0.633705208973402	1.46820468600260	0.633705208973402	1.07354552767919	0.633705208973402	0.934077084613470
0	0	0.705183147380117	0	1.17444888520399	0	0.470804793181578	0	0.416666666666667	1.40138781886600	1.06805448553266	0.967038542306735	0.633705208973402	0	0.641666666666667	0	1.29610236647432	0	1.62975415550662	0	1.42389576273468	1.62500000000000	1.29166666666667	0	0.749761856151197	1.80000000000000	1.46666666666667	0.919076365356005	0.585743032022672	0	1.14901080188609	0	0.609667795333400	0	0.804044105865765	0	1.45362043429004	0	0.791666666666667	0	0.633705208973402
0.475000000000000	0.641666666666667	39.8120584747888	0.641666666666667	46.6476151587624	0.641666666666667	20.8086520466848	0.641666666666667	21.4709105535839	2.04305448553266	0.570635610525666	1.60870520897340	0.127475487839820	0.641666666666667	0	0.641666666666667	64.1248781675256	0.641666666666667	67.4240313241503	0.641666666666667	58.8217646794110	2.26666666666667	1.60000000000000	0.641666666666667	40.8044115262063	2.44166666666667	1.54616460960662	1.56074303202267	0.145773797371133	0.641666666666667	47.8016736108685	0.641666666666667	22.0227155455452	0.641666666666667	28.6530975637888	0.641666666666667	62.9364759102383	0.641666666666667	41.7851648315524	0.641666666666667	37.3363094051889
0.975000000000000	0.975000000000000	1.68018314738012	0.975000000000000	2.14944888520399	0.975000000000000	1.44580479318158	0.975000000000000	1.39166666666667	0.570635610525666	2.04305448553266	0.127475487839820	1.60870520897340	0.975000000000000	1.61666666666667	0.975000000000000	2.27110236647432	0.975000000000000	2.60475415550662	0.975000000000000	2.39889576273468	1.60000000000000	2.26666666666667	0.975000000000000	1.72476185615120	1.54616460960662	2.44166666666667	0.145773797371133	1.56074303202267	0.975000000000000	2.12401080188609	0.975000000000000	1.58466779533340	0.975000000000000	1.77904410586577	0.975000000000000	2.42862043429004	0.975000000000000	1.76666666666667	0.975000000000000	1.60870520897340
1.12943569980765	1.29610236647432	27.7308492477241	1.29610236647432	59.4642749892740	1.29610236647432	49.6487663492256	1.29610236647432	47.1274866717927	2.69749018534032	1.91719195700378	2.26314090878105	1.57519840020234	1.29610236647432	64.1248781675256	1.29610236647432	0	1.29610236647432	56.7978872846517	1.29610236647432	53.2541078227774	2.92110236647432	0.100000000000000	1.29610236647432	29.6816441593117	3.09610236647432	1.26515809288800	2.21517873183032	1.54150900094680	1.29610236647432	54.6717477313466	1.29610236647432	54.2309874518250	1.29610236647432	54.2309874518250	1.29610236647432	45.6179789118282	1.29610236647432	31.4006369362152	1.29610236647432	28.4604989415154
1.62943569980765	1.62943569980765	2.33461884718777	1.62943569980765	2.80388458501164	1.62943569980765	2.10024049298923	1.62943569980765	2.04610236647432	1.91719195700378	2.69749018534032	1.57519840020234	2.26314090878105	1.62943569980765	2.27110236647432	1.62943569980765	2.92553806628197	1.62943569980765	3.25918985531427	1.62943569980765	3.05333146254233	0.100000000000000	2.92110236647432	1.62943569980765	2.37919755595885	1.26515809288800	3.09610236647432	1.54150900094680	2.21517873183032	1.62943569980765	2.77844650169374	1.62943569980765	2.23910349514105	1.62943569980765	2.43347980567342	1.62943569980765	3.08305613409769	1.62943569980765	2.42110236647432	1.62943569980765	2.26314090878105
1.46308748883995	1.62975415550662	63	1.62975415550662	96.1769203083567	1.62975415550662	70.5195008490559	1.62975415550662	68.0073525436772	3.03114197437262	1.52581945196671	2.59679269781336	1.57003184681076	1.62975415550662	67.4240313241503	1.62975415550662	56.7978872846517	1.62975415550662	0	1.62975415550662	8.60232526704263	3.25475415550662	1.51038074669932	1.62975415550662	67	3.42975415550662	0.175000000000000	2.54883052086263	1.74928556845359	1.62975415550662	93.5360892917809	1.62975415550662	76.2167960491649	1.62975415550662	39.0512483795333	1.62975415550662	11.1803398874989	1.62975415550662	70	1.62975415550662	60.0333240792145
1.96308748883995	1.96308748883995	2.66827063622007	1.96308748883995	3.13753637404394	1.96308748883995	2.43389228202153	1.96308748883995	2.37975415550662	1.52581945196671	3.03114197437262	1.57003184681076	2.59679269781336	1.96308748883995	2.60475415550662	1.96308748883995	3.25918985531427	1.96308748883995	3.59284164434657	1.96308748883995	3.38698325157464	1.51038074669932	3.25475415550662	1.96308748883995	2.71284934499115	0.175000000000000	3.42975415550662	1.74928556845359	2.54883052086263	1.96308748883995	3.11209829072604	1.96308748883995	2.57275528417335	1.96308748883995	2.76713159470572	1.96308748883995	3.41670792313000	1.96308748883995	2.75475415550662	1.96308748883995	2.59679269781336
1.25722909606802	1.42389576273468	56.2227711874824	1.42389576273468	88.5663593019381	1.42389576273468	62.3618473106755	1.42389576273468	59.9082632030006	2.82528358160068	1.32500000000000	2.39093430504142	1.35508302328677	1.42389576273468	58.8217646794110	1.42389576273468	53.2541078227774	1.42389576273468	8.60232526704263	1.42389576273468	0	3.04889576273468	1.41509716980849	1.42389576273468	60.2079728939615	3.22389576273468	0.125000000000000	2.34297212809069	1.53500814330088	1.42389576273468	86.1452262171271	1.42389576273468	68.0073525436772	1.42389576273468	30.4795013082563	1.42389576273468	10.4403065089106	1.42389576273468	63.1981012372998	1.42389576273468	53.0848377599480
1.75722909606802	1.75722909606802	2.46241224344813	1.75722909606802	2.93167798127200	1.75722909606802	2.22803388924959	1.75722909606802	2.17389576273468	1.32500000000000	2.82528358160068	1.35508302328677	2.39093430504142	1.75722909606802	2.39889576273468	1.75722909606802	3.05333146254233	1.75722909606802	3.38698325157464	1.75722909606802	3.18112485880270	1.41509716980849	3.04889576273468	1.75722909606802	2.50699095221921	0.125000000000000	3.22389576273468	1.53500814330088	2.34297212809069	1.75722909606802	2.90623989795411	1.75722909606802	2.36689689140142	1.75722909606802	2.56127320193378	1.75722909606802	3.21084953035806	1.75722909606802	2.54889576273468	1.75722909606802	2.39093430504142
1.12500000000000	1.29166666666667	0.656220237420334	1.29166666666667	1.41421356237310	1.29166666666667	1.21269328356349	1.29166666666667	1.15244305716161	2.69305448553266	1.94052183703250	2.25870520897340	1.57995253093250	1.29166666666667	1.60000000000000	1.29166666666667	0.100000000000000	1.29166666666667	1.51038074669932	1.29166666666667	1.41509716980849	2.91666666666667	0	1.29166666666667	0.693271231193102	3.09166666666667	1.35300591277348	2.21074303202267	1.53011437480994	1.29166666666667	1.29155913530895	1.29166666666667	1.32027459265109	1.29166666666667	1.39754248593737	1.29166666666667	1.23110722522451	1.29166666666667	0.728868986855663	1.29166666666667	0.686476510887299
0	0	0.705183147380117	0	1.17444888520399	0	0.470804793181578	0	0.416666666666667	1.40138781886600	1.06805448553266	0.967038542306735	0.633705208973402	0	0.641666666666667	0	1.29610236647432	0	1.62975415550662	0	1.42389576273468	1.62500000000000	1.29166666666667	0	0.749761856151197	1.80000000000000	1.46666666666667	0.919076365356005	0.585743032022672	0	1.14901080188609	0	0.609667795333400	0	0.804044105865765	0	1.45362043429004	0	0.791666666666667	0	0.633705208973402
0.583095189484530	0.749761856151197	4	0.749761856151197	31.7647603485372	0.749761856151197	22	0.749761856151197	20.0997512422418	2.15114967501719	1.48408220796558	1.71680039845793	1.04073291482493	0.749761856151197	40.8044115262063	0.749761856151197	29.6816441593117	0.749761856151197	67	0.749761856151197	60.2079728939615	2.37476185615120	0.693271231193102	0.749761856151197	0	2.54976185615120	1.50000000000000	1.66883822150720	0.916856041044613	0.749761856151197	27.8567765543682	0.749761856151197	25.4950975679639	0.749761856151197	44.6542271235322	0.749761856151197	57.2188780036799	0.749761856151197	3	0.749761856151197	7.28010988928052
1.08309518948453	1.08309518948453	1.78827833686465	1.08309518948453	2.25754407468852	1.08309518948453	1.55389998266611	1.08309518948453	1.49976185615120	1.48408220796558	2.15114967501719	1.04073291482493	1.71680039845793	1.08309518948453	1.72476185615120	1.08309518948453	2.37919755595885	1.08309518948453	2.71284934499115	1.08309518948453	2.50699095221921	0.693271231193102	2.37476185615120	1.08309518948453	1.83285704563573	1.50000000000000	2.54976185615120	0.916856041044613	1.66883822150720	1.08309518948453	2.23210599137062	1.08309518948453	1.69276298481793	1.08309518948453	1.88713929535029	1.08309518948453	2.53671562377457	1.08309518948453	1.87476185615120	1.08309518948453	1.71680039845793
1.30000000000000	1.46666666666667	1.40000000000000	1.46666666666667	2.23173139064718	1.46666666666667	1.59765453086705	1.46666666666667	1.53378616501780	2.86805448553266	1.43265487818944	2.43370520897340	1.43461667354036	1.46666666666667	1.54616460960662	1.46666666666667	1.26515809288800	1.46666666666667	0.175000000000000	1.46666666666667	0.125000000000000	3.09166666666667	1.35300591277348	1.46666666666667	1.50000000000000	3.26666666666667	0	2.38574303202267	1.60175684796413	1.46666666666667	2.16448608219134	1.46666666666667	1.74104853464802	1.46666666666667	0.849264387573152	1.46666666666667	0.145773797371133	1.46666666666667	1.57500000000000	1.46666666666667	1.32594306061761
0	0	0.705183147380117	0	1.17444888520399	0	0.470804793181578	0	0.416666666666667	1.40138781886600	1.06805448553266	0.967038542306735	0.633705208973402	0	0.641666666666667	0	1.29610236647432	0	1.62975415550662	0	1.42389576273468	1.62500000000000	1.29166666666667	0	0.749761856151197	1.80000000000000	1.46666666666667	0.919076365356005	0.585743032022672	0	1.14901080188609	0	0.609667795333400	0	0.804044105865765	0	1.45362043429004	0	0.791666666666667	0	0.633705208973402
0.419076365356005	0.585743032022672	0.903119593409422	0.585743032022672	1.02041658159793	0.585743032022672	0.391311896062463	0.585743032022672	0.419076365356005	1.98713085088867	0.716327439094720	1.55278157432941	0.254950975679639	0.585743032022672	0.145773797371133	0.585743032022672	1.54150900094680	0.585743032022672	1.74928556845359	0.585743032022672	1.53500814330088	2.21074303202267	1.53011437480994	0.585743032022672	0.916856041044613	2.38574303202267	1.60175684796413	1.50481939737868	0	0.585743032022672	1.05029757688000	0.585743032022672	0.406970514902493	0.585743032022672	0.798827265433523	0.585743032022672	1.61651631603272	0.585743032022672	0.934077084613470	0.585743032022672	0.850000000000000
0	0	0.705183147380117	0	1.17444888520399	0	0.470804793181578	0	0.416666666666667	1.40138781886600	1.06805448553266	0.967038542306735	0.633705208973402	0	0.641666666666667	0	1.29610236647432	0	1.62975415550662	0	1.42389576273468	1.62500000000000	1.29166666666667	0	0.749761856151197	1.80000000000000	1.46666666666667	0.919076365356005	0.585743032022672	0	1.14901080188609	0	0.609667795333400	0	0.804044105865765	0	1.45362043429004	0	0.791666666666667	0	0.633705208973402
0.982344135219425	1.14901080188609	31.6227766016838	1.14901080188609	5.38516480713450	1.14901080188609	28.6356421265527	1.14901080188609	29.7321374946370	2.55039862075209	1.76139149538085	2.11604934419283	1.28281916106675	1.14901080188609	47.8016736108685	1.14901080188609	54.6717477313466	1.14901080188609	93.5360892917809	1.14901080188609	86.1452262171271	2.77401080188609	1.29155913530895	1.14901080188609	27.8567765543682	2.94901080188609	2.16448608219134	2.06808716724210	1.05029757688000	1.14901080188609	0	1.14901080188609	25.8069758011279	1.14901080188609	64.7610994347687	1.14901080188609	84.3445315358382	1.14901080188609	25.0798724079689	1.14901080188609	33.9558536926993
1.48234413521942	1.48234413521942	2.18752728259954	1.48234413521942	2.65679302042341	1.48234413521942	1.95314892840100	1.48234413521942	1.89901080188609	1.76139149538085	2.55039862075209	1.28281916106675	2.11604934419283	1.48234413521942	2.12401080188609	1.48234413521942	2.77844650169374	1.48234413521942	3.11209829072604	1.48234413521942	2.90623989795411	1.29155913530895	2.77401080188609	1.48234413521942	2.23210599137062	2.16448608219134	2.94901080188609	1.05029757688000	2.06808716724210	1.48234413521942	2.63135493710552	1.48234413521942	2.09201193055283	1.48234413521942	2.28638824108519	1.48234413521942	2.93596456950947	1.48234413521942	2.27401080188609	1.48234413521942	2.11604934419283
0.443001128666734	0.609667795333400	26.5706605111728	0.609667795333400	25.0798724079689	0.609667795333400	5.83095189484530	0.609667795333400	8.60232526704263	2.01105561419940	1.11635567808831	1.57670633764014	0.638846616959032	0.609667795333400	22.0227155455452	0.609667795333400	54.2309874518250	0.609667795333400	76.2167960491649	0.609667795333400	68.0073525436772	2.23466779533340	1.32027459265109	0.609667795333400	25.4950975679639	2.40966779533340	1.74104853464802	1.52874416068941	0.406970514902493	0.609667795333400	25.8069758011279	0.609667795333400	0	0.609667795333400	42	0.609667795333400	68.8767014308903	0.609667795333400	25.0798724079689	0.609667795333400	25.9422435421457
0.943001128666734	0.943001128666734	1.64818427604685	0.943001128666734	2.11745001387072	0.943001128666734	1.41380592184831	0.943001128666734	1.35966779533340	1.11635567808831	2.01105561419940	0.638846616959032	1.57670633764014	0.943001128666734	1.58466779533340	0.943001128666734	2.23910349514105	0.943001128666734	2.57275528417335	0.943001128666734	2.36689689140142	1.32027459265109	2.23466779533340	0.943001128666734	1.69276298481793	1.74104853464802	2.40966779533340	0.406970514902493	1.52874416068941	0.943001128666734	2.09201193055283	0.943001128666734	1.55266892400013	0.943001128666734	1.74704523453250	0.943001128666734	2.39662156295678	0.943001128666734	1.73466779533340	0.943001128666734	1.57670633764014
0.637377439199098	0.804044105865765	41.4004830889689	0.804044105865765	65.7647321898295	0.804044105865765	37.1214223865412	0.804044105865765	35.3553390593274	2.20543192473176	0.637377439199098	1.77108264817250	0.596343022093828	0.804044105865765	28.6530975637888	0.804044105865765	54.2309874518250	0.804044105865765	39.0512483795333	0.804044105865765	30.4795013082563	2.42904410586577	1.39754248593737	0.804044105865765	44.6542271235322	2.60404410586577	0.849264387573152	1.72312047122177	0.798827265433523	0.804044105865765	64.7610994347687	0.804044105865765	42	0.804044105865765	0	0.804044105865765	36.0555127546399	0.804044105865765	47.1699056602830	0.804044105865765	37.8021163428716
1.13737743919910	1.13737743919910	1.84256058657922	1.13737743919910	2.31182632440308	1.13737743919910	1.60818223238068	1.13737743919910	1.55404410586577	0.637377439199098	2.20543192473176	0.596343022093828	1.77108264817250	1.13737743919910	1.77904410586577	1.13737743919910	2.43347980567342	1.13737743919910	2.76713159470572	1.13737743919910	2.56127320193378	1.39754248593737	2.42904410586577	1.13737743919910	1.88713929535030	0.849264387573152	2.60404410586577	0.798827265433523	1.72312047122177	1.13737743919910	2.28638824108519	1.13737743919910	1.74704523453250	1.13737743919910	1.94142154506486	1.13737743919910	2.59099787348914	1.13737743919910	1.92904410586577	1.13737743919910	1.77108264817250
1.28695376762338	1.45362043429004	53.2353266168247	1.45362043429004	87.3212459828649	1.45362043429004	63.0713881248859	1.45362043429004	60.4152298679729	2.85500825315604	1.51038074669932	2.42065897659678	1.46820468600260	1.45362043429004	62.9364759102383	1.45362043429004	45.6179789118282	1.45362043429004	11.1803398874989	1.45362043429004	10.4403065089106	3.07862043429004	1.23110722522451	1.45362043429004	57.2188780036799	3.25362043429004	0.145773797371133	2.37269679964605	1.61651631603272	1.45362043429004	84.3445315358382	1.45362043429004	68.8767014308903	1.45362043429004	36.0555127546399	1.45362043429004	0	1.45362043429004	60.2079728939615	1.45362043429004	50.4876222454574
1.78695376762338	1.78695376762338	2.49213691500349	1.78695376762338	2.96140265282736	1.78695376762338	2.25775856080495	1.78695376762338	2.20362043429004	1.51038074669932	2.85500825315604	1.46820468600260	2.42065897659678	1.78695376762338	2.42862043429004	1.78695376762338	3.08305613409769	1.78695376762338	3.41670792313000	1.78695376762338	3.21084953035806	1.23110722522451	3.07862043429004	1.78695376762338	2.53671562377457	0.145773797371133	3.25362043429004	1.61651631603272	2.37269679964605	1.78695376762338	2.93596456950947	1.78695376762338	2.39662156295678	1.78695376762338	2.59099787348914	1.78695376762338	3.24057420191342	1.78695376762338	2.57862043429004	1.78695376762338	2.42065897659678
0.625000000000000	0.791666666666667	7	0.791666666666667	29.1547594742265	0.791666666666667	22.2036033111745	0.791666666666667	20.6155281280883	2.19305448553266	1.52581945196671	1.75870520897340	1.07354552767919	0.791666666666667	41.7851648315524	0.791666666666667	31.4006369362152	0.791666666666667	70	0.791666666666667	63.1981012372998	2.41666666666667	0.728868986855663	0.791666666666667	3	2.59166666666667	1.57500000000000	1.71074303202267	0.934077084613470	0.791666666666667	25.0798724079689	0.791666666666667	25.0798724079689	0.791666666666667	47.1699056602830	0.791666666666667	60.2079728939615	0.791666666666667	0	0.791666666666667	10.1980390271856
1.12500000000000	1.12500000000000	1.83018314738012	1.12500000000000	2.29944888520399	1.12500000000000	1.59580479318158	1.12500000000000	1.54166666666667	1.52581945196671	2.19305448553266	1.07354552767919	1.75870520897340	1.12500000000000	1.76666666666667	1.12500000000000	2.42110236647432	1.12500000000000	2.75475415550662	1.12500000000000	2.54889576273468	0.728868986855663	2.41666666666667	1.12500000000000	1.87476185615120	1.57500000000000	2.59166666666667	0.934077084613470	1.71074303202267	1.12500000000000	2.27401080188609	1.12500000000000	1.73466779533340	1.12500000000000	1.92904410586576	1.12500000000000	2.57862043429004	1.12500000000000	1.91666666666667	1.12500000000000	1.75870520897340
0.467038542306735	0.633705208973402	3.60555127546399	0.633705208973402	37.3363094051889	0.633705208973402	21.1896201004171	0.633705208973402	18.6815416922694	2.03509302783940	1.35300591277348	1.60074375128014	0.934077084613470	0.633705208973402	37.3363094051889	0.633705208973402	28.4604989415154	0.633705208973402	60.0333240792145	0.633705208973402	53.0848377599480	2.25870520897340	0.686476510887299	0.633705208973402	7.28010988928052	2.43370520897340	1.32594306061761	1.55278157432941	0.850000000000000	0.633705208973402	33.9558536926993	0.633705208973402	25.9422435421457	0.633705208973402	37.8021163428716	0.633705208973402	50.4876222454574	0.633705208973402	10.1980390271856	0.633705208973402	0
0.967038542306735	0.967038542306735	1.67222168968685	0.967038542306735	2.14148742751072	0.967038542306735	1.43784333548831	0.967038542306735	1.38370520897340	1.35300591277348	2.03509302783940	0.934077084613470	1.60074375128014	0.967038542306735	1.60870520897340	0.967038542306735	2.26314090878105	0.967038542306735	2.59679269781336	0.967038542306735	2.39093430504142	0.686476510887299	2.25870520897340	0.967038542306735	1.71680039845793	1.32594306061761	2.43370520897340	0.850000000000000	1.55278157432941	0.967038542306735	2.11604934419283	0.967038542306735	1.57670633764014	0.967038542306735	1.77108264817250	0.967038542306735	2.42065897659678	0.967038542306735	1.75870520897340	0.967038542306735	1.60074375128014


2	4	1	0	1
2	5	1	0	1
2	6	1	0	1
2	7	1	0	1
8	2	4	0	0
9	2	4	0	0
2	10	1	0	1
2	11	1	0	1
2	12	1	0	1
2	13	1	0	1
14	2	4	0	0
2	15	1	0	1
16	2	4	0	0
17	2	4	0	0
2	18	1	0	1
2	19	1	0	1
2	20	1	0	1
2	21	1	0	1
2	22	1	0	1
2	23	1	0	1






4	3	2	0	0
5	3	2	0	0
6	3	2	0	0
7	3	2	0	0
3	8	3	0	1
3	9	3	0	1
10	3	2	0	0
11	3	2	0	0
12	3	2	0	0
13	3	2	0	0
3	14	3	0	1
15	3	2	0	0
3	16	3	0	1
3	17	3	0	1
18	3	2	0	0
19	3	2	0	0
20	3	2	0	0
21	3	2	0	0
22	3	2	0	0
23	3	2	0	0









linktime（task1）
0	0	0	0	0	0.901387818865997	0.467038542306735	0	0	0	0	1.12500000000000	0	1.30000000000000	0.419076365356005	0	0	0	0	0	0
0.538516480713450	0.705183147380117	0.705183147380117	0.705183147380117	0.705183147380117	1.43265487818944	1.00405428140116	0.705183147380117	0.705183147380117	0.705183147380117	0.705183147380117	0.656220237420334	0.705183147380117	1.40000000000000	0.903119593409422	0.705183147380117	0.705183147380117	0.705183147380117	0.705183147380117	0.705183147380117	0.705183147380117
1.00778221853732	1.17444888520399	1.17444888520399	1.17444888520399	1.17444888520399	1.73655549868123	1.26342787684933	1.17444888520399	1.17444888520399	1.17444888520399	1.17444888520399	1.41421356237310	1.17444888520399	2.23173139064718	1.02041658159793	1.17444888520399	1.17444888520399	1.17444888520399	1.17444888520399	1.17444888520399	1.17444888520399
0.304138126514911	0.470804793181578	0.470804793181578	0.470804793181578	0.470804793181578	1.06301458127347	0.583630876496438	0.470804793181578	0.470804793181578	0.470804793181578	0.470804793181578	1.21269328356349	0.470804793181578	1.59765453086705	0.391311896062463	0.470804793181578	0.470804793181578	0.470804793181578	0.470804793181578	0.470804793181578	0.470804793181578
0.250000000000000	0.416666666666667	0.416666666666667	0.416666666666667	0.416666666666667	1.06066017177982	0.585768725692999	0.416666666666667	0.416666666666667	0.416666666666667	0.416666666666667	1.15244305716161	0.416666666666667	1.53378616501780	0.419076365356005	0.416666666666667	0.416666666666667	0.416666666666667	0.416666666666667	0.416666666666667	0.416666666666667
0	0	0	0	0	1.06805448553266	0.633705208973402	0	0	0	0	1.29166666666667	0	1.46666666666667	0.585743032022672	0	0	0	0	0	0
0	0	0	0	0	1.06805448553266	0.633705208973402	0	0	0	0	1.29166666666667	0	1.46666666666667	0.585743032022672	0	0	0	0	0	0
0.475000000000000	0.641666666666667	0.641666666666667	0.641666666666667	0.641666666666667	0.570635610525666	0.127475487839820	0.641666666666667	0.641666666666667	0.641666666666667	0.641666666666667	1.60000000000000	0.641666666666667	1.54616460960662	0.145773797371133	0.641666666666667	0.641666666666667	0.641666666666667	0.641666666666667	0.641666666666667	0.641666666666667
1.12943569980765	1.29610236647432	1.29610236647432	1.29610236647432	1.29610236647432	1.91719195700378	1.57519840020234	1.29610236647432	1.29610236647432	1.29610236647432	1.29610236647432	0.100000000000000	1.29610236647432	1.26515809288800	1.54150900094680	1.29610236647432	1.29610236647432	1.29610236647432	1.29610236647432	1.29610236647432	1.29610236647432
1.46308748883995	1.62975415550662	1.62975415550662	1.62975415550662	1.62975415550662	1.52581945196671	1.57003184681076	1.62975415550662	1.62975415550662	1.62975415550662	1.62975415550662	1.51038074669932	1.62975415550662	0.175000000000000	1.74928556845359	1.62975415550662	1.62975415550662	1.62975415550662	1.62975415550662	1.62975415550662	1.62975415550662
1.25722909606802	1.42389576273468	1.42389576273468	1.42389576273468	1.42389576273468	1.32500000000000	1.35508302328677	1.42389576273468	1.42389576273468	1.42389576273468	1.42389576273468	1.41509716980849	1.42389576273468	0.125000000000000	1.53500814330088	1.42389576273468	1.42389576273468	1.42389576273468	1.42389576273468	1.42389576273468	1.42389576273468
0	0	0	0	0	1.06805448553266	0.633705208973402	0	0	0	0	1.29166666666667	0	1.46666666666667	0.585743032022672	0	0	0	0	0	0
0.583095189484530	0.749761856151197	0.749761856151197	0.749761856151197	0.749761856151197	1.48408220796558	1.04073291482493	0.749761856151197	0.749761856151197	0.749761856151197	0.749761856151197	0.693271231193102	0.749761856151197	1.50000000000000	0.916856041044613	0.749761856151197	0.749761856151197	0.749761856151197	0.749761856151197	0.749761856151197	0.749761856151197
0	0	0	0	0	1.06805448553266	0.633705208973402	0	0	0	0	1.29166666666667	0	1.46666666666667	0.585743032022672	0	0	0	0	0	0
0	0	0	0	0	1.06805448553266	0.633705208973402	0	0	0	0	1.29166666666667	0	1.46666666666667	0.585743032022672	0	0	0	0	0	0
0.982344135219425	1.14901080188609	1.14901080188609	1.14901080188609	1.14901080188609	1.76139149538085	1.28281916106675	1.14901080188609	1.14901080188609	1.14901080188609	1.14901080188609	1.29155913530895	1.14901080188609	2.16448608219134	1.05029757688000	1.14901080188609	1.14901080188609	1.14901080188609	1.14901080188609	1.14901080188609	1.14901080188609
0.443001128666734	0.609667795333400	0.609667795333400	0.609667795333400	0.609667795333400	1.11635567808831	0.638846616959032	0.609667795333400	0.609667795333400	0.609667795333400	0.609667795333400	1.32027459265109	0.609667795333400	1.74104853464802	0.406970514902493	0.609667795333400	0.609667795333400	0.609667795333400	0.609667795333400	0.609667795333400	0.609667795333400
0.637377439199098	0.804044105865765	0.804044105865765	0.804044105865765	0.804044105865765	0.637377439199098	0.596343022093828	0.804044105865765	0.804044105865765	0.804044105865765	0.804044105865765	1.39754248593737	0.804044105865765	0.849264387573152	0.798827265433523	0.804044105865765	0.804044105865765	0.804044105865765	0.804044105865765	0.804044105865765	0.804044105865765
1.28695376762338	1.45362043429004	1.45362043429004	1.45362043429004	1.45362043429004	1.51038074669932	1.46820468600260	1.45362043429004	1.45362043429004	1.45362043429004	1.45362043429004	1.23110722522451	1.45362043429004	0.145773797371133	1.61651631603272	1.45362043429004	1.45362043429004	1.45362043429004	1.45362043429004	1.45362043429004	1.45362043429004
0.625000000000000	0.791666666666667	0.791666666666667	0.791666666666667	0.791666666666667	1.52581945196671	1.07354552767919	0.791666666666667	0.791666666666667	0.791666666666667	0.791666666666667	0.728868986855663	0.791666666666667	1.57500000000000	0.934077084613470	0.791666666666667	0.791666666666667	0.791666666666667	0.791666666666667	0.791666666666667	0.791666666666667
0.467038542306735	0.633705208973402	0.633705208973402	0.633705208973402	0.633705208973402	1.35300591277348	0.934077084613470	0.633705208973402	0.633705208973402	0.633705208973402	0.633705208973402	0.686476510887299	0.633705208973402	1.32594306061761	0.850000000000000	0.633705208973402	0.633705208973402	0.633705208973402	0.633705208973402	0.633705208973402	0.633705208973402



linktime（task2）
0	0.538516480713450	1.00778221853732	0.304138126514911	0.250000000000000	1.40138781886600	0.967038542306735	0.475000000000000	1.12943569980765	1.46308748883995	1.25722909606802	1.62500000000000	0.583095189484530	1.80000000000000	0.919076365356005	0.982344135219425	0.443001128666734	0.637377439199098	1.28695376762338	0.625000000000000	0.467038542306735
1.03851648071345	1.74369962809357	2.21296536591744	1.50932127389503	1.45518314738012	1.43265487818944	1.00405428140116	1.68018314738012	2.33461884718777	2.66827063622007	2.46241224344813	0.656220237420334	1.78827833686465	1.40000000000000	0.903119593409422	2.18752728259954	1.64818427604685	1.84256058657922	2.49213691500349	1.83018314738012	1.67222168968685
1.50778221853732	2.21296536591744	2.68223110374130	1.97858701171890	1.92444888520399	1.73655549868123	1.26342787684933	2.14944888520399	2.80388458501164	3.13753637404394	2.93167798127200	1.41421356237310	2.25754407468852	2.23173139064718	1.02041658159793	2.65679302042341	2.11745001387072	2.31182632440308	2.96140265282736	2.29944888520399	2.14148742751072
0.804138126514911	1.50932127389503	1.97858701171890	1.27494291969649	1.22080479318158	1.06301458127347	0.583630876496438	1.44580479318158	2.10024049298923	2.43389228202153	2.22803388924959	1.21269328356349	1.55389998266611	1.59765453086705	0.391311896062463	1.95314892840100	1.41380592184831	1.60818223238068	2.25775856080495	1.59580479318158	1.43784333548831
0.750000000000000	1.45518314738012	1.92444888520399	1.22080479318158	1.16666666666667	1.06066017177982	0.585768725692999	1.39166666666667	2.04610236647432	2.37975415550662	2.17389576273468	1.15244305716161	1.49976185615120	1.53378616501780	0.419076365356005	1.89901080188609	1.35966779533340	1.55404410586576	2.20362043429004	1.54166666666667	1.38370520897340
0.901387818865997	1.43265487818944	1.73655549868123	1.06301458127347	1.06066017177982	2.46944230439866	2.03509302783940	0.570635610525666	1.91719195700378	1.52581945196671	1.32500000000000	2.69305448553266	1.48408220796558	2.86805448553266	1.98713085088867	1.76139149538085	1.11635567808831	0.637377439199098	1.51038074669932	1.52581945196671	1.35300591277348
0.467038542306735	1.00405428140116	1.26342787684933	0.583630876496438	0.585768725692999	2.03509302783940	1.60074375128014	0.127475487839820	1.57519840020234	1.57003184681076	1.35508302328677	2.25870520897340	1.04073291482493	2.43370520897340	1.55278157432941	1.28281916106675	0.638846616959032	0.596343022093828	1.46820468600260	1.07354552767919	0.934077084613470
0.975000000000000	1.68018314738012	2.14944888520399	1.44580479318158	1.39166666666667	0.570635610525666	0.127475487839820	1.61666666666667	2.27110236647432	2.60475415550662	2.39889576273468	1.60000000000000	1.72476185615120	1.54616460960662	0.145773797371133	2.12401080188609	1.58466779533340	1.77904410586577	2.42862043429004	1.76666666666667	1.60870520897340
1.62943569980765	2.33461884718777	2.80388458501164	2.10024049298923	2.04610236647432	1.91719195700378	1.57519840020234	2.27110236647432	2.92553806628197	3.25918985531427	3.05333146254233	0.100000000000000	2.37919755595885	1.26515809288800	1.54150900094680	2.77844650169374	2.23910349514105	2.43347980567342	3.08305613409769	2.42110236647432	2.26314090878105
1.96308748883995	2.66827063622007	3.13753637404394	2.43389228202153	2.37975415550662	1.52581945196671	1.57003184681076	2.60475415550662	3.25918985531427	3.59284164434657	3.38698325157464	1.51038074669932	2.71284934499115	0.175000000000000	1.74928556845359	3.11209829072604	2.57275528417335	2.76713159470572	3.41670792313000	2.75475415550662	2.59679269781336
1.75722909606802	2.46241224344813	2.93167798127200	2.22803388924959	2.17389576273468	1.32500000000000	1.35508302328677	2.39889576273468	3.05333146254233	3.38698325157464	3.18112485880270	1.41509716980849	2.50699095221921	0.125000000000000	1.53500814330088	2.90623989795411	2.36689689140142	2.56127320193378	3.21084953035806	2.54889576273468	2.39093430504142
1.12500000000000	0.656220237420334	1.41421356237310	1.21269328356349	1.15244305716161	2.69305448553266	2.25870520897340	1.60000000000000	0.100000000000000	1.51038074669932	1.41509716980849	2.91666666666667	0.693271231193102	3.09166666666667	2.21074303202267	1.29155913530895	1.32027459265109	1.39754248593737	1.23110722522451	0.728868986855663	0.686476510887299
1.08309518948453	1.78827833686465	2.25754407468852	1.55389998266611	1.49976185615120	1.48408220796558	1.04073291482493	1.72476185615120	2.37919755595885	2.71284934499115	2.50699095221921	0.693271231193102	1.83285704563573	1.50000000000000	0.916856041044613	2.23210599137062	1.69276298481793	1.88713929535029	2.53671562377457	1.87476185615120	1.71680039845793
1.30000000000000	1.40000000000000	2.23173139064718	1.59765453086705	1.53378616501780	2.86805448553266	2.43370520897340	1.54616460960662	1.26515809288800	0.175000000000000	0.125000000000000	3.09166666666667	1.50000000000000	3.26666666666667	2.38574303202267	2.16448608219134	1.74104853464802	0.849264387573152	0.145773797371133	1.57500000000000	1.32594306061761
0.419076365356005	0.903119593409422	1.02041658159793	0.391311896062463	0.419076365356005	1.98713085088867	1.55278157432941	0.145773797371133	1.54150900094680	1.74928556845359	1.53500814330088	2.21074303202267	0.916856041044613	2.38574303202267	1.50481939737868	1.05029757688000	0.406970514902493	0.798827265433523	1.61651631603272	0.934077084613470	0.850000000000000
1.48234413521942	2.18752728259954	2.65679302042341	1.95314892840100	1.89901080188609	1.76139149538085	1.28281916106675	2.12401080188609	2.77844650169374	3.11209829072604	2.90623989795411	1.29155913530895	2.23210599137062	2.16448608219134	1.05029757688000	2.63135493710552	2.09201193055283	2.28638824108519	2.93596456950947	2.27401080188609	2.11604934419283
0.943001128666734	1.64818427604685	2.11745001387072	1.41380592184831	1.35966779533340	1.11635567808831	0.638846616959032	1.58466779533340	2.23910349514105	2.57275528417335	2.36689689140142	1.32027459265109	1.69276298481793	1.74104853464802	0.406970514902493	2.09201193055283	1.55266892400013	1.74704523453250	2.39662156295678	1.73466779533340	1.57670633764014
1.13737743919910	1.84256058657922	2.31182632440308	1.60818223238068	1.55404410586577	0.637377439199098	0.596343022093828	1.77904410586577	2.43347980567342	2.76713159470572	2.56127320193378	1.39754248593737	1.88713929535030	0.849264387573152	0.798827265433523	2.28638824108519	1.74704523453250	1.94142154506486	2.59099787348914	1.92904410586577	1.77108264817250
1.78695376762338	2.49213691500349	2.96140265282736	2.25775856080495	2.20362043429004	1.51038074669932	1.46820468600260	2.42862043429004	3.08305613409769	3.41670792313000	3.21084953035806	1.23110722522451	2.53671562377457	0.145773797371133	1.61651631603272	2.93596456950947	2.39662156295678	2.59099787348914	3.24057420191342	2.57862043429004	2.42065897659678
1.12500000000000	1.83018314738012	2.29944888520399	1.59580479318158	1.54166666666667	1.52581945196671	1.07354552767919	1.76666666666667	2.42110236647432	2.75475415550662	2.54889576273468	0.728868986855663	1.87476185615120	1.57500000000000	0.934077084613470	2.27401080188609	1.73466779533340	1.92904410586576	2.57862043429004	1.91666666666667	1.75870520897340
0.967038542306735	1.67222168968685	2.14148742751072	1.43784333548831	1.38370520897340	1.35300591277348	0.934077084613470	1.60870520897340	2.26314090878105	2.59679269781336	2.39093430504142	0.686476510887299	1.71680039845793	1.32594306061761	0.850000000000000	2.11604934419283	1.57670633764014	1.77108264817250	2.42065897659678	1.75870520897340	1.60074375128014



tasktime（1）
0
1.20518314738012
1.67444888520399
0.970804793181578
0.916666666666667
1.56805448553266
1.13370520897340
1.14166666666667
1.79610236647432
2.12975415550662
1.92389576273468
1.79166666666667
1.24976185615120
1.96666666666667
1.08574303202267
1.64901080188609
1.10966779533340
1.30404410586577
1.95362043429004
1.29166666666667
1.13370520897340




tasktime（2）
0
0.166666666666667
0.166666666666667
0.166666666666667
0.166666666666667
0.166666666666667
0.166666666666667
0.166666666666667
0.166666666666667
0.166666666666667
0.166666666666667
0.166666666666667
0.166666666666667
0.166666666666667
0.166666666666667
0.166666666666667
0.166666666666667
0.166666666666667
0.166666666666667
0.166666666666667
0.166666666666667
