task 1：
目标函数：304.172
决策变量：
x
t1  （大小 3）	t1  （大小 3）	v1  （大小 2）	值
1	1	1	0
1	1	2	0
1	2	1	1
1	2	2	0
1	3	1	0
1	3	2	0
2	1	1	0
2	1	2	0
2	2	1	0
2	2	2	0
2	3	1	1
2	3	2	0
3	1	1	1
3	1	2	0
3	2	1	0
3	2	2	0
3	3	1	0
3	3	2	0

y
t1  （大小 3）	值
1	0
2	0
3	1.89007427889418

时间：2.14

task 2：
目标函数：313.225
决策变量：
x
t1  （大小 3）	t1  （大小 3）	v1  （大小 2）	值
1	1	1	0
1	1	2	0
1	2	1	1
1	2	2	0
1	3	1	0
1	3	2	0
2	1	1	0
2	1	2	0
2	2	1	0
2	2	2	0
2	3	1	1
2	3	2	0
3	1	1	1
3	1	2	0
3	2	1	0
3	2	2	0
3	3	1	0
3	3	2	0

y
t1  （大小 3）	值
1	0
2	0.58309518948453
3	1.39007427889463

时间：3.01
