最优解为:328.3767
最优解路径:

Best_route =

     0     0     0     0     0     0     0     0     0     0     0
     1     3     7    10     8     9     2     4     5     6     0

本次运算用时:5.561秒
算法在第1代时收敛

best
328.376681000180
328.376681000180
328.376681000180
328.376681000180
328.376681000180
328.376681000180
328.376681000180
328.376681000180
328.376681000180
328.376681000180
328.376681000180
328.376681000180
328.376681000180
328.376681000180
328.376681000180
328.376681000180
328.376681000180
328.376681000180
328.376681000180
328.376681000180
328.376681000180
328.376681000180
328.376681000180
328.376681000180
328.376681000180
328.376681000180
328.376681000180
328.376681000180
328.376681000180
328.376681000180
328.376681000180
328.376681000180
328.376681000180
328.376681000180
328.376681000180
328.376681000180
328.376681000180
328.376681000180
328.376681000180
328.376681000180
328.376681000180
328.376681000180
328.376681000180
328.376681000180
328.376681000180
328.376681000180
328.376681000180
328.376681000180
328.376681000180
328.376681000180
328.376681000180
328.376681000180
328.376681000180
328.376681000180
328.376681000180
328.376681000180
328.376681000180
328.376681000180
328.376681000180
328.376681000180
328.376681000180
328.376681000180
328.376681000180
328.376681000180
328.376681000180
328.376681000180
328.376681000180
328.376681000180
328.376681000180
328.376681000180
328.376681000180
328.376681000180
328.376681000180
328.376681000180
328.376681000180
328.376681000180
328.376681000180
328.376681000180
328.376681000180
328.376681000180
328.376681000180
328.376681000180
328.376681000180
328.376681000180
328.376681000180
328.376681000180
328.376681000180
328.376681000180
328.376681000180
328.376681000180
328.376681000180
328.376681000180
328.376681000180
328.376681000180
328.376681000180
328.376681000180
328.376681000180
328.376681000180
328.376681000180
328.376681000180
328.376681000180
328.376681000180
328.376681000180
328.376681000180
328.376681000180
328.376681000180
328.376681000180
328.376681000180
328.376681000180
328.376681000180
328.376681000180
328.376681000180
328.376681000180
328.376681000180
328.376681000180
328.376681000180
328.376681000180
328.376681000180
328.376681000180
328.376681000180
328.376681000180
328.376681000180
328.376681000180
328.376681000180
328.376681000180
328.376681000180
328.376681000180
328.376681000180
328.376681000180
328.376681000180
328.376681000180
328.376681000180
328.376681000180
328.376681000180
328.376681000180
328.376681000180
328.376681000180
328.376681000180
328.376681000180
328.376681000180
328.376681000180
328.376681000180
328.376681000180
328.376681000180
328.376681000180
328.376681000180
328.376681000180
328.376681000180
328.376681000180
328.376681000180
328.376681000180
328.376681000180
328.376681000180
328.376681000180
328.376681000180
328.376681000180
328.376681000180
328.376681000180
328.376681000180
328.376681000180
328.376681000180
328.376681000180
328.376681000180
328.376681000180
328.376681000180
328.376681000180
328.376681000180
328.376681000180
328.376681000180
328.376681000180
328.376681000180
328.376681000180
328.376681000180
328.376681000180
328.376681000180
328.376681000180
328.376681000180
328.376681000180
328.376681000180
328.376681000180
328.376681000180
328.376681000180
328.376681000180
328.376681000180
328.376681000180
328.376681000180
328.376681000180
328.376681000180
328.376681000180
328.376681000180
328.376681000180
328.376681000180
328.376681000180
328.376681000180
328.376681000180
328.376681000180
328.376681000180
328.376681000180
328.376681000180
328.376681000180

ave
328.376681000180
328.376681000180
328.376681000180
328.376681000180
328.376681000180
328.376681000180
328.376681000180
328.376681000180
328.376681000180
328.376681000180
328.376681000180
328.376681000180
328.376681000180
328.376681000180
328.376681000180
328.376681000180
328.376681000180
328.376681000180
328.376681000180
328.376681000180
328.376681000180
328.376681000180
328.376681000180
328.376681000180
328.376681000180
328.376681000180
328.376681000180
328.376681000180
328.376681000180
328.376681000180
328.376681000180
328.376681000180
328.376681000180
328.376681000180
328.376681000180
328.376681000180
328.376681000180
328.376681000180
328.376681000180
328.376681000180
328.376681000180
328.376681000180
328.376681000180
328.376681000180
328.376681000180
328.376681000180
328.376681000180
328.376681000180
328.376681000180
328.376681000180
328.376681000180
328.376681000180
328.376681000180
328.376681000180
328.376681000180
328.376681000180
328.376681000180
328.376681000180
328.376681000180
328.376681000180
328.376681000180
328.376681000180
328.376681000180
328.376681000180
328.376681000180
328.376681000180
328.376681000180
328.376681000180
328.376681000180
328.376681000180
328.376681000180
328.376681000180
328.376681000180
328.376681000180
328.376681000180
328.376681000180
328.376681000180
328.376681000180
328.376681000180
328.376681000180
328.376681000180
328.376681000180
328.376681000180
328.376681000180
328.376681000180
328.376681000180
328.376681000180
328.376681000180
328.376681000180
328.376681000180
328.376681000180
328.376681000180
328.376681000180
328.376681000180
328.376681000180
328.376681000180
328.376681000180
328.376681000180
328.376681000180
328.376681000180
328.376681000180
328.376681000180
328.376681000180
328.376681000180
328.376681000180
328.376681000180
328.376681000180
328.376681000180
328.376681000180
328.376681000180
328.376681000180
328.376681000180
328.376681000180
328.376681000180
328.376681000180
328.376681000180
328.376681000180
328.376681000180
328.376681000180
328.376681000180
328.376681000180
328.376681000180
328.376681000180
328.376681000180
328.376681000180
328.376681000180
328.376681000180
328.376681000180
328.376681000180
328.376681000180
328.376681000180
328.376681000180
328.376681000180
328.376681000180
328.376681000180
328.376681000180
328.376681000180
328.376681000180
328.376681000180
328.376681000180
328.376681000180
328.376681000180
328.376681000180
328.376681000180
328.376681000180
328.376681000180
328.376681000180
328.376681000180
328.376681000180
328.376681000180
328.376681000180
328.376681000180
328.376681000180
328.376681000180
328.376681000180
328.376681000180
328.376681000180
328.376681000180
328.376681000180
328.376681000180
328.376681000180
328.376681000180
328.376681000180
328.376681000180
328.376681000180
328.376681000180
328.376681000180
328.376681000180
328.376681000180
328.376681000180
328.376681000180
328.376681000180
328.376681000180
328.376681000180
328.376681000180
328.376681000180
328.376681000180
328.376681000180
328.376681000180
328.376681000180
328.376681000180
328.376681000180
328.376681000180
328.376681000180
328.376681000180
328.376681000180
328.376681000180
328.376681000180
328.376681000180
328.376681000180
328.376681000180
328.376681000180
328.376681000180
328.376681000180
328.376681000180
328.376681000180
328.376681000180
328.376681000180
328.376681000180
328.376681000180