最优解为:315.0931
最优解路径:

Best_route =

     3     1     6     4     5     2     0
     0     0     0     0     0     0     0

本次运算用时:3.102秒
算法在第1代时收敛

best
315.093080215282
315.093080215282
315.093080215282
315.093080215282
315.093080215282
315.093080215282
315.093080215282
315.093080215282
315.093080215282
315.093080215282
315.093080215282
315.093080215282
315.093080215282
315.093080215282
315.093080215282
315.093080215282
315.093080215282
315.093080215282
315.093080215282
315.093080215282
315.093080215282
315.093080215282
315.093080215282
315.093080215282
315.093080215282
315.093080215282
315.093080215282
315.093080215282
315.093080215282
315.093080215282
315.093080215282
315.093080215282
315.093080215282
315.093080215282
315.093080215282
315.093080215282
315.093080215282
315.093080215282
315.093080215282
315.093080215282
315.093080215282
315.093080215282
315.093080215282
315.093080215282
315.093080215282
315.093080215282
315.093080215282
315.093080215282
315.093080215282
315.093080215282
315.093080215282
315.093080215282
315.093080215282
315.093080215282
315.093080215282
315.093080215282
315.093080215282
315.093080215282
315.093080215282
315.093080215282
315.093080215282
315.093080215282
315.093080215282
315.093080215282
315.093080215282
315.093080215282
315.093080215282
315.093080215282
315.093080215282
315.093080215282
315.093080215282
315.093080215282
315.093080215282
315.093080215282
315.093080215282
315.093080215282
315.093080215282
315.093080215282
315.093080215282
315.093080215282
315.093080215282
315.093080215282
315.093080215282
315.093080215282
315.093080215282
315.093080215282
315.093080215282
315.093080215282
315.093080215282
315.093080215282
315.093080215282
315.093080215282
315.093080215282
315.093080215282
315.093080215282
315.093080215282
315.093080215282
315.093080215282
315.093080215282
315.093080215282
315.093080215282
315.093080215282
315.093080215282
315.093080215282
315.093080215282
315.093080215282
315.093080215282
315.093080215282
315.093080215282
315.093080215282
315.093080215282
315.093080215282
315.093080215282
315.093080215282
315.093080215282
315.093080215282
315.093080215282
315.093080215282
315.093080215282
315.093080215282
315.093080215282
315.093080215282
315.093080215282
315.093080215282
315.093080215282
315.093080215282
315.093080215282
315.093080215282
315.093080215282
315.093080215282
315.093080215282
315.093080215282
315.093080215282
315.093080215282
315.093080215282
315.093080215282
315.093080215282
315.093080215282
315.093080215282
315.093080215282
315.093080215282
315.093080215282
315.093080215282
315.093080215282
315.093080215282
315.093080215282
315.093080215282
315.093080215282
315.093080215282
315.093080215282
315.093080215282
315.093080215282
315.093080215282
315.093080215282
315.093080215282
315.093080215282
315.093080215282
315.093080215282
315.093080215282
315.093080215282
315.093080215282
315.093080215282
315.093080215282
315.093080215282
315.093080215282
315.093080215282
315.093080215282
315.093080215282
315.093080215282
315.093080215282
315.093080215282
315.093080215282
315.093080215282
315.093080215282
315.093080215282
315.093080215282
315.093080215282
315.093080215282
315.093080215282
315.093080215282
315.093080215282
315.093080215282
315.093080215282
315.093080215282
315.093080215282
315.093080215282
315.093080215282
315.093080215282
315.093080215282
315.093080215282
315.093080215282
315.093080215282
315.093080215282
315.093080215282
315.093080215282
315.093080215282
315.093080215282
315.093080215282
315.093080215282
315.093080215282

ave
322.004575120747
334.439972223456
320.895692270296
333.647699895954
334.575637263775
316.592282376494
317.341700487926
316.824155901056
315.986966709105
316.909622817412
331.579666840631
316.480732968730
316.076510004571
316.385165952340
315.933859636330
316.177418031209
346.468936329333
316.115129001295
331.244833368454
330.546412222054
315.837890694407
315.607635646242
317.488921441584
315.674133044197
315.866071226327
315.499035646242
330.437656928875
315.093080215282
315.191017988187
315.602034017605
315.289298437520
315.093080215282
315.615748489844
315.203225378058
315.111206876551
315.093080215282
315.093080215282
315.093080215282
315.093080215282
330.209144649456
315.093080215282
315.093080215282
315.093080215282
315.093080215282
315.093080215282
315.093080215282
315.093080215282
315.093080215282
315.093080215282
315.093080215282
315.093080215282
315.093080215282
315.093080215282
315.093080215282
315.093080215282
315.093080215282
315.093080215282
315.093080215282
315.093080215282
315.419530267606
315.093080215282
315.093080215282
315.093080215282
315.093080215282
315.093080215282
315.093080215282
315.093080215282
315.093080215282
315.093080215282
315.093080215282
315.093080215282
315.093080215282
315.093080215282
315.093080215282
315.093080215282
315.093080215282
315.419530267606
315.093080215282
315.093080215282
315.093080215282
315.093080215282
315.093080215282
315.405815795368
315.093080215282
315.093080215282
315.093080215282
315.111206876551
315.093080215282
315.093080215282
315.093080215282
315.093080215282
315.093080215282
315.191017988187
315.093080215282
315.093080215282
315.093080215282
315.093080215282
315.093080215282
315.093080215282
315.093080215282
315.093080215282
315.093080215282
315.093080215282
315.093080215282
315.093080215282
315.093080215282
315.093080215282
315.093080215282
315.405815795368
315.093080215282
315.093080215282
315.093080215282
315.093080215282
315.093080215282
315.093080215282
315.093080215282
315.093080215282
315.093080215282
315.093080215282
315.093080215282
315.093080215282
315.093080215282
315.093080215282
315.093080215282
315.093080215282
315.093080215282
315.093080215282
315.419530267606
315.191017988187
315.093080215282
315.093080215282
330.190670783780
315.093080215282
315.093080215282
315.093080215282
315.093080215282
315.093080215282
315.093080215282
315.093080215282
315.093080215282
315.093080215282
315.093080215282
315.093080215282
315.093080215282
315.093080215282
315.093080215282
315.093080215282
315.093080215282
315.093080215282
315.093080215282
315.093080215282
315.093080215282
315.093080215282
315.093080215282
315.093080215282
315.093080215282
315.093080215282
315.093080215282
315.093080215282
315.289298437520
315.093080215282
315.093080215282
315.093080215282
315.093080215282
315.093080215282
315.093080215282
315.093080215282
315.093080215282
315.093080215282
315.093080215282
315.093080215282
315.093080215282
315.093080215282
315.093080215282
315.093080215282
315.093080215282
315.093080215282
315.093080215282
315.093080215282
315.093080215282
315.093080215282
315.093080215282
315.289298437520
315.093080215282
315.093080215282
315.093080215282
315.093080215282
315.093080215282
315.093080215282
315.093080215282
315.093080215282
315.093080215282
315.093080215282
315.093080215282
315.093080215282
315.093080215282
315.093080215282
315.093080215282
315.093080215282
315.093080215282