最优解为:345.8073
最优解路径:

Best_route =

     0     0     0     0     0     0     0     0     0     0     0     0     0     0     0     0
    12     2     4    13    10     1     9    15    14     5     8     7     6    11     3     0
     0     0     0     0     0     0     0     0     0     0     0     0     0     0     0     0
     0     0     0     0     0     0     0     0     0     0     0     0     0     0     0     0
     0     0     0     0     0     0     0     0     0     0     0     0     0     0     0     0

本次运算用时:28.259秒
算法在第18代时收敛

best
354.072136323989
351.731692879154
347.565373102884
346.391760226703
346.391760226703
346.160550672715
346.160550672715
346.160550672715
346.160550672715
346.160550672715
346.160550672715
346.160550672715
346.160550672715
345.982098047689
345.982098047689
345.982098047689
345.982098047689
345.807333485820
345.807333485820
345.807333485820
345.807333485820
345.807333485820
345.807333485820
345.807333485820
345.807333485820
345.807333485820
345.807333485820
345.807333485820
345.807333485820
345.807333485820
345.807333485820
345.807333485820
345.807333485820
345.807333485820
345.807333485820
345.807333485820
345.807333485820
345.807333485820
345.807333485820
345.807333485820
345.807333485820
345.807333485820
345.807333485820
345.807333485820
345.807333485820
345.807333485820
345.807333485820
345.807333485820
345.807333485820
345.807333485820
345.807333485820
345.807333485820
345.807333485820
345.807333485820
345.807333485820
345.807333485820
345.807333485820
345.807333485820
345.807333485820
345.807333485820
345.807333485820
345.807333485820
345.807333485820
345.807333485820
345.807333485820
345.807333485820
345.807333485820
345.807333485820
345.807333485820
345.807333485820
345.807333485820
345.807333485820
345.807333485820
345.807333485820
345.807333485820
345.807333485820
345.807333485820
345.807333485820
345.807333485820
345.807333485820
345.807333485820
345.807333485820
345.807333485820
345.807333485820
345.807333485820
345.807333485820
345.807333485820
345.807333485820
345.807333485820
345.807333485820
345.807333485820
345.807333485820
345.807333485820
345.807333485820
345.807333485820
345.807333485820
345.807333485820
345.807333485820
345.807333485820
345.807333485820
345.807333485820
345.807333485820
345.807333485820
345.807333485820
345.807333485820
345.807333485820
345.807333485820
345.807333485820
345.807333485820
345.807333485820
345.807333485820
345.807333485820
345.807333485820
345.807333485820
345.807333485820
345.807333485820
345.807333485820
345.807333485820
345.807333485820
345.807333485820
345.807333485820
345.807333485820
345.807333485820
345.807333485820
345.807333485820
345.807333485820
345.807333485820
345.807333485820
345.807333485820
345.807333485820
345.807333485820
345.807333485820
345.807333485820
345.807333485820
345.807333485820
345.807333485820
345.807333485820
345.807333485820
345.807333485820
345.807333485820
345.807333485820
345.807333485820
345.807333485820
345.807333485820
345.807333485820
345.807333485820
345.807333485820
345.807333485820
345.807333485820
345.807333485820
345.807333485820
345.807333485820
345.807333485820
345.807333485820
345.807333485820
345.807333485820
345.807333485820
345.807333485820
345.807333485820
345.807333485820
345.807333485820
345.807333485820
345.807333485820
345.807333485820
345.807333485820
345.807333485820
345.807333485820
345.807333485820
345.807333485820
345.807333485820
345.807333485820
345.807333485820
345.807333485820
345.807333485820
345.807333485820
345.807333485820
345.807333485820
345.807333485820
345.807333485820
345.807333485820
345.807333485820
345.807333485820
345.807333485820
345.807333485820
345.807333485820
345.807333485820
345.807333485820
345.807333485820
345.807333485820
345.807333485820
345.807333485820
345.807333485820
345.807333485820
345.807333485820
345.807333485820
345.807333485820
345.807333485820
345.807333485820
345.807333485820
345.807333485820
345.807333485820
345.807333485820
345.807333485820
345.807333485820
345.807333485820
345.807333485820
345.807333485820
345.807333485820
345.807333485820
345.807333485820
345.807333485820
345.807333485820
345.807333485820
345.807333485820
345.807333485820
345.807333485820
345.807333485820
345.807333485820
345.807333485820
345.807333485820
345.807333485820
345.807333485820
345.807333485820
345.807333485820
345.807333485820
345.807333485820
345.807333485820
345.807333485820
345.807333485820
345.807333485820
345.807333485820
345.807333485820
345.807333485820
345.807333485820
345.807333485820
345.807333485820
345.807333485820
345.807333485820
345.807333485820
345.807333485820
345.807333485820
345.807333485820
345.807333485820
345.807333485820
345.807333485820
345.807333485820
345.807333485820
345.807333485820
345.807333485820
345.807333485820
345.807333485820
345.807333485820
345.807333485820
345.807333485820
345.807333485820
345.807333485820
345.807333485820
345.807333485820
345.807333485820
345.807333485820
345.807333485820
345.807333485820
345.807333485820
345.807333485820
345.807333485820
345.807333485820
345.807333485820
345.807333485820
345.807333485820
345.807333485820
345.807333485820
345.807333485820
345.807333485820
345.807333485820
345.807333485820
345.807333485820
345.807333485820
345.807333485820
345.807333485820
345.807333485820
345.807333485820
345.807333485820
345.807333485820
345.807333485820
345.807333485820
345.807333485820
345.807333485820
345.807333485820
345.807333485820
345.807333485820
345.807333485820
345.807333485820
345.807333485820
345.807333485820
345.807333485820
345.807333485820
345.807333485820
345.807333485820
345.807333485820
345.807333485820
345.807333485820
345.807333485820
345.807333485820
345.807333485820
345.807333485820
345.807333485820
345.807333485820
345.807333485820
345.807333485820
345.807333485820
345.807333485820
345.807333485820
345.807333485820
345.807333485820
345.807333485820
345.807333485820
345.807333485820
345.807333485820
345.807333485820
345.807333485820
345.807333485820
345.807333485820
345.807333485820
345.807333485820
345.807333485820
345.807333485820
345.807333485820
345.807333485820
345.807333485820
345.807333485820
345.807333485820
345.807333485820
345.807333485820
345.807333485820
345.807333485820
345.807333485820
345.807333485820
345.807333485820
345.807333485820
345.807333485820
345.807333485820
345.807333485820
345.807333485820
345.807333485820
345.807333485820
345.807333485820
345.807333485820
345.807333485820
345.807333485820
345.807333485820
345.807333485820
345.807333485820
345.807333485820
345.807333485820
345.807333485820
345.807333485820
345.807333485820
345.807333485820
345.807333485820
345.807333485820
345.807333485820
345.807333485820
345.807333485820
345.807333485820
345.807333485820
345.807333485820
345.807333485820
345.807333485820
345.807333485820
345.807333485820
345.807333485820
345.807333485820
345.807333485820
345.807333485820
345.807333485820
345.807333485820
345.807333485820
345.807333485820
345.807333485820
345.807333485820
345.807333485820
345.807333485820
345.807333485820
345.807333485820
345.807333485820
345.807333485820
345.807333485820
345.807333485820
345.807333485820
345.807333485820
345.807333485820
345.807333485820
345.807333485820
345.807333485820
345.807333485820
345.807333485820
345.807333485820
345.807333485820
345.807333485820
345.807333485820
345.807333485820
345.807333485820
345.807333485820
345.807333485820
345.807333485820
345.807333485820
345.807333485820
345.807333485820
345.807333485820
345.807333485820
345.807333485820
345.807333485820
345.807333485820
345.807333485820
345.807333485820
345.807333485820
345.807333485820
345.807333485820
345.807333485820
345.807333485820
345.807333485820
345.807333485820
345.807333485820
345.807333485820
345.807333485820
345.807333485820
345.807333485820
345.807333485820
345.807333485820
345.807333485820
345.807333485820
345.807333485820
345.807333485820
345.807333485820
345.807333485820
345.807333485820
345.807333485820
345.807333485820
345.807333485820
345.807333485820
345.807333485820
345.807333485820
345.807333485820
345.807333485820
345.807333485820
345.807333485820
345.807333485820
345.807333485820
345.807333485820
345.807333485820
345.807333485820
345.807333485820
345.807333485820
345.807333485820
345.807333485820
345.807333485820
345.807333485820
345.807333485820
345.807333485820
345.807333485820
345.807333485820
345.807333485820
345.807333485820
345.807333485820
345.807333485820
345.807333485820
345.807333485820
345.807333485820
345.807333485820
345.807333485820
345.807333485820
345.807333485820
345.807333485820
345.807333485820
345.807333485820
345.807333485820
345.807333485820
345.807333485820
345.807333485820
345.807333485820
345.807333485820
345.807333485820
345.807333485820
345.807333485820
345.807333485820
345.807333485820
345.807333485820
345.807333485820
345.807333485820
345.807333485820
345.807333485820
345.807333485820
345.807333485820
345.807333485820
345.807333485820
345.807333485820
345.807333485820
345.807333485820
345.807333485820
345.807333485820

ave
509.810861733137
471.505709934306
518.695062770576
477.756242990004
489.498446131492
466.533351364360
443.165176019634
444.165129519893
417.830152308886
466.609313371361
451.654027871428
426.096859570755
452.217857802678
389.326442711935
411.607750647152
436.854617717223
376.653773858904
414.458642526600
416.626095467561
398.525325104343
386.148735470974
424.340850868174
412.619990009146
408.848281457239
374.162610062230
421.670584134260
361.934756312893
384.386716115191
410.978644739004
445.178152972311
348.125552981611
372.158524763256
395.819074515345
381.984928814145
407.410655922200
409.602617702708
382.605511940341
420.076341587611
347.852309271076
394.871969763071
372.196768700997
395.847064025213
358.778113506831
382.292010762765
370.272077709214
345.821462173296
369.861873355957
407.119887080717
370.206141513169
370.255197477978
358.077109672686
370.036276217273
346.394578502055
346.151299884842
345.807333485820
345.807333485820
345.807333485820
382.633132578542
358.719437700979
357.965978359852
345.807333485820
346.049211792825
345.807333485820
345.807333485820
357.926732446319
345.807333485820
345.807333485820
346.019544800877
346.922416870914
357.699186521379
382.622810204706
345.807333485820
370.342970309034
345.807333485820
357.964857780424
345.807333485820
345.807333485820
345.807333485820
345.807333485820
345.807333485820
358.586576990330
358.103294628844
345.807333485820
345.807333485820
345.807333485820
357.967320477768
345.807333485820
345.972069596282
359.461097379390
345.807333485820
358.204841573807
346.496924737422
370.762113304784
346.520346900773
358.561631591577
345.807333485820
345.807333485820
346.112577209385
359.409123101821
346.595491715475
358.416142323688
357.969522887312
345.807333485820
358.793083719881
358.450304068808
345.807333485820
358.712213946499
346.779589940390
357.570215305928
358.103294628844
346.114360119083
346.123573411777
345.807333485820
358.690409590931
358.469163922074
345.807333485820
345.807333485820
358.862414287207
346.114360119083
346.007127732085
346.083416447827
369.728860179960
346.552392096703
345.807333485820
345.807333485820
357.659696664598
346.139138886837
345.837193967746
346.109388047954
381.898274066607
346.518747461166
346.233938978426
358.349075038830
345.807333485820
345.928417967746
345.807333485820
345.807333485820
345.807333485820
358.493145541745
357.937653485820
370.228670400116
345.807333485820
358.430814767546
345.807333485820
346.452809664103
370.300648363763
345.807333485820
358.271222083417
345.807333485820
372.800938145762
345.807333485820
345.807333485820
345.807333485820
370.381253025108
358.084986071567
357.926732446319
357.774926294924
345.807333485820
345.807333485820
370.282803384524
357.967320477768
358.358305512555
358.068683408168
346.690522712163
345.807333485820
358.125492889624
346.809624537233
358.408538352409
346.114360119083
345.807333485820
358.510984078869
347.204172438410
358.618331337859
346.045920267103
345.807333485820
346.364157783059
345.837193967746
358.121387245780
346.057467140818
345.807333485820
345.807333485820
346.216429534663
346.758431830318
345.807333485820
346.318836663592
357.774926294924
345.837193967746
346.121484889559
345.807333485820
345.875216922835
346.345382948887
345.807333485820
346.206690464632
358.093554155236
345.807333485820
346.392519519935
345.807333485820
346.960802623707
346.095260498594
346.414013381757
357.965978359852
345.807333485820
346.347420974947
345.807333485820
346.517824785723
345.807333485820
345.807333485820
345.807333485820
345.807333485820
358.257851521146
358.127239590821
357.926732446319
346.121484889559
346.089710680309
345.807333485820
345.807333485820
345.807333485820
357.937653485820
345.807333485820
346.482476656051
346.428970087106
345.807333485820
346.303587886401
345.807333485820
345.807333485820
346.101198592381
346.121484889559
357.967320477768
346.696414689399
345.807333485820
347.202741584741
345.807333485820
345.807333485820
345.807333485820
345.807333485820
345.807333485820
345.807333485820
345.807333485820
345.807333485820
357.937653485820
345.807333485820
370.067218938972
358.343733441788
346.157355284605
357.981768559139
345.807333485820
358.524159685792
346.696414689399
346.312436462307
369.631966028267
345.807333485820
346.819562138071
346.109388047954
346.468879361246
346.695648411638
382.381398449840
358.047816928245
357.981768559139
345.937675301355
345.807333485820
369.930085110570
357.570215305928
346.114901291988
358.103294628844
358.262239207615
346.578919174565
358.855147700448
345.807333485820
357.600075787854
345.807333485820
345.807333485820
369.905246294924
345.807333485820
346.427294909581
345.807333485820
346.045920267103
345.807333485820
358.593653507501
357.837571861058
346.101198592381
358.175751040227
345.807333485820
357.967320477768
346.057467140818
345.807333485820
345.807333485820
345.807333485820
345.955820066392
345.807333485820
358.306022767761
345.807333485820
345.807333485820
357.981768559139
358.234300252486
359.286012179050
357.965978359852
345.807333485820
346.014135984275
345.807333485820
346.607998094751
345.807333485820
358.201117979197
369.856435975344
345.807333485820
347.581465007812
358.806863906595
346.392956645465
345.807333485820
346.520346900773
358.471444960791
357.570215305928
345.807333485820
345.807333485820
345.807333485820
345.807333485820
345.807333485820
346.145058778942
345.807333485820
370.124844772371
345.807333485820
345.807333485820
346.550207382699
358.329219719962
345.837193967746
357.908574064940
346.415349996121
345.807333485820
357.908574064940
346.956544543252
345.807333485820
345.807333485820
345.807333485820
346.527951458854
346.057467140818
345.807333485820
370.057052446319
345.807333485820
345.807333485820
358.175280162430
358.093554155236
346.482375119395
346.057467140818
345.807333485820
357.926732446319
345.807333485820
345.807333485820
345.807333485820
345.972069596282
345.837193967746
346.481710861744
345.807333485820
346.104925496058
358.898269012286
346.318836663592
346.058715808217
346.573724362171
346.287085018265
358.619757315202
345.807333485820
346.057467140818
357.937653485820
345.807333485820
345.891635707041
345.807333485820
357.837571861058
357.981768559139
358.068683408168
357.774926294924
345.807333485820
383.722968913811
346.667451305596
359.336514630474
345.837193967746
346.312566372423
346.491997848167
345.807333485820
345.807333485820
346.448395627803
357.917346434978
357.909084267103
358.353968360436
346.101198592381
345.807333485820
347.505264816944
358.066469706509
345.807333485820
346.233938978426
345.807333485820
345.807333485820
345.807333485820
345.807333485820
370.924344033339
345.807333485820
346.016635288398
345.807333485820
346.645906991390
345.807333485820
345.807333485820
346.114360119083
346.204271986479
346.346519467939
358.103294628844
345.807333485820
357.937653485820
345.807333485820
345.807333485820
345.807333485820
345.807333485820
345.807333485820
346.016635288398
357.937653485820
345.807333485820
346.520346900773
358.784049368533
357.937653485820
358.308064059770
345.807333485820
357.937653485820
357.774926294924
358.103294628844
357.909084267103
357.570215305928
346.845754351031
370.367112222961
345.929667778118
345.807333485820
358.403613931879
345.807333485820
345.807333485820
357.981768559139
358.123540916479
357.981768559139
345.807333485820
345.807333485820
345.807333485820
357.926732446319
346.016635288398
345.807333485820
358.945496623938
358.868280547357
357.570215305928
345.807333485820
369.973283264862
357.908574064940
357.926732446319
358.103294628844
357.837571861058
346.647924478865
358.308010804613
345.807333485820
345.807333485820
357.837571861058
345.807333485820
346.204271986479
345.807333485820
345.807333485820
345.807333485820
347.415605297570
345.814471590821
369.938812440179
345.807333485820
357.984228097502
345.807333485820
345.807333485820
345.807333485820
358.256777318365
358.438057228730
346.064605245819
359.301953037881
345.807333485820
346.523145123866
358.287675284605
346.427000453720
370.170434189451
357.937653485820
357.909084267103
358.685475753458
358.293007969838
347.044821067600
358.149768477768
358.068683408168
357.908574064940
359.633448664833
370.133533004082
357.774926294924
346.392956645465
345.946952172462
347.390976795496
357.916731795972
358.394540383878
346.021790135197
346.123573411777
346.213833012104
346.706658841166
346.112577209385
345.807333485820
345.807333485820
345.807333485820
345.814471590821
345.807333485820