最优解为:1783.7659
最优解路径:

Best_route =

  1 至 24 列

    11    12     7     8    29    30    17    18     5     6    13    14     0     0     0     0     0     0     0     0     0     0     0     0
     0     0     0     0     0     0     0     0     0     0     0     0     0     0     0     0     0     0     0     0     0     0     0     0
     0     0     0     0     0     0     0     0     0     0     0     0     0     0     0     0     0     0     0     0     0     0     0     0
    21    22    23    24    25    26     3     4    15    16     0     0     0     0     0     0     0     0     0     0     0     0     0     0
    27    28    19    20     1     2     9    10     0     0     0     0     0     0     0     0     0     0     0     0     0     0     0     0

  25 至 31 列

     0     0     0     0     0     0     0
     0     0     0     0     0     0     0
     0     0     0     0     0     0     0
     0     0     0     0     0     0     0
     0     0     0     0     0     0     0

本次运算用时:114.888秒
算法在第174代时收敛

best
1797.73203106770
1795.32947032684
1795.32947032684
1795.32947032684
1795.32947032684
1795.32947032684
1795.32947032684
1795.32947032684
1795.32947032684
1795.32947032684
1792.36411175856
1792.36411175856
1790.84933488527
1790.84933488527
1790.84933488527
1790.84933488527
1790.84933488527
1790.84933488527
1789.76850158328
1789.76850158328
1785.49013704010
1785.49013704010
1785.49013704010
1785.49013704010
1785.49013704010
1785.49013704010
1785.49013704010
1785.49013704010
1785.49013704010
1785.49013704010
1785.49013704010
1785.49013704010
1785.49013704010
1785.49013704010
1785.49013704010
1785.49013704010
1785.49013704010
1785.49013704010
1785.49013704010
1785.49013704010
1785.49013704010
1785.49013704010
1785.49013704010
1785.49013704010
1785.49013704010
1785.49013704010
1785.49013704010
1785.49013704010
1785.49013704010
1785.49013704010
1785.49013704010
1785.49013704010
1785.49013704010
1785.49013704010
1785.49013704010
1785.49013704010
1785.49013704010
1785.49013704010
1785.49013704010
1785.49013704010
1785.49013704010
1785.49013704010
1785.49013704010
1785.49013704010
1785.49013704010
1785.49013704010
1785.49013704010
1785.49013704010
1785.49013704010
1785.49013704010
1785.49013704010
1785.49013704010
1785.49013704010
1785.49013704010
1785.49013704010
1785.49013704010
1785.49013704010
1785.49013704010
1785.49013704010
1785.49013704010
1785.49013704010
1785.49013704010
1785.49013704010
1785.49013704010
1785.49013704010
1785.49013704010
1785.49013704010
1785.49013704010
1785.49013704010
1785.49013704010
1785.49013704010
1785.49013704010
1785.49013704010
1785.49013704010
1785.49013704010
1785.49013704010
1785.49013704010
1785.49013704010
1785.49013704010
1785.49013704010
1785.49013704010
1785.49013704010
1785.49013704010
1785.49013704010
1785.49013704010
1785.49013704010
1785.49013704010
1785.49013704010
1785.49013704010
1785.49013704010
1785.49013704010
1785.49013704010
1785.49013704010
1785.49013704010
1785.49013704010
1785.49013704010
1785.49013704010
1785.49013704010
1785.49013704010
1785.49013704010
1785.49013704010
1785.49013704010
1785.49013704010
1785.49013704010
1785.49013704010
1785.49013704010
1785.49013704010
1785.49013704010
1785.49013704010
1785.49013704010
1785.49013704010
1785.49013704010
1785.49013704010
1785.49013704010
1785.49013704010
1785.49013704010
1785.49013704010
1785.49013704010
1785.49013704010
1785.49013704010
1785.49013704010
1785.49013704010
1785.49013704010
1785.49013704010
1785.49013704010
1785.49013704010
1785.49013704010
1785.49013704010
1785.49013704010
1785.49013704010
1785.49013704010
1785.49013704010
1785.49013704010
1785.49013704010
1785.49013704010
1785.49013704010
1785.49013704010
1785.49013704010
1785.49013704010
1785.49013704010
1785.49013704010
1785.49013704010
1785.49013704010
1785.49013704010
1785.49013704010
1785.49013704010
1785.49013704010
1785.49013704010
1785.49013704010
1785.49013704010
1785.49013704010
1785.49013704010
1785.49013704010
1783.76591514845
1783.76591514845
1783.76591514845
1783.76591514845
1783.76591514845
1783.76591514845
1783.76591514845
1783.76591514845
1783.76591514845
1783.76591514845
1783.76591514845
1783.76591514845
1783.76591514845
1783.76591514845
1783.76591514845
1783.76591514845
1783.76591514845
1783.76591514845
1783.76591514845
1783.76591514845
1783.76591514845
1783.76591514845
1783.76591514845
1783.76591514845
1783.76591514845
1783.76591514845
1783.76591514845
1783.76591514845
1783.76591514845
1783.76591514845
1783.76591514845
1783.76591514845
1783.76591514845
1783.76591514845
1783.76591514845
1783.76591514845
1783.76591514845
1783.76591514845
1783.76591514845
1783.76591514845
1783.76591514845
1783.76591514845
1783.76591514845
1783.76591514845
1783.76591514845
1783.76591514845
1783.76591514845
1783.76591514845
1783.76591514845
1783.76591514845
1783.76591514845
1783.76591514845
1783.76591514845
1783.76591514845
1783.76591514845
1783.76591514845
1783.76591514845
1783.76591514845
1783.76591514845
1783.76591514845
1783.76591514845
1783.76591514845
1783.76591514845
1783.76591514845
1783.76591514845
1783.76591514845
1783.76591514845
1783.76591514845
1783.76591514845
1783.76591514845
1783.76591514845
1783.76591514845
1783.76591514845
1783.76591514845
1783.76591514845
1783.76591514845
1783.76591514845
1783.76591514845
1783.76591514845
1783.76591514845
1783.76591514845
1783.76591514845
1783.76591514845
1783.76591514845
1783.76591514845
1783.76591514845
1783.76591514845
1783.76591514845
1783.76591514845
1783.76591514845
1783.76591514845
1783.76591514845
1783.76591514845
1783.76591514845
1783.76591514845
1783.76591514845
1783.76591514845
1783.76591514845
1783.76591514845
1783.76591514845
1783.76591514845
1783.76591514845
1783.76591514845
1783.76591514845
1783.76591514845
1783.76591514845
1783.76591514845
1783.76591514845
1783.76591514845
1783.76591514845
1783.76591514845
1783.76591514845
1783.76591514845
1783.76591514845
1783.76591514845
1783.76591514845
1783.76591514845
1783.76591514845
1783.76591514845
1783.76591514845
1783.76591514845
1783.76591514845
1783.76591514845
1783.76591514845
1783.76591514845
1783.76591514845
1783.76591514845
1783.76591514845
1783.76591514845
1783.76591514845
1783.76591514845
1783.76591514845
1783.76591514845
1783.76591514845
1783.76591514845
1783.76591514845
1783.76591514845
1783.76591514845
1783.76591514845
1783.76591514845
1783.76591514845
1783.76591514845
1783.76591514845
1783.76591514845
1783.76591514845
1783.76591514845
1783.76591514845
1783.76591514845
1783.76591514845
1783.76591514845
1783.76591514845
1783.76591514845
1783.76591514845
1783.76591514845
1783.76591514845
1783.76591514845
1783.76591514845
1783.76591514845
1783.76591514845
1783.76591514845
1783.76591514845
1783.76591514845
1783.76591514845
1783.76591514845
1783.76591514845
1783.76591514845
1783.76591514845
1783.76591514845
1783.76591514845
1783.76591514845
1783.76591514845
1783.76591514845
1783.76591514845
1783.76591514845
1783.76591514845
1783.76591514845
1783.76591514845
1783.76591514845
1783.76591514845
1783.76591514845
1783.76591514845
1783.76591514845
1783.76591514845
1783.76591514845
1783.76591514845
1783.76591514845
1783.76591514845
1783.76591514845
1783.76591514845
1783.76591514845
1783.76591514845
1783.76591514845
1783.76591514845
1783.76591514845
1783.76591514845
1783.76591514845
1783.76591514845
1783.76591514845
1783.76591514845
1783.76591514845
1783.76591514845
1783.76591514845
1783.76591514845
1783.76591514845
1783.76591514845
1783.76591514845
1783.76591514845
1783.76591514845
1783.76591514845
1783.76591514845
1783.76591514845
1783.76591514845
1783.76591514845
1783.76591514845
1783.76591514845
1783.76591514845
1783.76591514845
1783.76591514845
1783.76591514845
1783.76591514845
1783.76591514845
1783.76591514845
1783.76591514845
1783.76591514845
1783.76591514845
1783.76591514845
1783.76591514845
1783.76591514845
1783.76591514845
1783.76591514845
1783.76591514845
1783.76591514845
1783.76591514845
1783.76591514845
1783.76591514845
1783.76591514845
1783.76591514845
1783.76591514845
1783.76591514845
1783.76591514845
1783.76591514845
1783.76591514845
1783.76591514845
1783.76591514845
1783.76591514845
1783.76591514845
1783.76591514845
1783.76591514845
1783.76591514845
1783.76591514845
1783.76591514845
1783.76591514845
1783.76591514845
1783.76591514845
1783.76591514845
1783.76591514845
1783.76591514845
1783.76591514845
1783.76591514845
1783.76591514845
1783.76591514845
1783.76591514845
1783.76591514845
1783.76591514845
1783.76591514845
1783.76591514845
1783.76591514845
1783.76591514845
1783.76591514845
1783.76591514845
1783.76591514845
1783.76591514845
1783.76591514845
1783.76591514845
1783.76591514845
1783.76591514845
1783.76591514845
1783.76591514845
1783.76591514845
1783.76591514845
1783.76591514845
1783.76591514845
1783.76591514845
1783.76591514845
1783.76591514845
1783.76591514845
1783.76591514845
1783.76591514845
1783.76591514845
1783.76591514845
1783.76591514845
1783.76591514845
1783.76591514845
1783.76591514845
1783.76591514845
1783.76591514845
1783.76591514845
1783.76591514845
1783.76591514845
1783.76591514845
1783.76591514845
1783.76591514845
1783.76591514845
1783.76591514845
1783.76591514845
1783.76591514845
1783.76591514845
1783.76591514845
1783.76591514845
1783.76591514845
1783.76591514845
1783.76591514845
1783.76591514845
1783.76591514845
1783.76591514845
1783.76591514845
1783.76591514845
1783.76591514845
1783.76591514845
1783.76591514845
1783.76591514845
1783.76591514845
1783.76591514845
1783.76591514845
1783.76591514845
1783.76591514845
1783.76591514845

ave
2723.23044087310
2744.63561077001
2792.47628157327
2744.85899327451
2755.72252948214
2719.99668933606
2684.17397791517
2998.42547635200
2696.06957254243
2611.47379462314
2630.88476775419
2827.40867664937
2701.09256421802
2543.52168723474
2589.65170457333
2582.87923230300
3011.95600526926
2525.39134752596
2464.72268375064
2467.38974385416
2617.06224488087
2565.65364678653
2574.45773800564
2505.03064417051
2690.00758289460
2364.71939950424
2514.94572894652
2343.53130482863
2433.44061812337
2286.43194573412
2446.86831363545
2560.08822864464
2405.21876792407
2293.51199315253
2433.10247062542
2420.87627778064
2433.73162764479
2312.32559458103
2185.27812683327
2350.31385181695
2336.94032604118
2295.16876876786
2338.70585620335
2432.09958399676
2281.42167567036
2339.06094182065
2445.07144038757
2523.42248324595
2369.11491255260
2317.09098770924
2285.47554050015
2569.13623799880
2354.64870032608
2317.77298238669
2291.94776172737
2473.02727291444
2267.98768091689
2341.83443853342
2238.46530609079
2310.70004369422
2509.80679731489
2308.98790808471
2259.73109547124
2225.83957037728
2406.86818468525
2282.95364182962
2325.76246215202
2383.81817955815
2516.26459009174
2377.83639694725
2136.79481228820
2396.42416888039
2451.46565182092
2138.13555012437
2510.85378614774
2235.66858485338
2446.57336733469
2405.77305392131
2234.86846862282
2375.51666239015
2187.29966073585
2263.26481560023
2302.35853796503
2141.57585424818
2390.35650247373
2507.86571115155
2347.54277114060
2219.92289477912
2406.39776152022
2238.61100136373
2507.86091626739
2397.82930200007
2299.91843549560
2449.26311994321
2290.57935581390
2545.02457719692
2294.48573765677
2173.00300515282
2272.68282638546
2361.65555808797
2188.83942993323
2346.11670872016
2382.05565789310
2217.60172073052
2185.68092488291
2379.95123723959
2470.83304223345
2231.32690953752
2404.35448959235
2193.50760474414
2396.38183083224
2196.27097372926
1962.68546107099
2072.68114564440
2302.24011214227
2313.63733679522
2133.94709022095
2168.84337222209
2350.23668708886
2595.62479415943
2137.37349391144
2301.00879777824
2361.53950454948
2391.72984636135
2239.56866364802
2087.83366590958
2085.44260671118
2287.14398315875
2210.82495054090
2370.59208528385
2165.12996725850
2102.34511841495
2373.85532764331
2287.78075771408
2559.28650754327
2304.29685917509
2152.27011218788
2075.87732310569
2381.33677012050
2307.33199170373
2138.22772816427
2163.82026675656
2342.65121108627
2352.91448999122
2037.81664851187
2207.99081039928
2224.64610099687
2344.27524761072
2188.87268149363
2388.10433044915
2200.65310141412
2200.31584068717
2228.81944019303
2193.48107317327
2189.20452218699
1999.60931678677
2251.54481207387
2458.77072845734
2214.33201270534
2244.03064489790
2332.80175254178
2188.12562159723
2259.09187291892
2194.98192026891
2296.45638073789
2282.56662167287
2337.21155898318
2193.12382641681
2157.12343473806
2310.37290365743
2172.95455479742
2354.85294246598
2191.95178696107
2176.73829504863
2266.96630231696
2249.37372251631
2232.01492405896
2547.65542402109
2302.55625912511
2393.50675150376
2199.90842270250
2209.08329710179
2135.24178587573
2369.54156826435
2349.51265620595
2372.49118376071
2291.01295627204
2044.81372984934
2131.06808565530
2287.79658465143
2289.94231961217
2269.98871538232
2131.54433377832
2422.63002097798
2182.68119274303
2507.61834701824
2157.12787696665
2322.96024052844
2143.34492588691
2222.87039722307
2253.79980502873
2344.48197850683
2109.21542256767
2291.26916817367
2566.70139474218
2080.28936476230
2260.97238017557
2113.49250936897
2212.78932668768
2386.23917321355
2201.87616571174
2096.53589189548
2259.59712082645
2239.31586964490
2140.91631614241
2138.13094214167
2276.00160671761
2083.90564050046
2239.85492615860
2273.44991029770
2184.41015015467
2190.66168793072
2263.73636812299
2314.35930329376
2239.51098129918
2162.10547571556
2222.19578127111
2219.05102895831
2203.99111820344
2392.96424049478
2199.45080673727
2194.20214607867
2416.45477206950
2307.37411359031
2426.95142288347
2144.30277328918
2148.72806169100
2102.50623462800
2251.94001015338
2357.99781449250
2193.21545407598
2329.64726751614
2265.65155612532
2398.34303670598
2262.45424896638
2191.46698991725
2275.19501045365
2196.37940036771
2397.04638637466
2089.93847275451
2253.37197963196
2201.44287373823
2205.99537347043
2319.73091130992
2280.79540991577
2197.67513431290
2165.95353364252
2138.91116347531
2172.51441810636
2260.87817165239
2250.96811602054
2153.36905717396
2334.29492323262
2284.87007377052
2151.04646896180
2372.71834844471
2354.33084227815
2174.03846958124
2220.71516154087
2197.63880295417
2177.09185820436
2067.69040745447
2148.73203354025
2120.42520114784
2404.44509590627
2303.67167990918
2300.12784560334
2072.24622725823
2089.03250582237
2194.49426361871
2196.23938822584
2266.90658232084
2219.40177135323
2188.05433992975
2231.13311170559
2117.80625157449
2231.93791556773
2252.99970733420
2354.84138337384
2233.29126259453
2152.12266270031
2461.39337132448
2296.11416839716
2363.07545528675
2191.01429194268
2437.49173978775
2367.18328965161
2420.15850390892
2155.06559186528
2205.29448067034
2224.77534410806
2325.67589415988
2021.52391743001
2363.05911524307
2379.65957568377
2148.27128204264
2213.80053052494
2290.47446912417
2062.61752140527
2359.87271276163
2193.36507183401
2123.17789554138
2269.33354364214
2404.06991105928
2231.97698350872
2162.19861222622
2239.33317685426
2254.36855989036
2234.62692149721
2379.00673541597
2297.96430652516
2134.44434958638
2374.51070655897
2272.61473431651
2322.94259742336
2312.59900149607
2127.30280253593
2324.06382334684
2319.31191657603
2312.28679348186
2133.87816992116
2222.42759187255
2173.28394726617
2023.49673847357
2477.41929151445
2273.16652849896
2191.91200619375
2120.08643173387
2179.95370338277
2213.10876978526
2125.15290840583
2165.79470834203
2069.05778916153
2316.75668156722
2110.83926272697
2120.82246793573
2205.50222485659
2135.94790755095
2067.46643707111
2308.25299735322
2102.38161550368
2484.01539661501
2310.98109224495
2184.69581497336
2470.97531987751
2323.03713883790
2184.05680916938
2096.62309387511
2402.06124655362
2233.46249034559
2378.67681819046
2202.78877638099
2168.58724034684
2333.66601428509
2279.34585126772
2479.58595523926
2263.92118013239
2237.64084717644
2139.25289825314
2214.10752290531
2276.19434080181
2236.91224092109
2306.97157316613
2399.91542478358
2321.97998752950
2170.66702522852
2289.16938077872
2361.82189664107
2494.28959265559
2175.21052517492
2236.13375714564
2263.82020569282
2240.19835085641
2324.22017972578
2148.12520335471
2107.06563594164
2146.87245067643
2117.16975556069
2289.73094121931
2245.95142863549
2079.01863873886
2314.74608761867
2216.69991654353
2262.85490597566
2199.46903638239
2303.21301489708
2164.19454424748
2248.77850953580
2148.69508509668
2304.48672453760
2057.12881246627
2224.42270979746
2094.05425370460
2433.43274238484
2128.85478873853
2147.03897378422
2259.56341892845
2225.17840623340
2244.71521983688
2289.33516790173
2120.53397661598
2368.91592857548
2000.92715939534
2205.78136132580
2113.25851711907
2187.60639971835
2142.58355836516
2202.69361566501
2387.09247381731
2114.47085256519
2038.58536030280
2137.77178670974
2261.11098345594
2159.88674789634
2265.54063369254
2215.97285505812
2312.81863839663
2235.76704004093
2190.44971763553
2262.76162562399
2391.96581920288
2114.17162373721
2303.84669797469
2173.20440702249
2181.86199424772
2084.62054757317
2269.02628855578
2156.92224063491
2205.15533386805
2312.50105654221
2306.21166853111
2224.58273423304
2316.40762674938
2301.95843822885
2306.63791106889
2246.77133947852
2360.64568205891
2555.92968453839
2181.24039146407
2244.56817445379
2295.92817848591
2236.23562250249
2358.63507407178
2273.34825010609
2245.41746809085
2147.83158796328
2314.64487483292
2076.81144722903
2119.96302543522
2393.26576878152
2054.60136017251
2084.74430257607
2089.43456185226
2477.01177639227
2053.74748008073
2178.25974871915
2165.41455703585
2299.39539809456
2221.34715539174
2356.36968728690
2231.30146430437
2113.89446599719
2288.38051960426
2353.69578044697
2083.35186826973
2311.53708554973
2348.52882142912
2193.44384616691
2224.66300872319
2149.32500732629
2275.09211050262
2311.27041130320
2258.12302710509
2295.28895673049
2308.70993480164
2461.31617307842
2116.21672631756
2106.38980258715
2229.87007039828
2158.53568051707
2317.87112079265
2282.67014259116
2277.12630326487
2157.93392536346
2215.72825724614
2156.58688876888
2183.58734582652
2301.04286025666
2088.51143831431
2077.48749461864
