task 1：
目标函数：311.863
决策变量：
x
t1  （大小 5）	t1  （大小 5）	v1  （大小 2）	值
1	1	1	0
1	1	2	0
1	2	1	0
1	2	2	0
1	3	1	0
1	3	2	0
1	4	1	0
1	4	2	0
1	5	1	1
1	5	2	0
2	1	1	0
2	1	2	0
2	2	1	0
2	2	2	0
2	3	1	1
2	3	2	0
2	4	1	0
2	4	2	0
2	5	1	0
2	5	2	0
3	1	1	0
3	1	2	0
3	2	1	0
3	2	2	0
3	3	1	0
3	3	2	0
3	4	1	1
3	4	2	0
3	5	1	0
3	5	2	0
4	1	1	1
4	1	2	0
4	2	1	0
4	2	2	0
4	3	1	0
4	3	2	0
4	4	1	0
4	4	2	0
4	5	1	0
4	5	2	0
5	1	1	0
5	1	2	0
5	2	1	1
5	2	2	0
5	3	1	0
5	3	2	0
5	4	1	0
5	4	2	0
5	5	1	0
5	5	2	0

y
t1  （大小 5）	值
1	0
2	1.83333333333333
3	3.69514608803757
4	4.71536614429606
5	0

时间：2.21

task 2：
目标函数：330.45
决策变量：
x
t1  （大小 5）	t1  （大小 5）	v1  （大小 2）	值
1	1	1	0
1	1	2	0
1	2	1	0
1	2	2	0
1	3	1	0
1	3	2	0
1	4	1	1
1	4	2	0
1	5	1	0
1	5	2	0
2	1	1	1
2	1	2	0
2	2	1	0
2	2	2	0
2	3	1	0
2	3	2	0
2	4	1	0
2	4	2	0
2	5	1	0
2	5	2	0
3	1	1	0
3	1	2	0
3	2	1	1
3	2	2	0
3	3	1	0
3	3	2	0
3	4	1	0
3	4	2	0
3	5	1	0
3	5	2	0
4	1	1	0
4	1	2	0
4	2	1	0
4	2	2	0
4	3	1	0
4	3	2	0
4	4	1	0
4	4	2	0
4	5	1	1
4	5	2	0
5	1	1	0
5	1	2	0
5	2	1	0
5	2	2	0
5	3	1	1
5	3	2	0
5	4	1	0
5	4	2	0
5	5	1	0
5	5	2	0

y
t1  （大小 5）	值
1	0
2	3.90295803096686
3	3.31129136429971
4	0.728868986855663
5	2.79107130704304

时间：2.69
