实验环境：
VeiNum = 2
Q_ant = 60
AntNum = 25 
iter_max = 100

cus：
40	50
40	50
40	50
67	85
35	66
85	35
47	35

task：
3	4	3	0	1
4	2	4	1	0
3	5	3	0	1
5	2	4	3	0
2	6	1	0	1
6	3	2	5	0
3	7	3	0	1
7	2	4	7	0


抽取的客户节点编号为

Cus_select =

    92    10    81    66

各任务对应的的客户节点编号为

Task_Cus =

    92    10    81    66


Task_size: 8

vNum:2

Tasktime:
0
0.166666666666667
1.77176847193168
0.166666666666667
1.08574303202267
1.85252078922981
0.166666666666667
0.166666666666667
1.08049030059784

Linktime:
0	1.60510180526502	1.10510180526502	0.919076365356005	0.419076365356005	0	1.18585412256314	0.913823633931171	0.413823633931171
1.10510180526502	2.87687027719670	0	2.19084483728769	0.930389703296420	1.27176847193168	1.32853302555864	2.18559210586286	1.34629120178363
0	1.60510180526502	1.27176847193168	0.919076365356005	0.585743032022672	0	1.35252078922981	0.913823633931171	0.580490300597838
0.419076365356005	2.19084483728769	0.930389703296420	1.50481939737868	0	0.585743032022672	1.47075660800827	1.49956666595384	0.831038506929733
0	1.60510180526502	1.27176847193168	0.919076365356005	0.585743032022672	0	1.35252078922981	0.913823633931171	0.580490300597838
1.18585412256314	2.95762259449483	1.32853302555864	2.27159715458581	1.47075660800827	1.35252078922981	0	2.26634442316098	0.950000000000000
1.68585412256314	1.32853302555864	2.95762259449483	1.47075660800827	2.27159715458581	1.68585412256314	3.03837491179295	0.950000000000000	2.26634442316098
0.413823633931171	2.18559210586286	1.34629120178363	1.49956666595384	0.831038506929733	0.580490300597838	0.950000000000000	1.49431393452901	0
0	1.60510180526502	1.27176847193168	0.919076365356005	0.585743032022672	0	1.35252078922981	0.913823633931171	0.580490300597838



linktime（task1）
0	1.10510180526502	0.419076365356005	0	0.413823633931171
0	1.27176847193168	0.585743032022672	0	0.580490300597838
0	1.27176847193168	0.585743032022672	0	0.580490300597838
1.18585412256314	1.32853302555864	1.47075660800827	1.35252078922981	0.950000000000000
0	1.27176847193168	0.585743032022672	0	0.580490300597838

linktime（task2）
0	1.60510180526502	0.919076365356005	1.18585412256314	0.913823633931171
1.10510180526502	2.87687027719670	2.19084483728769	1.32853302555864	2.18559210586286
0.419076365356005	2.19084483728769	1.50481939737868	1.47075660800827	1.49956666595384
1.68585412256314	1.32853302555864	1.47075660800827	3.03837491179295	0.950000000000000
0.413823633931171	2.18559210586286	1.49956666595384	0.950000000000000	1.49431393452901

tasktime（1）
0
1.77176847193168
1.08574303202267
1.85252078922981
1.08049030059784

tasktime（2）
0
0.166666666666667
0.166666666666667
0.166666666666667
0.166666666666667
