最优解为:317.0428
最优解路径:

Best_route =

     0     0     0     0
     1     2     3     0

本次运算用时:0.812秒
算法在第1代时收敛

best
317.042797037746
317.042797037746
317.042797037746
317.042797037746
317.042797037746
317.042797037746
317.042797037746
317.042797037746
317.042797037746
317.042797037746
317.042797037746
317.042797037746
317.042797037746
317.042797037746
317.042797037746
317.042797037746
317.042797037746
317.042797037746
317.042797037746
317.042797037746
317.042797037746
317.042797037746
317.042797037746
317.042797037746
317.042797037746
317.042797037746
317.042797037746
317.042797037746
317.042797037746
317.042797037746
317.042797037746
317.042797037746
317.042797037746
317.042797037746
317.042797037746
317.042797037746
317.042797037746
317.042797037746
317.042797037746
317.042797037746
317.042797037746
317.042797037746
317.042797037746
317.042797037746
317.042797037746
317.042797037746
317.042797037746
317.042797037746
317.042797037746
317.042797037746
317.042797037746
317.042797037746
317.042797037746
317.042797037746
317.042797037746
317.042797037746
317.042797037746
317.042797037746
317.042797037746
317.042797037746
317.042797037746
317.042797037746
317.042797037746
317.042797037746
317.042797037746
317.042797037746
317.042797037746
317.042797037746
317.042797037746
317.042797037746
317.042797037746
317.042797037746
317.042797037746
317.042797037746
317.042797037746
317.042797037746
317.042797037746
317.042797037746
317.042797037746
317.042797037746
317.042797037746
317.042797037746
317.042797037746
317.042797037746
317.042797037746
317.042797037746
317.042797037746
317.042797037746
317.042797037746
317.042797037746
317.042797037746
317.042797037746
317.042797037746
317.042797037746
317.042797037746
317.042797037746
317.042797037746
317.042797037746
317.042797037746
317.042797037746

ave
363.556834397110
362.010005534075
318.494240332299
332.497580968040
317.707611469264
332.884288183799
318.046625900781
332.822818685023
332.104266536522
317.266604253505
317.273773752281
317.266604253505
317.653311469264
317.266604253505
317.544711469264
317.490411469264
317.320904253505
317.822818685023
317.151397037746
317.042797037746
317.042797037746
317.375204253505
332.266604253505
317.320904253505
317.042797037746
332.042797037746
317.266604253505
332.042797037746
317.042797037746
317.042797037746
332.042797037746
317.042797037746
317.042797037746
346.948536035299
317.042797037746
331.995666536522
317.042797037746
317.042797037746
317.042797037746
317.042797037746
317.042797037746
317.042797037746
317.042797037746
332.042797037746
317.042797037746
317.042797037746
317.042797037746
317.042797037746
317.042797037746
317.042797037746
317.042797037746
317.042797037746
317.042797037746
317.042797037746
317.042797037746
317.042797037746
317.042797037746
317.042797037746
317.042797037746
317.042797037746
317.042797037746
317.042797037746
317.042797037746
317.042797037746
317.042797037746
317.042797037746
317.042797037746
317.042797037746
317.042797037746
332.042797037746
317.042797037746
317.042797037746
317.042797037746
317.042797037746
317.042797037746
317.042797037746
317.042797037746
317.042797037746
332.042797037746
317.042797037746
317.042797037746
317.042797037746
317.042797037746
317.042797037746
317.042797037746
317.042797037746
317.042797037746
317.042797037746
317.042797037746
317.042797037746
317.042797037746
317.042797037746
317.042797037746
317.042797037746
317.042797037746
317.042797037746
331.995666536522
317.042797037746
317.042797037746
317.042797037746