最优解为:700.6349
最优解路径:

Best_route =

  1 至 24 列

     0     0     0     0     0     0     0     0     0     0     0     0     0     0     0     0     0     0     0     0     0     0     0     0
     0     0     0     0     0     0     0     0     0     0     0     0     0     0     0     0     0     0     0     0     0     0     0     0
     3     5     1    24     8    21    11    25    13    18    22     2    12    19    14     4     7    17    15    20     0     0     0     0
     0     0     0     0     0     0     0     0     0     0     0     0     0     0     0     0     0     0     0     0     0     0     0     0
     0     0     0     0     0     0     0     0     0     0     0     0     0     0     0     0     0     0     0     0     0     0     0     0
     0     0     0     0     0     0     0     0     0     0     0     0     0     0     0     0     0     0     0     0     0     0     0     0
     0     0     0     0     0     0     0     0     0     0     0     0     0     0     0     0     0     0     0     0     0     0     0     0
     0     0     0     0     0     0     0     0     0     0     0     0     0     0     0     0     0     0     0     0     0     0     0     0
     9    16     6    10    23     0     0     0     0     0     0     0     0     0     0     0     0     0     0     0     0     0     0     0
     0     0     0     0     0     0     0     0     0     0     0     0     0     0     0     0     0     0     0     0     0     0     0     0
     0     0     0     0     0     0     0     0     0     0     0     0     0     0     0     0     0     0     0     0     0     0     0     0
     0     0     0     0     0     0     0     0     0     0     0     0     0     0     0     0     0     0     0     0     0     0     0     0
     0     0     0     0     0     0     0     0     0     0     0     0     0     0     0     0     0     0     0     0     0     0     0     0
     0     0     0     0     0     0     0     0     0     0     0     0     0     0     0     0     0     0     0     0     0     0     0     0
     0     0     0     0     0     0     0     0     0     0     0     0     0     0     0     0     0     0     0     0     0     0     0     0
     0     0     0     0     0     0     0     0     0     0     0     0     0     0     0     0     0     0     0     0     0     0     0     0
     0     0     0     0     0     0     0     0     0     0     0     0     0     0     0     0     0     0     0     0     0     0     0     0
     0     0     0     0     0     0     0     0     0     0     0     0     0     0     0     0     0     0     0     0     0     0     0     0

  25 至 26 列

     0     0
     0     0
     0     0
     0     0
     0     0
     0     0
     0     0
     0     0
     0     0
     0     0
     0     0
     0     0
     0     0
     0     0
     0     0
     0     0
     0     0
     0     0

本次运算用时:159.113秒
算法在第357代时收敛

best
724.267858940942
718.491772646212
718.491772646212
718.491772646212
718.491772646212
718.491772646212
718.491772646212
714.726164826856
714.726164826856
714.726164826856
714.726164826856
714.726164826856
714.726164826856
714.726164826856
714.600941029889
714.600941029889
714.600941029889
714.600941029889
713.174005022880
712.897343512919
712.897343512919
712.897343512919
712.897343512919
712.897343512919
712.897343512919
712.897343512919
712.897343512919
712.897343512919
712.897343512919
712.897343512919
712.897343512919
712.897343512919
711.308166418965
711.308166418965
710.988441156039
710.988441156039
710.988441156039
710.988441156039
710.988441156039
710.988441156039
710.988441156039
710.988441156039
710.988441156039
710.988441156039
710.988441156039
710.988441156039
709.958667794103
709.958667794103
709.958667794103
706.886598430255
705.636829785448
705.304437022887
705.304437022887
705.304437022887
705.304437022887
705.304437022887
705.304437022887
705.304437022887
705.304437022887
705.304437022887
705.304437022887
705.304437022887
705.304437022887
704.868367325940
704.868367325940
703.860661119908
703.860661119908
703.860661119908
703.698397933923
703.698397933923
703.698397933923
703.698397933923
703.698397933923
703.698397933923
703.698397933923
703.698397933923
703.698397933923
703.698397933923
703.698397933923
703.698397933923
703.698397933923
703.698397933923
703.698397933923
703.698397933923
703.698397933923
703.698397933923
703.042698597811
703.042698597811
703.042698597811
703.042698597811
703.042698597811
703.042698597811
703.042698597811
703.042698597811
703.042698597811
703.042698597811
703.042698597811
703.042698597811
703.042698597811
703.042698597811
703.042698597811
703.042698597811
703.042698597811
703.042698597811
703.042698597811
703.042698597811
703.042698597811
703.042698597811
703.042698597811
703.042698597811
703.042698597811
703.042698597811
703.042698597811
703.042698597811
703.042698597811
703.042698597811
703.042698597811
703.042698597811
703.042698597811
703.042698597811
703.042698597811
703.042698597811
703.042698597811
703.042698597811
703.042698597811
703.042698597811
703.042698597811
703.042698597811
703.042698597811
703.042698597811
703.042698597811
703.042698597811
703.042698597811
703.042698597811
703.042698597811
703.042698597811
703.042698597811
703.042698597811
703.042698597811
703.042698597811
703.042698597811
703.042698597811
703.042698597811
703.042698597811
703.042698597811
703.042698597811
703.042698597811
703.042698597811
703.042698597811
703.042698597811
703.042698597811
703.042698597811
703.042698597811
703.042698597811
703.042698597811
703.042698597811
703.042698597811
703.042698597811
703.042698597811
703.042698597811
703.042698597811
703.042698597811
703.042698597811
703.042698597811
703.042698597811
703.042698597811
703.042698597811
703.042698597811
703.042698597811
703.042698597811
703.042698597811
703.042698597811
703.042698597811
703.042698597811
703.042698597811
703.042698597811
703.042698597811
703.042698597811
703.042698597811
703.042698597811
703.042698597811
703.042698597811
703.042698597811
703.042698597811
703.042698597811
703.042698597811
703.042698597811
703.042698597811
703.042698597811
703.042698597811
703.042698597811
703.042698597811
703.042698597811
703.042698597811
703.042698597811
703.042698597811
703.042698597811
703.042698597811
703.042698597811
703.042698597811
703.042698597811
703.042698597811
703.042698597811
703.042698597811
703.042698597811
703.042698597811
703.042698597811
703.042698597811
703.042698597811
703.042698597811
703.042698597811
703.042698597811
703.042698597811
703.042698597811
703.042698597811
703.042698597811
703.042698597811
703.042698597811
703.042698597811
703.042698597811
703.042698597811
703.042698597811
703.042698597811
703.042698597811
703.042698597811
703.042698597811
703.042698597811
703.042698597811
703.042698597811
703.042698597811
703.042698597811
703.042698597811
703.042698597811
703.042698597811
703.042698597811
703.042698597811
703.042698597811
703.042698597811
703.042698597811
703.042698597811
703.042698597811
703.042698597811
703.042698597811
703.042698597811
703.042698597811
703.042698597811
703.042698597811
703.042698597811
703.042698597811
703.042698597811
703.042698597811
703.042698597811
703.042698597811
703.042698597811
703.042698597811
703.042698597811
703.042698597811
703.042698597811
703.042698597811
703.042698597811
703.042698597811
703.042698597811
703.042698597811
703.042698597811
703.042698597811
703.042698597811
703.042698597811
703.042698597811
703.042698597811
703.042698597811
703.042698597811
703.042698597811
703.042698597811
703.042698597811
703.042698597811
703.042698597811
703.042698597811
703.042698597811
703.042698597811
703.042698597811
703.042698597811
703.042698597811
703.042698597811
703.042698597811
701.212485744294
701.212485744294
701.212485744294
701.212485744294
701.212485744294
701.212485744294
701.212485744294
701.212485744294
701.212485744294
701.212485744294
701.212485744294
701.212485744294
701.212485744294
701.212485744294
701.212485744294
701.212485744294
701.212485744294
701.212485744294
701.212485744294
701.212485744294
701.212485744294
701.212485744294
701.212485744294
701.212485744294
701.212485744294
701.212485744294
701.212485744294
701.212485744294
701.212485744294
701.212485744294
701.212485744294
701.212485744294
701.212485744294
701.212485744294
701.212485744294
701.212485744294
701.212485744294
701.212485744294
701.212485744294
701.212485744294
701.212485744294
701.212485744294
701.212485744294
701.212485744294
701.212485744294
701.212485744294
701.212485744294
701.212485744294
701.212485744294
701.212485744294
701.212485744294
701.212485744294
701.212485744294
701.212485744294
701.212485744294
701.212485744294
701.212485744294
701.212485744294
701.212485744294
701.212485744294
701.212485744294
701.212485744294
701.212485744294
701.212485744294
701.212485744294
701.212485744294
701.212485744294
701.212485744294
701.212485744294
701.212485744294
701.212485744294
701.212485744294
700.634863656739
700.634863656739
700.634863656739
700.634863656739
700.634863656739
700.634863656739
700.634863656739
700.634863656739
700.634863656739
700.634863656739
700.634863656739
700.634863656739
700.634863656739
700.634863656739
700.634863656739
700.634863656739
700.634863656739
700.634863656739
700.634863656739
700.634863656739
700.634863656739
700.634863656739
700.634863656739
700.634863656739
700.634863656739
700.634863656739
700.634863656739
700.634863656739
700.634863656739
700.634863656739
700.634863656739
700.634863656739
700.634863656739
700.634863656739
700.634863656739
700.634863656739
700.634863656739
700.634863656739
700.634863656739
700.634863656739
700.634863656739
700.634863656739
700.634863656739
700.634863656739
700.634863656739
700.634863656739
700.634863656739
700.634863656739
700.634863656739
700.634863656739
700.634863656739
700.634863656739
700.634863656739
700.634863656739
700.634863656739
700.634863656739
700.634863656739
700.634863656739
700.634863656739
700.634863656739
700.634863656739
700.634863656739
700.634863656739
700.634863656739
700.634863656739
700.634863656739
700.634863656739
700.634863656739
700.634863656739
700.634863656739
700.634863656739
700.634863656739
700.634863656739
700.634863656739
700.634863656739
700.634863656739
700.634863656739
700.634863656739
700.634863656739
700.634863656739
700.634863656739
700.634863656739
700.634863656739
700.634863656739
700.634863656739
700.634863656739
700.634863656739
700.634863656739
700.634863656739
700.634863656739
700.634863656739
700.634863656739
700.634863656739
700.634863656739
700.634863656739
700.634863656739
700.634863656739
700.634863656739
700.634863656739
700.634863656739
700.634863656739
700.634863656739
700.634863656739
700.634863656739
700.634863656739
700.634863656739
700.634863656739
700.634863656739
700.634863656739
700.634863656739
700.634863656739
700.634863656739
700.634863656739
700.634863656739
700.634863656739
700.634863656739
700.634863656739
700.634863656739
700.634863656739
700.634863656739
700.634863656739
700.634863656739
700.634863656739
700.634863656739
700.634863656739
700.634863656739
700.634863656739
700.634863656739
700.634863656739
700.634863656739
700.634863656739
700.634863656739
700.634863656739
700.634863656739
700.634863656739
700.634863656739
700.634863656739
700.634863656739
700.634863656739
700.634863656739
700.634863656739
700.634863656739
700.634863656739
700.634863656739

ave
1077.54062280931
1130.71923635271
1150.36486100898
1161.96696537505
1170.86377761675
1104.05662908359
1078.43868520233
1086.67500961022
1114.96832121319
1140.91535512142
1115.51744430997
1146.66376255083
1145.27762850466
1143.08151100785
1117.25061504370
1109.41272724320
1193.36682561228
1092.07093943668
1090.39395302186
1047.20764767003
1046.55058978414
1061.27808974197
1249.68408114864
1074.27377917400
1102.85387334342
1114.64178381914
1120.64087982059
1070.82502370033
1043.12477785657
1164.97463013671
1043.24873934340
1133.16287449427
1099.06389782681
981.646738032458
924.461183305434
955.600922888498
967.987036915334
969.952031132384
982.282780480581
982.961186602270
951.940430205557
1008.44609143137
966.545352442368
1044.67058093300
997.899672389811
993.297386943997
1037.59593478271
1065.25368046628
1000.68705067297
1008.42817420127
979.101024912627
919.020544888401
948.268681475283
1008.22190070654
976.425239858218
960.265125455839
1007.13083413933
929.758707512355
943.659845016108
1048.33218409906
914.576347480017
884.318001620582
959.794405148572
915.871168668300
904.047811351881
856.454390961148
870.413925320739
856.941923277960
840.741525304343
840.121816557764
811.948967522204
826.699947361585
841.380003714836
825.264604699005
827.898741573462
854.598385519663
796.828776057352
796.522097817665
810.859065233429
781.642319373994
751.053901923096
840.456357430974
839.627621518828
808.863704955011
779.585221363277
719.121211150831
736.513476369146
750.617359256198
751.045600970390
765.224595426622
765.109439704685
765.348411741530
779.620869829251
736.695253523453
749.072958320090
720.974102725134
793.655681721052
749.558068004419
793.388839164680
704.271461697177
734.205995440153
749.995064521014
719.722365578873
723.073923994700
749.435946308752
734.272798448026
719.572297604880
750.324415075677
749.823812034088
734.732168275521
704.154917158471
704.007593568902
734.007531039614
749.362869085970
703.814856748135
718.995942402820
718.591162469816
704.763521621578
764.011904522930
766.797572342255
749.497934563653
763.457775542470
719.572129180867
734.521274369151
719.051614401771
718.488071596630
703.188290714507
732.816240198735
749.654500881644
717.757574442049
763.129696359528
703.614617377335
733.558197289589
718.059275944975
703.515578899394
733.655549526927
734.155213813805
749.227926349522
703.353861702945
749.047979963491
703.301297498258
718.316531898048
719.941994250735
703.083596723916
748.819703192813
734.408772188692
734.203461387376
747.209731050528
748.287889030195
720.481257204978
748.970246855147
734.607091687688
719.934702564996
765.517138665092
703.445138139554
718.925247779545
718.733533964111
749.038860879070
704.120778120135
718.352353270457
764.580974775442
762.757005683545
703.042698597811
734.294077556855
719.072584258381
719.256842295887
718.175047085309
703.139475936865
719.511639008172
732.255857451946
720.177898928562
719.039871476096
704.475286549500
718.451680449637
718.445286278947
751.487462094430
748.738301024721
718.432527928419
703.042698597811
703.291068649679
733.528327294211
718.634793608407
720.967225804745
703.087454910923
718.462547157441
720.286107264547
747.722402095602
717.588033081893
778.551021953147
810.325128223124
703.379360934535
717.595050016676
719.658371211334
765.832833015636
704.098005576037
763.821438647104
778.789928542155
735.849434514808
748.815566507081
732.823478572233
749.777204194050
763.998080047827
703.954423734035
703.291068649679
734.061562881587
734.609326587867
749.416259629967
703.934610240017
749.484927032597
732.689522607661
719.304912157573
719.293925491310
719.898591022040
762.532995897850
748.864735550519
718.798872982512
751.613093315124
717.577778093764
717.810905893107
717.831212068482
734.225788925042
735.436307578026
765.040635806616
718.311750471680
718.163810048425
718.278975257154
719.593652682713
734.310125655044
749.384651635927
718.907669368889
720.956625003104
720.028596680225
720.555092677156
749.575672310018
703.308380617548
733.600543551016
733.191241529540
733.900857727540
703.677061170660
703.340895879987
718.398272822605
705.097866816811
703.042698597811
764.184905368785
734.413682902064
703.219272710621
733.334897029306
733.943731137126
733.620429791514
703.301297498258
703.042698597811
703.334938890113
703.491464109120
734.892118022349
764.654288968892
719.085417216173
748.326121295848
734.559351896172
718.682825282846
750.548185794240
733.195175668599
704.200745597600
718.963915713875
732.804702296096
733.255745426159
734.076054196275
734.517778175143
719.078675967761
719.592132587303
705.767640090368
717.893066028574
749.864054393222
795.283289650845
703.191039448903
705.746875131560
733.481233447392
734.348563380145
749.014950201739
749.495664617564
733.739580789598
704.585016669646
719.136408006024
704.037066301545
734.831285112419
763.410050661069
764.794059554639
717.550951844968
778.667813033700
733.780713077423
733.156012528951
749.474092378841
734.295592403779
748.035063372449
704.092681678121
734.231364209129
718.177746747421
764.542786339606
779.023035572937
718.456180413674
703.731646714087
747.298284938881
734.094117991385
717.840053738725
762.677466203603
720.020177626324
731.516952877152
733.745074924556
733.356071416483
704.483040636564
718.364746074678
701.905662221451
764.764346640281
734.119105506956
761.463420551833
761.973729522298
748.626763884648
731.243860586589
716.944247691922
733.842491772550
792.925259692057
746.727595316631
763.480936067758
747.043712743365
749.141225570121
716.126817391892
718.328884834799
732.983729220488
716.875096046156
731.990099704939
763.278192747016
750.605664729400
718.517483472137
718.233982810548
748.125236151992
717.091470264003
747.345275886966
731.133077734409
747.942858333674
717.476445546220
763.021421114425
703.161006624358
733.914716149474
732.483608347863
749.496577333081
748.183811222349
701.997658389278
731.598121756928
777.813029849176
731.824859073591
733.093916618557
717.559576167497
747.293599633357
750.057314529945
777.492682662898
702.581928486474
732.241843340210
732.810404074877
731.679457079818
703.969851610216
717.537638952010
732.074921947097
747.465071334787
701.237105734893
761.275484007668
700.721506969872
718.069399591246
702.257984755626
777.000160645344
760.877932439340
732.173775495186
747.082286761407
731.354679603610
716.033111053522
717.463370125908
731.999365233186
715.893414505635
748.155386364109
701.421194008888
747.938356424797
734.049368264681
750.275941752912
715.894498248717
762.239228939736
717.474413614813
746.991625302527
703.285348902020
731.841551881375
731.237899534910
761.847710954597
748.283373382279
733.874327932139
761.582852779744
701.513093403498
732.460546981398
747.746666903880
749.485076945857
716.205389818308
703.937079278682
745.715313231837
748.439694418815
717.708585908336
748.027864816446
761.232747184682
806.971818861122
731.687387933449
733.153597905768
763.156951089762
716.657083215452
745.225645422478
701.311318972601
747.231477833755
760.686268349525
731.642355366537
733.870895044835
732.952529891055
718.297593450402
749.342629573553
717.368854481745
763.061013838400
717.949661862870
701.875550306046
731.939108033653
747.692865481629
733.525475411647
733.356692662122
717.172528682334
719.552515325096
731.242876470889
747.015578106312
761.502046692352
731.837179032271
776.476226838152
764.104505926390
763.449874560179
701.225443201273
700.793295108037
718.325299965921
716.161340421818
732.764620449751
702.056387325733
718.077274398858
716.124710712377
790.685375344845
731.922470286157
717.406969447270
734.272142703627
703.331770022389
776.653225954918
701.111642459499
717.287562055140
794.282636998467
776.920380128085
735.827664973692
732.073077056636
748.171098209081
719.266119616954
761.562362336531
733.538680832520
762.789507614009
732.050708623821
703.490586372154
748.228034771605
747.087123882843
733.746080255854
701.632984655788
735.023637597471
732.947098245394
702.380528297067
702.283203331669
718.569280943191
717.237034699760
716.972799684541
732.555757685661
746.283260529993
732.078839441462
747.361990177962
701.852679033000
731.279835650836
761.548624863696
732.070746445523
733.941399156062
746.796738895052
701.279467559187
701.751531074888
732.287058991861
716.162514431055
717.140068606636
702.706171658538
718.015794096600
701.634235535356
716.047606838695
731.493811501153
746.588273435416
720.311265904612
747.225472593474
765.074228120600
747.022588869090
761.919452227042
746.452270715263
761.949375052887