最优解为:1846.5105
最优解路径:

Best_route =

  1 至 24 列

    45     1     7    42    46    16    30    54    59    25    31     0     0     0     0     0     0     0     0     0     0     0     0     0
     0     0     0     0     0     0     0     0     0     0     0     0     0     0     0     0     0     0     0     0     0     0     0     0
     0     0     0     0     0     0     0     0     0     0     0     0     0     0     0     0     0     0     0     0     0     0     0     0
     0     0     0     0     0     0     0     0     0     0     0     0     0     0     0     0     0     0     0     0     0     0     0     0
    44    51    52    56    55    15    18    22    21    32    39     0     0     0     0     0     0     0     0     0     0     0     0     0
     0     0     0     0     0     0     0     0     0     0     0     0     0     0     0     0     0     0     0     0     0     0     0     0
    11    24     8     3    29    20    53     5    33    40     0     0     0     0     0     0     0     0     0     0     0     0     0     0
    27    38    26    36    35    49     0     0     0     0     0     0     0     0     0     0     0     0     0     0     0     0     0     0
     0     0     0     0     0     0     0     0     0     0     0     0     0     0     0     0     0     0     0     0     0     0     0     0
     0     0     0     0     0     0     0     0     0     0     0     0     0     0     0     0     0     0     0     0     0     0     0     0
    17    60     6    10     4    14    19    12    57    50    43     0     0     0     0     0     0     0     0     0     0     0     0     0
     2    28     9    48    37    58    23    34    41    13    47     0     0     0     0     0     0     0     0     0     0     0     0     0
     0     0     0     0     0     0     0     0     0     0     0     0     0     0     0     0     0     0     0     0     0     0     0     0
     0     0     0     0     0     0     0     0     0     0     0     0     0     0     0     0     0     0     0     0     0     0     0     0
     0     0     0     0     0     0     0     0     0     0     0     0     0     0     0     0     0     0     0     0     0     0     0     0
     0     0     0     0     0     0     0     0     0     0     0     0     0     0     0     0     0     0     0     0     0     0     0     0
     0     0     0     0     0     0     0     0     0     0     0     0     0     0     0     0     0     0     0     0     0     0     0     0
     0     0     0     0     0     0     0     0     0     0     0     0     0     0     0     0     0     0     0     0     0     0     0     0

  25 至 48 列

     0     0     0     0     0     0     0     0     0     0     0     0     0     0     0     0     0     0     0     0     0     0     0     0
     0     0     0     0     0     0     0     0     0     0     0     0     0     0     0     0     0     0     0     0     0     0     0     0
     0     0     0     0     0     0     0     0     0     0     0     0     0     0     0     0     0     0     0     0     0     0     0     0
     0     0     0     0     0     0     0     0     0     0     0     0     0     0     0     0     0     0     0     0     0     0     0     0
     0     0     0     0     0     0     0     0     0     0     0     0     0     0     0     0     0     0     0     0     0     0     0     0
     0     0     0     0     0     0     0     0     0     0     0     0     0     0     0     0     0     0     0     0     0     0     0     0
     0     0     0     0     0     0     0     0     0     0     0     0     0     0     0     0     0     0     0     0     0     0     0     0
     0     0     0     0     0     0     0     0     0     0     0     0     0     0     0     0     0     0     0     0     0     0     0     0
     0     0     0     0     0     0     0     0     0     0     0     0     0     0     0     0     0     0     0     0     0     0     0     0
     0     0     0     0     0     0     0     0     0     0     0     0     0     0     0     0     0     0     0     0     0     0     0     0
     0     0     0     0     0     0     0     0     0     0     0     0     0     0     0     0     0     0     0     0     0     0     0     0
     0     0     0     0     0     0     0     0     0     0     0     0     0     0     0     0     0     0     0     0     0     0     0     0
     0     0     0     0     0     0     0     0     0     0     0     0     0     0     0     0     0     0     0     0     0     0     0     0
     0     0     0     0     0     0     0     0     0     0     0     0     0     0     0     0     0     0     0     0     0     0     0     0
     0     0     0     0     0     0     0     0     0     0     0     0     0     0     0     0     0     0     0     0     0     0     0     0
     0     0     0     0     0     0     0     0     0     0     0     0     0     0     0     0     0     0     0     0     0     0     0     0
     0     0     0     0     0     0     0     0     0     0     0     0     0     0     0     0     0     0     0     0     0     0     0     0
     0     0     0     0     0     0     0     0     0     0     0     0     0     0     0     0     0     0     0     0     0     0     0     0

  49 至 61 列

     0     0     0     0     0     0     0     0     0     0     0     0     0
     0     0     0     0     0     0     0     0     0     0     0     0     0
     0     0     0     0     0     0     0     0     0     0     0     0     0
     0     0     0     0     0     0     0     0     0     0     0     0     0
     0     0     0     0     0     0     0     0     0     0     0     0     0
     0     0     0     0     0     0     0     0     0     0     0     0     0
     0     0     0     0     0     0     0     0     0     0     0     0     0
     0     0     0     0     0     0     0     0     0     0     0     0     0
     0     0     0     0     0     0     0     0     0     0     0     0     0
     0     0     0     0     0     0     0     0     0     0     0     0     0
     0     0     0     0     0     0     0     0     0     0     0     0     0
     0     0     0     0     0     0     0     0     0     0     0     0     0
     0     0     0     0     0     0     0     0     0     0     0     0     0
     0     0     0     0     0     0     0     0     0     0     0     0     0
     0     0     0     0     0     0     0     0     0     0     0     0     0
     0     0     0     0     0     0     0     0     0     0     0     0     0
     0     0     0     0     0     0     0     0     0     0     0     0     0
     0     0     0     0     0     0     0     0     0     0     0     0     0

本次运算用时:791.069秒
算法在第444代时收敛

best
1866.43992281994
1866.43992281994
1866.43992281994
1866.43992281994
1866.43992281994
1866.43992281994
1866.43992281994
1866.43992281994
1866.43992281994
1866.43992281994
1866.43992281994
1866.43992281994
1866.43992281994
1866.43992281994
1866.43992281994
1860.15527908478
1860.15527908478
1860.15527908478
1860.15527908478
1860.15527908478
1860.15527908478
1860.15527908478
1860.15527908478
1860.15527908478
1860.15527908478
1860.15527908478
1860.15527908478
1860.15527908478
1860.15527908478
1851.36726902262
1851.36726902262
1851.36726902262
1851.36726902262
1851.36726902262
1851.36726902262
1851.36726902262
1851.36726902262
1851.36726902262
1851.36726902262
1851.36726902262
1851.36726902262
1851.36726902262
1851.36726902262
1851.36726902262
1851.36726902262
1851.36726902262
1851.36726902262
1851.36726902262
1851.36726902262
1851.36726902262
1850.35991677430
1850.35991677430
1850.35991677430
1850.35991677430
1850.35991677430
1850.35991677430
1850.35991677430
1850.35991677430
1850.35991677430
1850.35991677430
1850.35991677430
1850.35991677430
1850.22797536841
1850.22797536841
1850.22797536841
1850.22797536841
1850.22797536841
1850.22797536841
1850.22797536841
1850.22797536841
1850.22797536841
1850.22797536841
1850.22797536841
1850.22797536841
1850.22797536841
1850.22797536841
1850.22797536841
1850.22797536841
1850.22797536841
1850.22797536841
1850.22797536841
1850.22797536841
1850.22797536841
1850.22797536841
1850.22797536841
1850.22797536841
1850.22797536841
1850.22797536841
1850.22797536841
1850.22797536841
1850.22797536841
1849.92210461855
1849.92210461855
1849.92210461855
1849.75564764324
1849.75564764324
1849.75564764324
1849.75564764324
1849.75564764324
1849.75564764324
1849.75564764324
1849.68268245274
1849.68268245274
1848.99849300187
1848.98230715737
1848.98230715737
1848.98230715737
1848.98230715737
1848.98230715737
1848.98230715737
1848.98230715737
1848.98230715737
1848.98230715737
1848.98230715737
1848.98230715737
1848.98230715737
1848.98230715737
1848.98230715737
1848.98230715737
1848.98230715737
1848.98230715737
1848.98230715737
1848.44012205999
1848.44012205999
1848.38578586743
1848.35118162644
1848.35118162644
1848.35118162644
1848.35118162644
1848.35118162644
1848.35118162644
1848.35118162644
1848.35118162644
1848.35118162644
1848.35118162644
1848.35118162644
1848.35118162644
1848.35118162644
1848.35118162644
1848.35118162644
1848.35118162644
1848.35118162644
1848.35118162644
1848.35118162644
1848.35118162644
1848.35118162644
1848.35118162644
1848.35118162644
1848.35118162644
1848.35118162644
1848.35118162644
1848.35118162644
1848.35118162644
1848.35118162644
1848.35118162644
1848.35118162644
1848.04196483157
1848.04196483157
1848.04196483157
1848.04196483157
1848.04196483157
1848.04196483157
1848.04196483157
1848.04196483157
1848.04196483157
1848.04196483157
1848.04196483157
1848.04196483157
1848.04196483157
1848.04196483157
1848.04196483157
1848.04196483157
1848.04196483157
1848.04196483157
1848.04196483157
1848.04196483157
1848.04196483157
1848.04196483157
1848.04196483157
1848.04196483157
1848.04196483157
1848.04196483157
1848.04196483157
1848.04196483157
1848.04196483157
1848.04196483157
1848.04196483157
1848.04196483157
1848.04196483157
1848.04196483157
1848.04196483157
1848.04196483157
1848.04196483157
1848.04196483157
1848.04196483157
1848.04196483157
1848.04196483157
1848.04196483157
1848.04196483157
1848.04196483157
1847.43911071323
1847.43911071323
1847.09528967736
1847.09528967736
1847.09528967736
1847.09528967736
1847.09528967736
1847.09528967736
1847.09528967736
1847.09528967736
1847.09528967736
1847.09528967736
1847.09528967736
1847.09528967736
1847.09528967736
1847.09528967736
1847.09528967736
1847.09528967736
1847.09528967736
1847.09528967736
1847.09528967736
1847.09528967736
1847.09528967736
1847.09528967736
1847.09528967736
1847.09528967736
1847.09528967736
1847.09528967736
1847.09528967736
1847.09528967736
1847.09528967736
1847.09528967736
1847.09528967736
1847.09528967736
1847.09528967736
1847.09528967736
1847.09528967736
1847.09528967736
1847.09528967736
1847.09528967736
1847.09528967736
1847.09528967736
1847.09528967736
1847.09528967736
1847.09528967736
1847.09528967736
1847.09528967736
1847.09528967736
1847.09528967736
1847.09528967736
1847.09528967736
1847.09528967736
1847.09528967736
1847.09528967736
1847.09528967736
1847.09528967736
1847.09528967736
1847.09528967736
1847.09528967736
1847.09528967736
1847.09528967736
1847.09528967736
1847.09528967736
1847.09528967736
1847.09528967736
1847.09528967736
1847.09528967736
1847.09528967736
1847.09528967736
1847.09528967736
1847.09528967736
1847.09528967736
1847.09528967736
1847.09528967736
1847.09528967736
1847.09528967736
1847.09528967736
1847.09528967736
1847.09528967736
1847.09528967736
1847.09528967736
1847.09528967736
1847.09528967736
1847.09528967736
1847.09528967736
1847.09528967736
1847.09528967736
1847.09528967736
1847.09528967736
1847.09528967736
1847.09528967736
1847.09528967736
1847.09528967736
1847.09528967736
1847.09528967736
1847.09528967736
1847.09528967736
1847.09528967736
1847.09528967736
1847.09528967736
1847.09528967736
1847.09528967736
1847.09528967736
1847.09528967736
1847.09528967736
1847.09528967736
1847.09528967736
1847.09528967736
1847.09528967736
1847.09528967736
1847.09528967736
1847.09528967736
1847.09528967736
1847.09528967736
1847.09528967736
1847.09528967736
1847.09528967736
1847.09528967736
1847.09528967736
1847.09528967736
1847.09528967736
1847.09528967736
1847.09528967736
1847.09528967736
1847.09528967736
1847.09528967736
1847.09528967736
1847.09528967736
1847.09528967736
1847.09528967736
1847.09528967736
1847.03513651473
1847.03513651473
1847.03513651473
1847.03513651473
1847.03513651473
1847.03513651473
1847.03513651473
1847.03513651473
1847.03513651473
1847.03513651473
1847.03513651473
1847.03513651473
1847.03513651473
1847.03513651473
1847.03513651473
1847.03513651473
1847.03513651473
1847.03513651473
1847.03513651473
1847.03513651473
1847.03513651473
1847.03513651473
1847.03513651473
1847.03513651473
1847.03513651473
1847.03513651473
1847.03513651473
1847.03513651473
1847.03513651473
1847.03513651473
1847.03513651473
1847.03513651473
1847.03513651473
1847.03513651473
1847.03513651473
1847.03513651473
1847.03513651473
1847.03513651473
1847.03513651473
1847.03513651473
1847.03513651473
1847.03513651473
1847.03513651473
1847.03513651473
1847.03513651473
1847.03513651473
1847.03513651473
1847.03513651473
1847.03513651473
1847.03513651473
1847.03513651473
1847.03513651473
1847.03513651473
1847.03513651473
1847.03513651473
1847.03513651473
1847.03513651473
1847.03513651473
1847.03513651473
1847.03513651473
1847.03513651473
1847.03513651473
1847.03513651473
1847.03513651473
1847.03513651473
1847.03513651473
1847.03513651473
1847.03089926592
1847.03089926592
1847.03089926592
1847.03089926592
1847.03089926592
1847.03089926592
1847.03089926592
1847.03089926592
1847.03089926592
1847.03089926592
1847.03089926592
1847.03089926592
1847.03089926592
1847.03089926592
1847.03089926592
1847.03089926592
1847.03089926592
1847.03089926592
1847.03089926592
1847.03089926592
1847.03089926592
1847.03089926592
1847.03089926592
1847.03089926592
1847.03089926592
1847.03089926592
1847.03089926592
1847.03089926592
1847.03089926592
1847.03089926592
1847.03089926592
1847.03089926592
1847.03089926592
1847.03089926592
1847.03089926592
1847.03089926592
1847.03089926592
1847.03089926592
1847.03089926592
1847.03089926592
1847.03089926592
1847.03089926592
1847.03089926592
1847.03089926592
1847.03089926592
1846.51051575620
1846.51051575620
1846.51051575620
1846.51051575620
1846.51051575620
1846.51051575620
1846.51051575620
1846.51051575620
1846.51051575620
1846.51051575620
1846.51051575620
1846.51051575620
1846.51051575620
1846.51051575620
1846.51051575620
1846.51051575620
1846.51051575620
1846.51051575620
1846.51051575620
1846.51051575620
1846.51051575620
1846.51051575620
1846.51051575620
1846.51051575620
1846.51051575620
1846.51051575620
1846.51051575620
1846.51051575620
1846.51051575620
1846.51051575620
1846.51051575620
1846.51051575620
1846.51051575620
1846.51051575620
1846.51051575620
1846.51051575620
1846.51051575620
1846.51051575620
1846.51051575620
1846.51051575620
1846.51051575620
1846.51051575620
1846.51051575620
1846.51051575620
1846.51051575620
1846.51051575620
1846.51051575620
1846.51051575620
1846.51051575620
1846.51051575620
1846.51051575620
1846.51051575620
1846.51051575620
1846.51051575620
1846.51051575620
1846.51051575620
1846.51051575620

ave
2054.60297726754
2098.26441100223
2148.37036615637
2052.58040999439
2177.18665386447
2069.07188035961
2139.82308532566
2116.43075172848
2109.38691237077
2063.31348560710
2075.80394477449
1995.32127656238
2114.38499169911
2058.35811628556
2095.04995571519
2068.40805671932
2098.17266834148
2064.05533658203
2018.07018269303
2066.91737347177
2079.03756254276
2074.37833661225
2105.36056071069
2057.55236540313
2089.38705633738
2127.06561770288
2040.24943358531
2058.51314699579
2083.55921769546
2155.07592319121
2093.11580920666
2074.97316188540
2165.76025684447
2109.16631326861
2103.27751841904
2224.33166212090
2238.93135390959
2196.49917041225
2103.58373511490
2062.30657107730
2091.51333086320
2103.08918125947
2225.47603431841
2161.69008124678
2118.50145254949
2147.82085548257
2163.81649704671
2252.42535684664
2206.55380797978
2085.96784551859
2129.21897451390
2206.38260558474
2164.56617660907
2236.85214375984
2113.95503052159
2189.99473337928
2206.85654457779
2177.88994145165
2057.11091294634
2146.15019767031
2191.57280955301
2222.81847901211
2186.11569224330
2175.87144911616
2085.11077538918
2173.43120993316
2133.33863722023
2145.70707583048
2056.96502139260
2115.13187376735
2190.30089728074
2099.02993655057
2173.44742461883
2096.40684295666
2116.17518709933
2128.79042469784
2099.70160005413
2083.16392917410
2143.96842599230
2143.16465243006
2129.66983665212
2145.53874183937
2053.70067490121
2114.95693172865
2217.95684466484
2126.94810096118
2128.99941381891
2097.85206842215
2099.32589399766
2023.16688953392
2066.87351188756
2007.30041935695
2005.88402691445
2036.80847896384
2081.87583330122
2022.25331785883
2094.85425268863
1977.81271482167
1991.00620592362
1977.55872933363
2083.64294761675
1930.03300037098
1916.70395809574
2005.37031242028
2021.51113129131
1990.95535514148
1990.85965160741
1960.68985777257
1945.60910131058
1944.48037764151
1960.14309102782
1974.33769305350
1945.16964962428
1928.32739646753
1933.15880273514
2033.81008623121
1990.23840969540
1927.98807076380
1978.15197124214
1946.13729172007
1945.84880518417
1915.27219689069
1898.64821747883
1961.22150992563
1959.24026685282
1912.08295734388
1958.63155248272
1976.92893962675
1943.44767618667
1927.51163335637
1987.59254414128
1945.90854322706
1944.86229841728
1917.53368533673
1913.45029273418
1959.93014183879
1930.05648057883
1956.75168206890
1958.26148810823
1915.65833633768
1883.45800603513
1867.08804648765
1883.88998019637
1868.31458214267
1870.21048597568
1942.84347494836
1912.54635940239
1898.96879516936
1851.62331257952
1896.58555520587
1912.39203882951
1898.75967763397
1881.30161139344
1851.34347075798
1914.85671890367
1869.38107102275
1912.75822959110
1897.45178800125
1884.27892236165
1915.00205846883
1928.32604917137
1884.44878258399
1958.15012063618
1851.32489398817
1867.04130810587
1914.39965457314
1882.06112983763
1898.48297862903
1899.95974562283
1899.35963347982
1943.12700219360
1854.54069173896
1870.49302090429
1868.11970372431
1912.52772752842
1897.91440030316
1913.36872355219
1900.48782201515
1912.09674375050
1866.63882254008
1928.14400410594
1899.03982437411
1854.68504102921
1869.31249807512
1883.89149237916
1853.18504614851
1883.73426958734
1865.93667339575
1913.99869068121
1881.94214388802
1883.60514694485
1865.77287385120
1870.57856569993
1865.84261246037
1882.96104512824
1882.74020961610
1854.83391428947
1897.52346386978
1914.82563732225
1898.12711143335
1881.43487697975
1881.23821705336
1927.83968819509
1895.48875784293
1896.18645458118
1882.24614698255
1882.04091362173
1868.79857629898
1928.57731673713
1913.19115533030
1884.14121778079
1941.70106305975
1865.89570223021
1926.57275869758
1882.29258744641
1911.26278491050
1868.40080978080
1900.49805544956
1884.83271632588
1928.48884708047
1851.99087857322
1914.43611769095
1897.84567189688
1897.08251773209
1911.35401279936
1883.83890576715
1898.34685137976
1928.34198573198
1865.99026288215
1867.23472724510
1913.60086099437
1897.15036302916
1880.76423878566
1878.51370081917
1867.53670396245
1896.97210976016
1911.50044741377
1882.20610885483
1866.04729453275
1881.78327276692
1881.76118136606
1927.61326623564
1957.07514668498
1849.02157241173
1866.82876546534
1880.38515668037
1895.73855580718
1882.06165704168
1865.79736495415
1926.50149191776
1864.90072450488
1897.78435080793
1865.29327902564
1910.99936762702
1884.46552546434
1882.03725732175
1867.13239581800
1896.99912478154
1893.62034765417
1896.41160883769
1914.50733282027
1882.95808753841
1883.37679913506
1866.88359649565
1879.12922865944
1913.28553819349
1865.26858489600
1896.13762591863
1865.23800082053
1866.93757270886
1882.27389153401
1910.39319996799
1895.59010409304
1880.65942958501
1864.83949894577
1898.78130577463
1883.88245026739
1880.89661337824
1865.24025815163
1866.32353207939
1867.52924134235
1866.36048289483
1865.00262502515
1898.35150251271
1882.35737224977
1911.18169270844
1910.32664219779
1912.48398737573
1911.89516328995
1900.35261800594
1867.29977916872
1882.03052617014
1885.04254583925
1911.06560316125
1852.32841602192
1881.30216497273
1940.69416013068
1883.35208589143
1926.42675847407
1880.60743801890
1909.41199159018
1898.02252418936
1897.21676011939
1911.63983012411
1880.05410936420
1852.51493804263
1883.50372245110
1887.48584386295
1865.45259644334
1897.11178556265
1870.25396804701
1867.46514329614
1853.44472611272
1912.58026777662
1942.01545172211
1899.97423566715
1871.02816696379
1868.15324627938
1852.53033207326
1881.31153770630
1882.41024289890
1913.13064677614
1881.94812202254
1883.01505373491
1957.58942345623
1926.50887209154
1881.05046738742
1853.47085045745
1927.31926835979
1912.26549740393
1912.32490255548
1853.12881760322
1902.08317756987
1882.72509489420
1868.46428926904
1927.85563123461
1925.33200082753
1898.33260695213
1896.79065071430
1880.57256876715
1867.30290191724
1885.41569010785
1946.62178696152
1867.17044631085
1867.52242509998
1883.51595090176
1897.63161564706
1895.66575796894
1882.50745977945
1897.31218284201
1870.84706838455
1898.11963367896
1940.21338504788
1911.79918351365
1898.50076591261
1880.97779187766
1915.37194506575
1897.22403026646
1912.83951330231
1898.91935363895
1883.91303450308
1854.72073053911
1900.62275367269
1883.80203715500
1897.38651735051
1900.05176849497
1887.15715486646
1931.62213282392
1880.58655810577
1882.51073669871
1866.40502285403
1895.91997159370
1912.80693237472
1853.54058881317
1911.07215773386
1911.07746303661
1884.88157738406
1917.61689300373
1870.22686435348
1913.74882906330
1885.91815074226
1913.73643485521
1883.50222273587
1897.88857160126
1867.50935941942
1913.20229179553
1942.46390961015
1868.76174977944
1898.61836878425
1867.37252942357
1880.33225640055
1927.88386911767
1945.21286908096
1866.40858990914
1868.24591436947
1885.87362522225
1882.69524889449
1882.49785038994
1883.26626610090
1868.09443425083
1882.69989715038
1884.03615395688
1866.90405757532
1883.93144170937
1884.85187273965
1897.88434559627
1870.75044935942
1898.05357152350
1883.28776586709
1872.67891353939
1943.96938786213
1869.23036337023
1956.60198964699
1888.37122927154
1885.42487105765
1915.90072178960
1869.99732355240
1916.75434482446
1869.45912680831
1867.95790088570
1902.00265685702
1931.91415627892
1897.28543580225
1930.84054806284
1897.68555878471
1902.63222244803
1903.37265418468
1901.05738412237
1871.81548073196
1930.84378713139
1899.53142153531
1915.26057172868
1942.53781801095
1873.28962314596
1867.38412796058
1868.50070399869
1914.08739370103
1929.38632089877
1896.95880470949
1898.05060194627
1883.03327769032
1914.07128125013
1914.46361592863
1868.80685551397
1897.13688387074
1870.04692907994
1897.37972018048
1883.06170303140
1851.90738237179
1912.49633215014
1913.58452353352
1866.32348140842
1883.36506246628
1883.03049224826
1916.78619933992
1854.74755980358
1896.81041364992
1882.87728948616
1886.73746283581
1879.25776755839
1896.97387625005
1856.31961545733
1896.78532681139
1911.38947435801
1881.76718124655
1926.94625021533
1853.40079497980
1912.94485687852
1911.34706657989
1881.55931435477
1882.88663522229
1851.82284714200
1849.53695020310
1882.56999430254
1929.92480356641
1882.82281459715
1868.33518208246
1883.17878045185
1914.28600860962
1850.87024493686
1927.30135168258
1898.97002950787
1896.28072882282
1896.49851845357
1881.78774197466
1898.75740925224
1911.73343171763
1880.43717038605
1914.17765145870
1865.50494145150
1894.73775122555
1927.32164325539
1848.96570755084
1899.39921886919
1909.15099466871
1880.93933881252
1867.90529715925
1883.54022596228
1894.96449963153
1896.33615417950