最优解为:2220.389
最优解路径:

Best_route =

  1 至 24 列

    33    34    21    35    36    31    28    17    18     0     0     0     0     0     0     0     0     0     0     0     0     0     0     0
     7     8    25    26    37    38    27     2     5     6    32     0     0     0     0     0     0     0     0     0     0     0     0     0
     9    10     3     4     1    22    29    30    13    14     0     0     0     0     0     0     0     0     0     0     0     0     0     0
    11    12    39    40    23    24    19    20    15    16     0     0     0     0     0     0     0     0     0     0     0     0     0     0
     0     0     0     0     0     0     0     0     0     0     0     0     0     0     0     0     0     0     0     0     0     0     0     0

  25 至 41 列

     0     0     0     0     0     0     0     0     0     0     0     0     0     0     0     0     0
     0     0     0     0     0     0     0     0     0     0     0     0     0     0     0     0     0
     0     0     0     0     0     0     0     0     0     0     0     0     0     0     0     0     0
     0     0     0     0     0     0     0     0     0     0     0     0     0     0     0     0     0
     0     0     0     0     0     0     0     0     0     0     0     0     0     0     0     0     0

本次运算用时:134.766秒
算法在第447代时收敛

best
2672.49435607905
2552.69354488679
2552.69354488679
2552.69354488679
2552.69354488679
2552.69354488679
2552.69354488679
2535.76994697872
2535.76994697872
2507.09571256350
2507.09571256350
2507.09571256350
2507.09571256350
2507.09571256350
2507.09571256350
2507.09571256350
2507.09571256350
2507.09571256350
2507.09571256350
2507.09571256350
2507.09571256350
2507.09571256350
2507.09571256350
2507.09571256350
2507.09571256350
2507.09571256350
2507.09571256350
2507.09571256350
2507.09571256350
2507.09571256350
2507.09571256350
2507.09571256350
2507.09571256350
2507.09571256350
2507.09571256350
2507.09571256350
2507.09571256350
2507.09571256350
2507.09571256350
2507.09571256350
2507.09571256350
2507.09571256350
2507.09571256350
2507.09571256350
2507.09571256350
2507.09571256350
2507.09571256350
2507.09571256350
2507.09571256350
2507.09571256350
2507.09571256350
2507.09571256350
2507.09571256350
2507.09571256350
2507.09571256350
2507.09571256350
2507.09571256350
2507.09571256350
2507.09571256350
2507.09571256350
2507.09571256350
2507.09571256350
2507.09571256350
2507.09571256350
2507.09571256350
2507.09571256350
2507.09571256350
2507.09571256350
2507.09571256350
2507.09571256350
2507.09571256350
2507.09571256350
2507.09571256350
2507.09571256350
2507.09571256350
2507.09571256350
2507.09571256350
2507.09571256350
2507.09571256350
2507.09571256350
2507.09571256350
2507.09571256350
2507.09571256350
2507.09571256350
2507.09571256350
2507.09571256350
2507.09571256350
2507.09571256350
2507.09571256350
2507.09571256350
2507.09571256350
2507.09571256350
2507.09571256350
2507.09571256350
2507.09571256350
2507.09571256350
2507.09571256350
2507.09571256350
2507.09571256350
2507.09571256350
2507.09571256350
2507.09571256350
2507.09571256350
2507.09571256350
2507.09571256350
2507.09571256350
2507.09571256350
2507.09571256350
2507.09571256350
2507.09571256350
2507.09571256350
2507.09571256350
2507.09571256350
2507.09571256350
2507.09571256350
2507.09571256350
2507.09571256350
2507.09571256350
2507.09571256350
2507.09571256350
2507.09571256350
2507.09571256350
2507.09571256350
2507.09571256350
2507.09571256350
2507.09571256350
2507.09571256350
2507.09571256350
2507.09571256350
2507.09571256350
2507.09571256350
2507.09571256350
2507.09571256350
2507.09571256350
2507.09571256350
2507.09571256350
2507.09571256350
2507.09571256350
2507.09571256350
2507.09571256350
2507.09571256350
2507.09571256350
2507.09571256350
2507.09571256350
2507.09571256350
2507.09571256350
2507.09571256350
2507.09571256350
2507.09571256350
2507.09571256350
2507.09571256350
2507.09571256350
2507.09571256350
2507.09571256350
2507.09571256350
2507.09571256350
2507.09571256350
2507.09571256350
2507.09571256350
2507.09571256350
2507.09571256350
2507.09571256350
2507.09571256350
2507.09571256350
2507.09571256350
2507.09571256350
2507.09571256350
2507.09571256350
2507.09571256350
2507.09571256350
2507.09571256350
2507.09571256350
2507.09571256350
2507.09571256350
2507.09571256350
2507.09571256350
2507.09571256350
2507.09571256350
2507.09571256350
2507.09571256350
2507.09571256350
2507.09571256350
2507.09571256350
2507.09571256350
2507.09571256350
2507.09571256350
2507.09571256350
2507.09571256350
2507.09571256350
2507.09571256350
2507.09571256350
2507.09571256350
2507.09571256350
2507.09571256350
2507.09571256350
2507.09571256350
2507.09571256350
2507.09571256350
2507.09571256350
2507.09571256350
2507.09571256350
2507.09571256350
2507.09571256350
2507.09571256350
2507.09571256350
2507.09571256350
2507.09571256350
2507.09571256350
2507.09571256350
2507.09571256350
2507.09571256350
2507.09571256350
2507.09571256350
2507.09571256350
2507.09571256350
2507.09571256350
2507.09571256350
2507.09571256350
2507.09571256350
2507.09571256350
2507.09571256350
2507.09571256350
2507.09571256350
2507.09571256350
2507.09571256350
2507.09571256350
2507.09571256350
2507.09571256350
2507.09571256350
2507.09571256350
2507.09571256350
2507.09571256350
2507.09571256350
2507.09571256350
2507.09571256350
2507.09571256350
2507.09571256350
2507.09571256350
2507.09571256350
2507.09571256350
2507.09571256350
2507.09571256350
2507.09571256350
2507.09571256350
2507.09571256350
2507.09571256350
2507.09571256350
2507.09571256350
2507.09571256350
2507.09571256350
2507.09571256350
2507.09571256350
2507.09571256350
2507.09571256350
2507.09571256350
2507.09571256350
2507.09571256350
2507.09571256350
2507.09571256350
2507.09571256350
2507.09571256350
2507.09571256350
2507.09571256350
2507.09571256350
2507.09571256350
2507.09571256350
2507.09571256350
2507.09571256350
2507.09571256350
2507.09571256350
2507.09571256350
2507.09571256350
2507.09571256350
2507.09571256350
2507.09571256350
2507.09571256350
2507.09571256350
2507.09571256350
2507.09571256350
2507.09571256350
2507.09571256350
2507.09571256350
2507.09571256350
2507.09571256350
2507.09571256350
2507.09571256350
2507.09571256350
2507.09571256350
2507.09571256350
2507.09571256350
2507.09571256350
2507.09571256350
2507.09571256350
2507.09571256350
2507.09571256350
2507.09571256350
2507.09571256350
2507.09571256350
2507.09571256350
2507.09571256350
2507.09571256350
2507.09571256350
2507.09571256350
2507.09571256350
2507.09571256350
2507.09571256350
2507.09571256350
2507.09571256350
2507.09571256350
2507.09571256350
2507.09571256350
2507.09571256350
2507.09571256350
2507.09571256350
2507.09571256350
2507.09571256350
2507.09571256350
2507.09571256350
2507.09571256350
2507.09571256350
2507.09571256350
2507.09571256350
2507.09571256350
2507.09571256350
2507.09571256350
2507.09571256350
2507.09571256350
2507.09571256350
2507.09571256350
2507.09571256350
2507.09571256350
2507.09571256350
2507.09571256350
2507.09571256350
2507.09571256350
2507.09571256350
2507.09571256350
2507.09571256350
2507.09571256350
2507.09571256350
2507.09571256350
2507.09571256350
2507.09571256350
2507.09571256350
2507.09571256350
2507.09571256350
2507.09571256350
2507.09571256350
2507.09571256350
2507.09571256350
2507.09571256350
2507.09571256350
2507.09571256350
2507.09571256350
2507.09571256350
2507.09571256350
2507.09571256350
2507.09571256350
2507.09571256350
2507.09571256350
2507.09571256350
2507.09571256350
2507.09571256350
2507.09571256350
2507.09571256350
2507.09571256350
2507.09571256350
2507.09571256350
2507.09571256350
2507.09571256350
2507.09571256350
2507.09571256350
2507.09571256350
2424.45077505292
2424.45077505292
2424.45077505292
2424.45077505292
2417.78948090389
2417.78948090389
2417.78948090389
2417.78948090389
2417.78948090389
2417.78948090389
2417.78948090389
2417.78948090389
2417.78948090389
2417.78948090389
2417.78948090389
2417.78948090389
2407.06072952002
2407.06072952002
2407.06072952002
2407.06072952002
2407.06072952002
2401.49386888533
2401.49386888533
2401.49386888533
2401.49386888533
2401.49386888533
2401.49386888533
2401.49386888533
2401.49386888533
2401.49386888533
2401.49386888533
2401.49386888533
2401.49386888533
2401.49386888533
2401.49386888533
2401.49386888533
2401.49386888533
2401.49386888533
2401.49386888533
2401.49386888533
2401.49386888533
2401.49386888533
2401.49386888533
2401.49386888533
2401.49386888533
2401.49386888533
2401.49386888533
2401.49386888533
2401.49386888533
2401.49386888533
2401.49386888533
2401.49386888533
2401.49386888533
2401.49386888533
2401.49386888533
2401.49386888533
2401.49386888533
2401.49386888533
2401.49386888533
2401.49386888533
2401.49386888533
2401.49386888533
2401.49386888533
2401.49386888533
2401.49386888533
2401.49386888533
2401.49386888533
2401.49386888533
2401.49386888533
2401.49386888533
2353.57395275456
2353.57395275456
2353.57395275456
2220.38895590045
2220.38895590045
2220.38895590045
2220.38895590045
2220.38895590045
2220.38895590045
2220.38895590045
2220.38895590045
2220.38895590045
2220.38895590045
2220.38895590045
2220.38895590045
2220.38895590045
2220.38895590045
2220.38895590045
2220.38895590045
2220.38895590045
2220.38895590045
2220.38895590045
2220.38895590045
2220.38895590045
2220.38895590045
2220.38895590045
2220.38895590045
2220.38895590045
2220.38895590045
2220.38895590045
2220.38895590045
2220.38895590045
2220.38895590045
2220.38895590045
2220.38895590045
2220.38895590045
2220.38895590045
2220.38895590045
2220.38895590045
2220.38895590045
2220.38895590045
2220.38895590045
2220.38895590045
2220.38895590045
2220.38895590045
2220.38895590045
2220.38895590045
2220.38895590045
2220.38895590045
2220.38895590045
2220.38895590045
2220.38895590045
2220.38895590045
2220.38895590045
2220.38895590045
2220.38895590045
2220.38895590045

ave
3059.20764341309
3026.68993137866
3050.21931814050
3011.64400429462
3128.25257854950
3053.75071235558
3097.56244482327
3097.73099315667
3064.66912322032
3006.78232095831
3086.23022838809
3080.04628803770
3171.32502704181
3134.47305064375
3140.07645008573
3127.46520394331
3117.29685641730
3150.65368088742
3104.92168412235
3154.30645890031
3141.68325515966
3074.47971755131
3056.55997299445
3118.83595894590
3184.29894287517
3179.01071238777
3044.21889590552
3055.11547723379
3085.42296909566
3113.52595084348
2943.88549158686
3177.86549496367
3122.02564815569
3024.03928613269
2988.58087907131
3083.37968955945
3205.94251279935
3066.23149453705
3037.03579316055
2983.08944041527
2994.59217047712
3042.04527411909
2980.26227777651
2985.34662499924
2872.52332219999
2835.67597920799
2860.29130422884
2838.83289796581
2826.07755827692
2904.02130756351
2845.56103200629
2882.54350122603
2931.34057008238
2922.70246723054
2758.88034395068
2789.03671066980
2933.51125422083
2861.34833395339
2919.36189335559
2921.59911777928
2815.12723919431
2827.16580575472
2869.47274193307
2763.88793367624
2820.99196918301
2705.78704146086
2847.52945342627
2829.55517951543
2810.55877667887
2822.37444455484
2746.92875699326
2744.31971990535
2718.19789089027
2759.22103461373
2788.21139717867
2792.17932355630
2876.28097501886
2898.20804277684
2858.20525226309
2800.35008871030
2743.24839504334
2853.01012218825
2720.20695376986
2810.52497058046
2801.43043525492
2809.97902266396
2829.60219644798
2760.63223226212
2782.57842918353
2776.85890981938
2645.29690546700
2795.92747135240
2818.94069951854
2853.90715876902
2834.78932447204
2780.50935040160
2771.37523857209
2762.32005638516
2777.43220863927
2740.90667985435
2796.13403094725
2724.41055471602
2938.72501705132
2753.10752185874
2808.26039300889
2682.46293389231
2727.13679500313
2753.04652594686
2809.43127353961
2793.87915045784
2807.57029680445
2802.80918059565
2824.90139924667
2782.16314828817
2705.38611638196
2754.23139204467
2842.28067719981
2727.25479085737
2870.12825781337
2737.21872690803
2681.71726850729
2890.92405686614
2780.36013984107
2661.38547314106
2733.78919656075
2790.58325279337
2850.66009029987
2646.36244694843
2711.59961578466
2663.91222103269
2774.72182480376
2751.87064393450
2665.07273941666
2663.95036341551
2738.43279687143
2724.19069295976
2668.33027766995
2774.72086204263
2702.21798739605
2705.12255161277
2762.80464620270
2756.20963988315
2740.03552903280
2762.67435482466
2716.33972405861
2655.57152302703
2740.58159841847
2760.61887311225
2812.29450964526
2721.02184928356
2756.19503627767
2813.54580099529
2734.35668712221
2792.91542625411
2701.67256212611
2746.43755200580
2806.87333183207
2694.02580649263
2692.52346929135
2751.63359394605
2794.35112283942
2804.63243234792
2747.34042808221
2649.59166103070
2666.38052823560
2709.57711159531
2740.13395403049
2703.71082071679
2691.44804182444
2703.48378197233
2635.55683358856
2789.23131722420
2672.51515575350
2709.08456399691
2746.45048240595
2824.56602587924
2657.06691472319
2730.17121819365
2681.70457389458
2692.74433863744
2755.10167805648
2696.15690675797
2815.56940148762
2726.94929111438
2820.13553061633
2752.65029005019
2764.21148272350
2675.75094424718
2786.95015451211
2798.53088250320
2688.64349431083
2708.04264026594
2783.64766353267
2755.07789046261
2717.49103800051
2711.02447148102
2724.28228484115
2867.54680338095
2769.44018959643
2856.46904836899
2867.88719395569
2906.40627806015
2884.69495602604
2778.98350988956
2840.91956877832
2861.22222033319
2893.47978870496
2805.73369032815
3022.19407920934
2845.84258181538
2818.21999504384
2881.94073876661
2826.98301337927
2777.89704913973
2821.86580939381
2747.72594410696
2735.14314657327
2761.77447173838
2738.64135201860
2763.24428011504
2781.10505879646
2890.22063605238
2847.70853538714
2818.85638932447
2743.43106649696
2756.90828655814
2726.85683940209
2847.47111081479
2794.19227300938
2790.94744421305
2742.13922830222
2674.39579835113
2670.46448024845
2652.95887008827
2728.90642589805
2734.23937176263
2701.78387698473
2687.35759536237
2705.83280558676
2716.76029844297
2759.32378951900
2747.14532520777
2721.73861728427
2637.97108818313
2717.14559149883
2703.54535125207
2763.89633257387
2748.84359256852
2810.93788259520
2760.62934801369
2728.86365436574
2714.40308703603
2711.69294965323
2732.47259395650
2704.69913005532
2766.48729341889
2682.41150691959
2730.40208750518
2708.32669252400
2775.09053326653
2767.68260616187
2729.41652869104
2687.29055901181
2688.05946746901
2787.03309032102
2860.92874883565
2781.84167955405
2827.18098022086
2818.06025457304
2761.87757612207
2907.70353543394
2961.58224140915
2982.89356722627
2977.74415475443
2902.33379893653
2890.18003097774
2863.97898264871
3036.97351521929
2966.98344102680
2913.22382717387
2898.52997384976
2969.09622483594
2887.55777156032
2897.20622791509
2976.54985411026
2949.20565886017
2907.96518244037
2841.89156728057
2794.13540011421
2789.56876856647
2808.88252466866
2794.06360287138
2953.99447084921
2913.11111913032
2769.02223381026
2873.60730667109
2752.94615857557
2738.79842683984
2735.54060515753
2849.07542654793
2747.63541386972
2719.07035854311
2746.22397348738
2711.07533030692
2710.13064234799
2809.39041464907
2742.01443940210
2825.57458709882
2816.94920717947
2740.72070502927
2713.95130207297
2664.58349772837
2777.88891442986
2747.67113487635
2738.37300548541
2757.09979957038
2658.25539852499
2720.13305483164
2741.63973753878
2810.87954643201
2721.01527519328
2754.73097959866
2676.29043737470
2771.07756803028
2853.23367686401
2800.75274494537
2827.11411772892
2735.66453251244
2722.03398384497
2810.15252529851
2867.77059359691
2860.18597525201
2760.96217767330
2785.19837796730
2822.13757466462
2830.88778001934
2914.99293687906
2835.18285393624
2814.62650613806
2843.56867389546
2787.43221478976
2942.29965472228
2815.39831784590
2805.27661372132
2808.92589937149
2870.31324775415
2887.57094764213
2824.17922859809
2883.06233494960
2817.89052316128
2975.11969933718
2882.33034526448
2912.57367982667
2882.04559207805
2840.97279939632
2760.25374654811
2863.98014934067
2894.02917616264
2887.87101574480
2921.77176806798
2769.86169261051
2888.09456677851
2836.83671313523
3002.02028209918
3004.71130870321
2869.84496963337
2902.01619856146
2826.77128404740
2804.27325855845
2912.12453264692
2807.99287826367
2912.10254586511
2898.10485323503
2917.51841324631
2946.61971205731
2965.68197259651
2849.31840394343
2873.12766784515
3020.08658080609
2965.63809945962
2982.12928190421
3099.86004660846
2913.33852549551
2921.89015342491
3106.71956529659
2944.65960219742
3081.41484915369
3163.01949416443
3199.32732671272
3073.65682059643
3211.31268905962
3083.03870408776
2989.97967688580
3083.80468541020
3061.13322988409
3286.04688637781
3069.00633154945
3177.90653143932
3127.19633486043
3102.31453648383
3238.97994124913
3159.10346436058
3082.96710908938
3226.19720709183
3184.40905802748
2778.68726691261
2893.05780336585
2850.11165608651
3000.91519873571
2767.57309531058
2932.33737485309
2926.00422474227
2851.11910400636
2956.75192145088
2757.96412150878
2810.77718165491
2661.79460508815
2875.07052866850
2896.07453538428
2793.23948742190
2676.51500518445
2807.15712292221
2838.09524200261
2700.51832866957
2840.66340028083
2910.17427845570
2860.66350151986
2760.74241050035
2819.18248340865
2917.58666521416
2815.95350487755
2725.89428069161
2914.41489474148
2944.66403715154
2889.26212049461
2893.33120424096
2963.21965718874
2774.47161077659
3018.45502707491
2840.16265141618
3052.89267579201
2934.34733191563
3075.46283374385
2740.80518710377
2718.18311827084
2879.22147740515
2908.19845246521
2949.32386508930
2989.74233183651
2943.70366792177
3040.47728109668
3226.41426055304
3100.25153460094
3103.50582742729
3052.18616114600
3102.23539767646
3111.71686092736
3162.25837146803
3285.67724360692
2984.28327127306
3058.29297367330
3096.50161402596
3277.17257900069
3036.97253974513
3154.05588082490
2946.07649717522
2936.46712880379
2934.74237615649
2990.05487571848
3109.78655300347
2909.78288390065
2983.50691044030
2884.64270716637
3006.74437335705
2954.55513469955
3028.86046692343
2974.59865701161
2816.56467026677
2953.94310937702
2962.63136963918
3129.15486400354
3155.74202269762
2939.23745766703
2962.29314377248
2995.37566442812
2880.87184605914
2949.05940176436
2889.72749307617
2795.67670413415
3002.76307025797
2915.57861361283
2866.73549173674
3024.07242895347
3212.87503381149
3028.15671423470
3050.05245565571
2789.77807217462
2934.92537423507
2883.86976991128
2925.32706709129