实验环境：
VeiNum = 5
Q_ant =300
AntNum = 25
iter_max = 500

cus：
40	50
40	50
40	50
65	82
55	80
50	35
38	5
23	55
20	85
65	55
23	52
33	35
45	68
85	35
40	15
40	69
50	30
87	30
47	40
30	50
42	10
35	69
10	35

task：
3	4	3	0	1
4	2	4	1	0
2	5	1	0	1
5	3	2	3	0
3	6	3	0	1
6	2	4	5	0
3	7	3	0	1
7	2	4	7	0
3	8	3	0	1
8	2	4	9	0
3	9	3	0	1
9	2	4	11	0
2	10	1	0	1
10	3	2	13	0
3	11	3	0	1
11	2	4	15	0
3	12	3	0	1
12	2	4	17	0
3	13	3	0	1
13	2	4	19	0
2	14	1	0	1
14	3	2	21	0
3	15	3	0	1
15	2	4	23	0
2	16	1	0	1
16	3	2	25	0
2	17	1	0	1
17	3	2	27	0
3	18	3	0	1
18	2	4	29	0
3	19	3	0	1
19	2	4	31	0
3	20	3	0	1
20	2	4	33	0
3	21	3	0	1
21	2	4	35	0
3	22	3	0	1
22	2	4	37	0
3	23	3	0	1
23	2	4	39	0


抽取的客户节点编号为

Cus_select =

    94    99    62    58    28    16    87    27    43     1    81    57     6    61    79    67    20    54    11    31

各任务对应的的客户节点编号为

Task_Cus =

    94    99    62    58    28    16    87    27    43     1    81    57     6    61    79    67    20    54    11    31



Task_size: 40



Tasktime:
0
0.166666666666667
1.68186369187901
1.50519215822909
0.166666666666667
0.166666666666667
1.11736057609967
0.166666666666667
1.79277722962219
0.166666666666667
1.10966779533340
0.166666666666667
1.67444888520399
1.30404410586577
0.166666666666667
0.166666666666667
1.09459773588226
0.166666666666667
1.08049030059784
0.166666666666667
1.13370520897340
1.85252078922981
0.166666666666667
0.166666666666667
1.54166666666667
1.14166666666667
0.166666666666667
1.22568366104161
0.166666666666667
0.166666666666667
1.94362594557888
0.166666666666667
0.971830557060009
0.166666666666667
0.916666666666667
0.166666666666667
1.66791588639171
0.166666666666667
1.15783873427638
0.166666666666667
1.50519215822909


Linktime:
0	1.51519702521235	1.01519702521235	0	0.838525491562421	0.950693909432999	0.450693909432999	1.62611056295552	1.12611056295552	0.943001128666734	0.443001128666734	1.50778221853732	1.00778221853732	0	0.637377439199098	0.927931069215592	0.427931069215592	0.913823633931171	0.413823633931171	0.967038542306735	0.467038542306735	0	1.18585412256314	1.37500000000000	0.875000000000000	0	0.475000000000000	0	0.559016994374948	1.77695927891221	1.27695927891221	0.805163890393343	0.305163890393343	0.750000000000000	0.250000000000000	1.50124921972504	1.00124921972504	0.991172067609712	0.491172067609713	1.33852549156242	0.838525491562421
1.01519702521235	2.69706071709136	0	1.18186369187901	0.254950975679639	2.13255760131201	1.23338963835440	2.80797425483454	2.03991421388254	2.12486482054575	1.24824877328199	2.68964591041633	1.12749722837797	1.18186369187901	0.675000000000000	2.10979476109461	1.29034879005639	2.09568732581019	1.42148689758295	2.14890223418575	0.610327780786685	1.18186369187901	1.27695927891221	2.55686369187901	1.78780591787811	1.18186369187901	0.704450140180269	1.18186369187901	1.35300591277348	2.95882297079123	1.41155942134931	1.98702758227236	1.14236596587959	1.93186369187901	1.18559057013794	2.68311291160405	1.88960974806969	2.17303575948873	0.817389136213591	2.52038918344144	1.80865972476859
0	1.51519702521235	1.18186369187901	0	1.00519215822909	0.950693909432999	0.617360576099665	1.62611056295552	1.29277722962219	0.943001128666734	0.609667795333400	1.50778221853732	1.17444888520399	0	0.804044105865765	0.927931069215592	0.594597735882259	0.913823633931171	0.580490300597838	0.967038542306735	0.633705208973402	0	1.35252078922981	1.37500000000000	1.04166666666667	0	0.641666666666667	0	0.725683661041614	1.77695927891221	1.44362594557888	0.805163890393343	0.471830557060009	0.750000000000000	0.416666666666667	1.50124921972504	1.16791588639171	0.991172067609712	0.657838734276379	1.33852549156242	1.00519215822909
0.838525491562421	2.52038918344144	0.254950975679639	1.00519215822909	0	1.95588606766209	1.13192314226718	2.63130272118461	1.92256339297304	1.94819328689582	1.01519702521235	2.51297437676641	0.883883476483184	1.00519215822909	26.9258240356725	1.93312322744468	1.06301458127347	1.91901579216026	1.25224797863682	1.97223070053582	0.390512483795333	1.00519215822909	54.0832691319598	2.38019215822909	1.66770800801579	1.00519215822909	18.6010752377383	1.00519215822909	50.2493781056045	2.78215143714130	1.48408220796558	1.81035604862243	1.01980390271856	1.75519215822909	0.976281209488332	2.50644137795413	1.77992275113276	1.99636422583880	0.570635610525666	2.34371764979151	1.59099025766973
1.33852549156242	0.254950975679639	2.52038918344144	1.33852549156242	2.34371764979151	1.13192314226718	1.95588606766209	1.92256339297304	2.63130272118461	1.01519702521235	1.94819328689582	0.883883476483184	2.51297437676641	1.33852549156242	2.14256959742819	1.06301458127347	1.93312322744468	1.25224797863682	1.91901579216026	0.390512483795333	1.97223070053582	1.33852549156242	2.69104628079223	1.66770800801579	2.38019215822909	1.33852549156242	1.98019215822909	1.33852549156242	2.06420915260404	1.48408220796558	2.78215143714130	1.01980390271856	1.81035604862243	0.976281209488332	1.75519215822909	1.77992275113276	2.50644137795413	0.570635610525666	1.99636422583880	1.59099025766973	2.34371764979151
0.450693909432999	2.13255760131201	1.23338963835440	0.617360576099665	1.13192314226718	1.56805448553266	0	2.24347113905519	0.807774721070176	1.56036170476640	0.840014880820572	2.12514279463698	1.45773797371133	0.617360576099665	0.625000000000000	1.54529164531526	0.797652806677191	1.53118421003084	0.425000000000000	1.58439911840640	0.834415963413932	0.617360576099665	0.875000000000000	1.99236057609967	0.559016994374948	0.617360576099665	0.886002257333468	0.617360576099665	0.125000000000000	2.39431985501188	0.933407735129724	1.42252446649301	0.145773797371133	1.36736057609967	0.625000000000000	2.11860979582471	0.656220237420334	1.60853264370938	0.929045208803102	1.95588606766209	1
0	1.51519702521235	1.18186369187901	0	1.00519215822909	0.950693909432999	0.617360576099665	1.62611056295552	1.29277722962219	0.943001128666734	0.609667795333400	1.50778221853732	1.17444888520399	0	0.804044105865765	0.927931069215592	0.594597735882259	0.913823633931171	0.580490300597838	0.967038542306735	0.633705208973402	0	1.35252078922981	1.37500000000000	1.04166666666667	0	0.641666666666667	0	0.725683661041614	1.77695927891221	1.44362594557888	0.805163890393343	0.471830557060009	0.750000000000000	0.416666666666667	1.50124921972504	1.16791588639171	0.991172067609712	0.657838734276379	1.33852549156242	1.00519215822909
1.12611056295552	2.80797425483454	2.03991421388254	1.29277722962219	1.92256339297304	2.24347113905519	0.807774721070176	2.91888779257771	0	2.23577835828892	1.30503831361382	2.80055944815951	2.05000000000000	1.29277722962219	1.42060726451754	2.22070829883778	1.23338963835440	2.20660086355336	0.760345316287278	2.25981577192892	1.58469239917405	1.29277722962219	1.39396018594507	2.66777722962219	0.254950975679639	1.29277722962219	1.60078105935821	1.29277722962219	0.693271231193102	3.06973650853440	1.37522725394751	2.09794112001553	0.903465549979633	2.04277722962219	1.14263948820264	2.79402644934723	0.160078105935821	2.28394929723190	1.60175684796413	2.63130272118461	1.02591422643416
0	1.51519702521235	1.18186369187901	0	1.00519215822909	0.950693909432999	0.617360576099665	1.62611056295552	1.29277722962219	0.943001128666734	0.609667795333400	1.50778221853732	1.17444888520399	0	0.804044105865765	0.927931069215592	0.594597735882259	0.913823633931171	0.580490300597838	0.967038542306735	0.633705208973402	0	1.35252078922981	1.37500000000000	1.04166666666667	0	0.641666666666667	0	0.725683661041614	1.77695927891221	1.44362594557888	0.805163890393343	0.471830557060009	0.750000000000000	0.416666666666667	1.50124921972504	1.16791588639171	0.991172067609712	0.657838734276379	1.33852549156242	1.00519215822909
0.443001128666734	2.12486482054575	1.24824877328199	0.609667795333400	1.01519702521235	1.56036170476640	0.840014880820572	2.23577835828892	1.30503831361382	1.55266892400013	0	2.11745001387072	0.753740671584067	0.609667795333400	1.05000000000000	1.53759886454899	0.0750000000000000	1.52349142926457	0.559016994374948	1.57670633764014	0.638846616959032	0.609667795333400	1.62864974749023	1.98466779533340	1.08656569060504	0.609667795333400	0.550567888638631	0.609667795333400	0.919918474648705	2.38662707424561	1.71773833863019	1.41483168572674	0.707548584904245	1.35966779533340	0.215058131676066	2.11091701505844	1.22116747418198	1.60083986294311	0.460977222864644	1.94819328689582	0.596343022093828
0	1.51519702521235	1.18186369187901	0	1.00519215822909	0.950693909432999	0.617360576099665	1.62611056295552	1.29277722962219	0.943001128666734	0.609667795333400	1.50778221853732	1.17444888520399	0	0.804044105865765	0.927931069215592	0.594597735882259	0.913823633931171	0.580490300597838	0.967038542306735	0.633705208973402	0	1.35252078922981	1.37500000000000	1.04166666666667	0	0.641666666666667	0	0.725683661041614	1.77695927891221	1.44362594557888	0.805163890393343	0.471830557060009	0.750000000000000	0.416666666666667	1.50124921972504	1.16791588639171	0.991172067609712	0.657838734276379	1.33852549156242	1.00519215822909
1.00778221853732	2.68964591041633	1.12749722837797	1.17444888520399	0.883883476483184	2.12514279463698	1.45773797371133	2.80055944815951	2.05000000000000	2.11745001387072	0.753740671584067	2.68223110374130	0	1.17444888520399	1.35208172829900	2.10237995441958	0.828402076289045	2.08827251913516	1.29155913530895	2.14148742751072	0.755810822891549	1.17444888520399	2.05015243335709	2.54944888520399	1.82002747232013	1.17444888520399	0.640312423743285	1.17444888520399	1.56624551076771	2.95140816411620	2.16708329327693	1.97961277559733	1.31196417634019	1.92444888520399	0.910013736160065	2.67569810492902	1.95400230296691	2.16562095281370	0.548292804986533	2.51297437676641	1.27475487839820
0	1.51519702521235	1.18186369187901	0	1.00519215822909	0.950693909432999	0.617360576099665	1.62611056295552	1.29277722962219	0.943001128666734	0.609667795333400	1.50778221853732	1.17444888520399	0	0.804044105865765	0.927931069215592	0.594597735882259	0.913823633931171	0.580490300597838	0.967038542306735	0.633705208973402	0	1.35252078922981	1.37500000000000	1.04166666666667	0	0.641666666666667	0	0.725683661041614	1.77695927891221	1.44362594557888	0.805163890393343	0.471830557060009	0.750000000000000	0.416666666666667	1.50124921972504	1.16791588639171	0.991172067609712	0.657838734276379	1.33852549156242	1.00519215822909
0.637377439199098	2.31924113107811	0.675000000000000	0.804044105865765	26.9258240356725	1.75473801529876	0.625000000000000	2.43015466882129	1.42060726451754	1.74704523453250	1.05000000000000	2.31182632440308	1.35208172829900	0.804044105865765	0	1.73197517508136	1.05267516357137	1.71786773979694	0.943398113205660	1.77108264817250	0.596343022093828	0.804044105865765	28.2842712474619	2.17904410586577	1.17924764150708	0.804044105865765	28.6530975637888	0.804044105865765	29.1547594742265	2.58100338477798	0.832541290267336	1.60920799625911	0.585768725692999	1.55404410586576	0.883883476483184	2.30529332559080	1.26342787684933	1.79521617347548	0.827647267862342	2.14256959742819	1.46308748883995
1.13737743919910	0.675000000000000	2.31924113107811	1.13737743919910	2.14256959742819	0.625000000000000	1.75473801529876	1.42060726451754	2.43015466882129	1.05000000000000	1.74704523453250	1.35208172829900	2.31182632440308	1.13737743919910	1.94142154506486	1.05267516357137	1.73197517508136	0.943398113205660	1.71786773979694	0.596343022093828	1.77108264817250	1.13737743919910	2.48989822842891	1.17924764150708	2.17904410586577	1.13737743919910	1.77904410586577	1.13737743919910	1.86306110024071	0.832541290267336	2.58100338477798	0.585768725692999	1.60920799625911	0.883883476483184	1.55404410586577	1.26342787684933	2.30529332559080	0.827647267862342	1.79521617347548	1.46308748883995	2.14256959742819
0.427931069215592	2.10979476109461	1.29034879005639	0.594597735882259	1.06301458127347	1.54529164531526	0.797652806677191	2.22070829883778	1.23338963835440	1.53759886454899	0.0750000000000000	2.10237995441958	0.828402076289045	0.594597735882259	1.05267516357137	1.52252880509785	0	1.50842136981343	0.493077073082901	1.56163627818899	0.680073525436772	0.594597735882259	1.60721031604454	1.96959773588226	1.01796365357512	0.594597735882259	0.601040764008565	0.594597735882259	0.870703738363400	2.37155701479447	1.69189243156886	1.39976162627560	0.670820393249937	1.34459773588226	0.182002747232013	2.09584695560730	1.15244305716161	1.58576980349197	0.520216301167120	1.93312322744468	0.535023363975817
0	1.51519702521235	1.18186369187901	0	1.00519215822909	0.950693909432999	0.617360576099665	1.62611056295552	1.29277722962219	0.943001128666734	0.609667795333400	1.50778221853732	1.17444888520399	0	0.804044105865765	0.927931069215592	0.594597735882259	0.913823633931171	0.580490300597838	0.967038542306735	0.633705208973402	0	1.35252078922981	1.37500000000000	1.04166666666667	0	0.641666666666667	0	0.725683661041614	1.77695927891221	1.44362594557888	0.805163890393343	0.471830557060009	0.750000000000000	0.416666666666667	1.50124921972504	1.16791588639171	0.991172067609712	0.657838734276379	1.33852549156242	1.00519215822909
0.413823633931171	2.09568732581019	1.42148689758295	0.580490300597838	1.25224797863682	1.53118421003084	0.425000000000000	2.20660086355336	0.760345316287278	1.52349142926457	0.559016994374948	2.08827251913516	1.29155913530895	0.580490300597838	0.943398113205660	1.50842136981343	0.493077073082901	1.49431393452901	0	1.54752884290457	0.877852493303972	0.580490300597838	1.30000000000000	1.95549030059784	0.529740502510427	0.580490300597838	0.867827747885489	0.580490300597838	0.443001128666734	2.35744957951005	1.35577468629563	1.38565419099118	0.371651718682963	1.33049030059784	0.382426463519459	2.08173952032288	0.664266512779321	1.57166236820755	0.851469318296320	1.91901579216026	0.575000000000000
0	1.51519702521235	1.18186369187901	0	1.00519215822909	0.950693909432999	0.617360576099665	1.62611056295552	1.29277722962219	0.943001128666734	0.609667795333400	1.50778221853732	1.17444888520399	0	0.804044105865765	0.927931069215592	0.594597735882259	0.913823633931171	0.580490300597838	0.967038542306735	0.633705208973402	0	1.35252078922981	1.37500000000000	1.04166666666667	0	0.641666666666667	0	0.725683661041614	1.77695927891221	1.44362594557888	0.805163890393343	0.471830557060009	0.750000000000000	0.416666666666667	1.50124921972504	1.16791588639171	0.991172067609712	0.657838734276379	1.33852549156242	1.00519215822909
0.467038542306735	2.14890223418575	0.610327780786685	0.633705208973402	0.390512483795333	1.58439911840640	0.834415963413932	2.25981577192892	1.58469239917405	1.57670633764014	0.638846616959032	2.14148742751072	0.755810822891549	0.633705208973402	0.596343022093828	1.56163627818899	0.680073525436772	1.54752884290457	0.877852493303972	1.60074375128014	0	0.633705208973402	1.29638921624642	2.00870520897340	1.33088316542062	0.633705208973402	0.127475487839820	0.633705208973402	0.958188394836840	2.41066448788562	1.41598022585063	1.43886909936674	0.701783442380910	1.38370520897340	0.585768725692999	2.13495442869844	1.45193835957316	1.62487727658311	0.251246890528022	1.97223070053582	1.20260134708057
0	1.51519702521235	1.18186369187901	0	1.00519215822909	0.950693909432999	0.617360576099665	1.62611056295552	1.29277722962219	0.943001128666734	0.609667795333400	1.50778221853732	1.17444888520399	0	0.804044105865765	0.927931069215592	0.594597735882259	0.913823633931171	0.580490300597838	0.967038542306735	0.633705208973402	0	1.35252078922981	1.37500000000000	1.04166666666667	0	0.641666666666667	0	0.725683661041614	1.77695927891221	1.44362594557888	0.805163890393343	0.471830557060009	0.750000000000000	0.416666666666667	1.50124921972504	1.16791588639171	0.991172067609712	0.657838734276379	1.33852549156242	1.00519215822909
1.18585412256314	2.86771781444216	1.27695927891221	1.35252078922981	54.0832691319598	2.30321469866281	0.875000000000000	2.97863135218533	1.39396018594507	2.29552191789654	1.62864974749023	2.86030300776713	2.05015243335709	1.35252078922981	28.2842712474619	2.28045185844540	1.60721031604454	2.26634442316098	1.30000000000000	2.31955933153654	1.29638921624642	1.35252078922981	0	2.72752078922981	1.23110722522451	1.35252078922981	56.4003546088143	1.35252078922981	35.3553390593274	3.12948006814202	0.134629120178363	2.15768467962315	0.958188394836840	2.10252078922981	1.42521928137392	2.85377000895485	1.24348301154459	2.34369285683952	1.51162164578310	2.69104628079223	1.87500000000000
1.68585412256314	1.27695927891221	2.86771781444216	1.68585412256314	2.69104628079223	0.875000000000000	2.30321469866281	1.39396018594507	2.97863135218533	1.62864974749023	2.29552191789654	2.05015243335709	2.86030300776713	1.68585412256314	2.48989822842891	1.60721031604454	2.28045185844540	1.30000000000000	2.26634442316098	1.29638921624642	2.31955933153654	1.68585412256314	3.03837491179295	1.23110722522451	2.72752078922981	1.68585412256314	2.32752078922981	1.68585412256314	2.41153778360476	0.134629120178363	3.12948006814202	0.958188394836840	2.15768467962315	1.42521928137392	2.10252078922981	1.24348301154459	2.85377000895485	1.51162164578310	2.34369285683952	1.87500000000000	2.69104628079223
0.875000000000000	2.55686369187901	1.78780591787811	1.04166666666667	1.66770800801579	1.99236057609967	0.559016994374948	2.66777722962219	0.254950975679639	1.98466779533340	1.08656569060504	2.54944888520399	1.82002747232013	1.04166666666667	1.17924764150708	1.96959773588226	1.01796365357512	1.95549030059784	0.529740502510427	2.00870520897340	1.33088316542062	1.04166666666667	1.23110722522451	2.41666666666667	0	1.04166666666667	1.35000000000000	1.04166666666667	0.450693909432999	2.81862594557888	1.23338963835440	1.84683055706001	0.649037749287359	1.79166666666667	0.910013736160065	2.54291588639171	0.134629120178363	2.03283873427638	1.35577468629563	2.38019215822909	0.901387818865997
0	1.51519702521235	1.18186369187901	0	1.00519215822909	0.950693909432999	0.617360576099665	1.62611056295552	1.29277722962219	0.943001128666734	0.609667795333400	1.50778221853732	1.17444888520399	0	0.804044105865765	0.927931069215592	0.594597735882259	0.913823633931171	0.580490300597838	0.967038542306735	0.633705208973402	0	1.35252078922981	1.37500000000000	1.04166666666667	0	0.641666666666667	0	0.725683661041614	1.77695927891221	1.44362594557888	0.805163890393343	0.471830557060009	0.750000000000000	0.416666666666667	1.50124921972504	1.16791588639171	0.991172067609712	0.657838734276379	1.33852549156242	1.00519215822909
0.475000000000000	2.15686369187901	0.704450140180269	0.641666666666667	18.6010752377383	1.59236057609967	0.886002257333468	2.26777722962219	1.60078105935821	1.58466779533340	0.550567888638631	2.14944888520399	0.640312423743285	0.641666666666667	28.6530975637888	1.56959773588226	0.601040764008565	1.55549030059784	0.867827747885489	1.60870520897340	0.127475487839820	0.641666666666667	56.4003546088143	2.01666666666667	1.35000000000000	0.641666666666667	0	0.641666666666667	40.2616442783948	2.41862594557888	1.52684314846025	1.44683055706001	0.745821694508815	1.39166666666667	0.536772763839597	2.14291588639171	1.47584721431454	1.63283873427638	0.125000000000000	1.98019215822909	1.13357840487546
0.975000000000000	0.704450140180269	2.15686369187901	0.975000000000000	1.98019215822909	0.886002257333468	1.59236057609967	1.60078105935821	2.26777722962219	0.550567888638631	1.58466779533340	0.640312423743285	2.14944888520399	0.975000000000000	1.77904410586577	0.601040764008565	1.56959773588226	0.867827747885489	1.55549030059784	0.127475487839820	1.60870520897340	0.975000000000000	2.32752078922981	1.35000000000000	2.01666666666667	0.975000000000000	1.61666666666667	0.975000000000000	1.70068366104161	1.52684314846025	2.41862594557888	0.745821694508815	1.44683055706001	0.536772763839597	1.39166666666667	1.47584721431454	2.14291588639171	0.125000000000000	1.63283873427638	1.13357840487546	1.98019215822909
0.559016994374948	2.24088068625396	1.35300591277348	0.725683661041614	50.2493781056045	1.67637757047461	0.125000000000000	2.35179422399713	0.693271231193102	1.66868478970835	0.919918474648705	2.23346587957893	1.56624551076771	0.725683661041614	29.1547594742265	1.65361473025721	0.870703738363400	1.63950729497279	0.443001128666734	1.69272220334835	0.958188394836840	0.725683661041614	35.3553390593274	2.10068366104161	0.450693909432999	0.725683661041614	40.2616442783948	0.725683661041614	0	2.50264293995383	0.925000000000000	1.53084755143496	0.261007662722764	1.47568366104161	0.707106781186548	2.22693288076665	0.538516480713450	1.71685572865133	1.04462912078881	2.06420915260404	1.00778221853732
1.05901699437495	1.35300591277348	2.24088068625396	1.05901699437495	2.06420915260404	0.125000000000000	1.67637757047461	0.693271231193102	2.35179422399714	0.919918474648705	1.66868478970835	1.56624551076771	2.23346587957893	1.05901699437495	1.86306110024071	0.870703738363400	1.65361473025721	0.443001128666734	1.63950729497279	0.958188394836840	1.69272220334835	1.05901699437495	2.41153778360476	0.450693909432999	2.10068366104161	1.05901699437495	1.70068366104161	1.05901699437495	1.78470065541656	0.925000000000000	2.50264293995383	0.261007662722764	1.53084755143496	0.707106781186548	1.47568366104161	0.538516480713450	2.22693288076665	1.04462912078881	1.71685572865133	1.00778221853732	2.06420915260404
1.27695927891221	2.95882297079123	1.41155942134931	1.44362594557888	1.48408220796558	2.39431985501188	0.933407735129724	3.06973650853440	1.37522725394751	2.38662707424561	1.71773833863019	2.95140816411620	2.16708329327693	1.44362594557888	0.832541290267336	2.37155701479447	1.69189243156886	2.35744957951005	1.35577468629563	2.41066448788562	1.41598022585063	1.44362594557888	0.134629120178363	2.81862594557888	1.23338963835440	1.44362594557888	1.52684314846025	1.44362594557888	0.925000000000000	3.22058522449109	0	2.24878983597222	1.03077640640442	2.19362594557888	1.51017383105390	2.94487516530392	1.23110722522451	2.43479801318859	1.62500000000000	2.78215143714130	1.92905417238604
0	1.51519702521235	1.18186369187901	0	1.00519215822909	0.950693909432999	0.617360576099665	1.62611056295552	1.29277722962219	0.943001128666734	0.609667795333400	1.50778221853732	1.17444888520399	0	0.804044105865765	0.927931069215592	0.594597735882259	0.913823633931171	0.580490300597838	0.967038542306735	0.633705208973402	0	1.35252078922981	1.37500000000000	1.04166666666667	0	0.641666666666667	0	0.725683661041614	1.77695927891221	1.44362594557888	0.805163890393343	0.471830557060009	0.750000000000000	0.416666666666667	1.50124921972504	1.16791588639171	0.991172067609712	0.657838734276379	1.33852549156242	1.00519215822909
0.305163890393343	1.98702758227236	1.14236596587959	0.471830557060009	1.01980390271856	1.42252446649301	0.145773797371133	2.09794112001553	0.903465549979633	1.41483168572674	0.707548584904245	1.97961277559733	1.31196417634019	0.471830557060009	0.585768725692999	1.39976162627560	0.670820393249937	1.38565419099118	0.371651718682963	1.43886909936674	0.701783442380910	0.471830557060009	0.958188394836840	1.84683055706001	0.649037749287359	0.471830557060009	0.745821694508815	0.471830557060009	0.261007662722764	2.24878983597222	1.03077640640442	1.27699444745335	0	1.22183055706001	0.493077073082901	1.97307977678505	0.760345316287278	1.46300262466972	0.784617741323761	1.81035604862243	0.933407735129724
0	1.51519702521235	1.18186369187901	0	1.00519215822909	0.950693909432999	0.617360576099665	1.62611056295552	1.29277722962219	0.943001128666734	0.609667795333400	1.50778221853732	1.17444888520399	0	0.804044105865765	0.927931069215592	0.594597735882259	0.913823633931171	0.580490300597838	0.967038542306735	0.633705208973402	0	1.35252078922981	1.37500000000000	1.04166666666667	0	0.641666666666667	0	0.725683661041614	1.77695927891221	1.44362594557888	0.805163890393343	0.471830557060009	0.750000000000000	0.416666666666667	1.50124921972504	1.16791588639171	0.991172067609712	0.657838734276379	1.33852549156242	1.00519215822909
0.250000000000000	1.93186369187901	1.18559057013794	0.416666666666667	0.976281209488332	1.36736057609967	0.625000000000000	2.04277722962219	1.14263948820264	1.35966779533340	0.215058131676066	1.92444888520399	0.910013736160065	0.416666666666667	0.883883476483184	1.34459773588226	0.182002747232013	1.33049030059784	0.382426463519459	1.38370520897340	0.585768725692999	0.416666666666667	1.42521928137392	1.79166666666667	0.910013736160065	0.416666666666667	0.536772763839597	0.416666666666667	0.707106781186548	2.19362594557888	1.51017383105390	1.22183055706001	0.493077073082901	1.16666666666667	0	1.91791588639171	1.04403065089106	1.40783873427638	0.491172067609713	1.75519215822909	0.625000000000000
0	1.51519702521235	1.18186369187901	0	1.00519215822909	0.950693909432999	0.617360576099665	1.62611056295552	1.29277722962219	0.943001128666734	0.609667795333400	1.50778221853732	1.17444888520399	0	0.804044105865765	0.927931069215592	0.594597735882259	0.913823633931171	0.580490300597838	0.967038542306735	0.633705208973402	0	1.35252078922981	1.37500000000000	1.04166666666667	0	0.641666666666667	0	0.725683661041614	1.77695927891221	1.44362594557888	0.805163890393343	0.471830557060009	0.750000000000000	0.416666666666667	1.50124921972504	1.16791588639171	0.991172067609712	0.657838734276379	1.33852549156242	1.00519215822909
1.00124921972504	2.68311291160405	1.88960974806969	1.16791588639171	1.77992275113276	2.11860979582471	0.656220237420334	2.79402644934723	0.160078105935821	2.11091701505844	1.22116747418198	2.67569810492902	1.95400230296691	1.16791588639171	1.26342787684933	2.09584695560730	1.15244305716161	2.08173952032288	0.664266512779321	2.13495442869844	1.45193835957316	1.16791588639171	1.24348301154459	2.54291588639171	0.134629120178363	1.16791588639171	1.47584721431454	1.16791588639171	0.538516480713450	2.94487516530392	1.23110722522451	1.97307977678505	0.760345316287278	1.91791588639171	1.04403065089106	2.66916510611675	0	2.15908795400142	1.48534507775129	2.50644137795413	1.01519702521235
0	1.51519702521235	1.18186369187901	0	1.00519215822909	0.950693909432999	0.617360576099665	1.62611056295552	1.29277722962219	0.943001128666734	0.609667795333400	1.50778221853732	1.17444888520399	0	0.804044105865765	0.927931069215592	0.594597735882259	0.913823633931171	0.580490300597838	0.967038542306735	0.633705208973402	0	1.35252078922981	1.37500000000000	1.04166666666667	0	0.641666666666667	0	0.725683661041614	1.77695927891221	1.44362594557888	0.805163890393343	0.471830557060009	0.750000000000000	0.416666666666667	1.50124921972504	1.16791588639171	0.991172067609712	0.657838734276379	1.33852549156242	1.00519215822909
0.491172067609713	2.17303575948873	0.817389136213591	0.657838734276379	0.570635610525666	1.60853264370938	0.929045208803102	2.28394929723190	1.60175684796413	1.60083986294311	0.460977222864644	2.16562095281370	0.548292804986533	0.657838734276379	0.827647267862342	1.58576980349197	0.520216301167120	1.57166236820755	0.851469318296320	1.62487727658311	0.251246890528022	0.657838734276379	1.51162164578310	2.03283873427638	1.35577468629563	0.657838734276379	0.125000000000000	0.657838734276379	1.04462912078881	2.43479801318859	1.62500000000000	1.46300262466972	0.784617741323761	1.40783873427638	0.491172067609713	2.15908795400142	1.48534507775129	1.64901080188609	0	1.99636422583880	1.05504739230046
0	1.51519702521235	1.18186369187901	0	1.00519215822909	0.950693909432999	0.617360576099665	1.62611056295552	1.29277722962219	0.943001128666734	0.609667795333400	1.50778221853732	1.17444888520399	0	0.804044105865765	0.927931069215592	0.594597735882259	0.913823633931171	0.580490300597838	0.967038542306735	0.633705208973402	0	1.35252078922981	1.37500000000000	1.04166666666667	0	0.641666666666667	0	0.725683661041614	1.77695927891221	1.44362594557888	0.805163890393343	0.471830557060009	0.750000000000000	0.416666666666667	1.50124921972504	1.16791588639171	0.991172067609712	0.657838734276379	1.33852549156242	1.00519215822909
0.838525491562421	2.52038918344144	1.80865972476859	1.00519215822909	1.59099025766973	1.95588606766209	1	2.63130272118461	1.02591422643416	1.94819328689582	0.596343022093828	2.51297437676641	1.27475487839820	1.00519215822909	1.46308748883995	1.93312322744468	0.535023363975817	1.91901579216026	0.575000000000000	1.97223070053582	1.20260134708057	1.00519215822909	1.87500000000000	2.38019215822909	0.901387818865997	1.00519215822909	1.13357840487546	1.00519215822909	1.00778221853732	2.78215143714130	1.92905417238604	1.81035604862243	0.933407735129724	1.75519215822909	0.625000000000000	2.50644137795413	1.01519702521235	1.99636422583880	1.05504739230046	2.34371764979151	0
0	1.51519702521235	1.18186369187901	0	1.00519215822909	0.950693909432999	0.617360576099665	1.62611056295552	1.29277722962219	0.943001128666734	0.609667795333400	1.50778221853732	1.17444888520399	0	0.804044105865765	0.927931069215592	0.594597735882259	0.913823633931171	0.580490300597838	0.967038542306735	0.633705208973402	0	1.35252078922981	1.37500000000000	1.04166666666667	0	0.641666666666667	0	0.725683661041614	1.77695927891221	1.44362594557888	0.805163890393343	0.471830557060009	0.750000000000000	0.416666666666667	1.50124921972504	1.16791588639171	0.991172067609712	0.657838734276379	1.33852549156242	1.00519215822909


4	2	4	0	0
2	5	1	0	1
6	2	4	0	0
7	2	4	0	0
8	2	4	0	0
9	2	4	0	0
2	10	1	0	1
11	2	4	0	0
12	2	4	0	0
13	2	4	0	0
2	14	1	0	1
15	2	4	0	0
2	16	1	0	1
2	17	1	0	1
18	2	4	0	0
19	2	4	0	0
20	2	4	0	0
21	2	4	0	0
22	2	4	0	0
23	2	4	0	0




3	4	3	0	1
5	3	2	0	0
3	6	3	0	1
3	7	3	0	1
3	8	3	0	1
3	9	3	0	1
10	3	2	0	0
3	11	3	0	1
3	12	3	0	1
3	13	3	0	1
14	3	2	0	0
3	15	3	0	1
16	3	2	0	0
17	3	2	0	0
3	18	3	0	1
3	19	3	0	1
3	20	3	0	1
3	21	3	0	1
3	22	3	0	1
3	23	3	0	1







linktime（task1）
0	1.01519702521235	0	0.450693909432999	1.12611056295552	0.443001128666734	1.00778221853732	0	0.427931069215592	0.413823633931171	0.467038542306735	0	0.875000000000000	0	0	1.27695927891221	0.305163890393343	0.250000000000000	1.00124921972504	0.491172067609713	0.838525491562421
0	1.18186369187901	0	0.617360576099665	1.29277722962219	0.609667795333400	1.17444888520399	0	0.594597735882259	0.580490300597838	0.633705208973402	0	1.04166666666667	0	0	1.44362594557888	0.471830557060009	0.416666666666667	1.16791588639171	0.657838734276379	1.00519215822909
0.838525491562421	0.254950975679639	1.00519215822909	1.13192314226718	1.92256339297304	1.01519702521235	0.883883476483184	1.00519215822909	1.06301458127347	1.25224797863682	0.390512483795333	1.00519215822909	1.66770800801579	1.00519215822909	1.00519215822909	1.48408220796558	1.01980390271856	0.976281209488332	1.77992275113276	0.570635610525666	1.59099025766973
0	1.18186369187901	0	0.617360576099665	1.29277722962219	0.609667795333400	1.17444888520399	0	0.594597735882259	0.580490300597838	0.633705208973402	0	1.04166666666667	0	0	1.44362594557888	0.471830557060009	0.416666666666667	1.16791588639171	0.657838734276379	1.00519215822909
0	1.18186369187901	0	0.617360576099665	1.29277722962219	0.609667795333400	1.17444888520399	0	0.594597735882259	0.580490300597838	0.633705208973402	0	1.04166666666667	0	0	1.44362594557888	0.471830557060009	0.416666666666667	1.16791588639171	0.657838734276379	1.00519215822909
0	1.18186369187901	0	0.617360576099665	1.29277722962219	0.609667795333400	1.17444888520399	0	0.594597735882259	0.580490300597838	0.633705208973402	0	1.04166666666667	0	0	1.44362594557888	0.471830557060009	0.416666666666667	1.16791588639171	0.657838734276379	1.00519215822909
0	1.18186369187901	0	0.617360576099665	1.29277722962219	0.609667795333400	1.17444888520399	0	0.594597735882259	0.580490300597838	0.633705208973402	0	1.04166666666667	0	0	1.44362594557888	0.471830557060009	0.416666666666667	1.16791588639171	0.657838734276379	1.00519215822909
0.637377439199098	0.675000000000000	0.804044105865765	0.625000000000000	1.42060726451754	1.05000000000000	1.35208172829900	0.804044105865765	1.05267516357137	0.943398113205660	0.596343022093828	0.804044105865765	1.17924764150708	0.804044105865765	0.804044105865765	0.832541290267336	0.585768725692999	0.883883476483184	1.26342787684933	0.827647267862342	1.46308748883995
0	1.18186369187901	0	0.617360576099665	1.29277722962219	0.609667795333400	1.17444888520399	0	0.594597735882259	0.580490300597838	0.633705208973402	0	1.04166666666667	0	0	1.44362594557888	0.471830557060009	0.416666666666667	1.16791588639171	0.657838734276379	1.00519215822909
0	1.18186369187901	0	0.617360576099665	1.29277722962219	0.609667795333400	1.17444888520399	0	0.594597735882259	0.580490300597838	0.633705208973402	0	1.04166666666667	0	0	1.44362594557888	0.471830557060009	0.416666666666667	1.16791588639171	0.657838734276379	1.00519215822909
0	1.18186369187901	0	0.617360576099665	1.29277722962219	0.609667795333400	1.17444888520399	0	0.594597735882259	0.580490300597838	0.633705208973402	0	1.04166666666667	0	0	1.44362594557888	0.471830557060009	0.416666666666667	1.16791588639171	0.657838734276379	1.00519215822909
1.18585412256314	1.27695927891221	1.35252078922981	0.875000000000000	1.39396018594507	1.62864974749023	2.05015243335709	1.35252078922981	1.60721031604454	1.30000000000000	1.29638921624642	1.35252078922981	1.23110722522451	1.35252078922981	1.35252078922981	0.134629120178363	0.958188394836840	1.42521928137392	1.24348301154459	1.51162164578310	1.87500000000000
0	1.18186369187901	0	0.617360576099665	1.29277722962219	0.609667795333400	1.17444888520399	0	0.594597735882259	0.580490300597838	0.633705208973402	0	1.04166666666667	0	0	1.44362594557888	0.471830557060009	0.416666666666667	1.16791588639171	0.657838734276379	1.00519215822909
0.475000000000000	0.704450140180269	0.641666666666667	0.886002257333468	1.60078105935821	0.550567888638631	0.640312423743285	0.641666666666667	0.601040764008565	0.867827747885489	0.127475487839820	0.641666666666667	1.35000000000000	0.641666666666667	0.641666666666667	1.52684314846025	0.745821694508815	0.536772763839597	1.47584721431454	0.125000000000000	1.13357840487546
0.559016994374948	1.35300591277348	0.725683661041614	0.125000000000000	0.693271231193102	0.919918474648705	1.56624551076771	0.725683661041614	0.870703738363400	0.443001128666734	0.958188394836840	0.725683661041614	0.450693909432999	0.725683661041614	0.725683661041614	0.925000000000000	0.261007662722764	0.707106781186548	0.538516480713450	1.04462912078881	1.00778221853732
0	1.18186369187901	0	0.617360576099665	1.29277722962219	0.609667795333400	1.17444888520399	0	0.594597735882259	0.580490300597838	0.633705208973402	0	1.04166666666667	0	0	1.44362594557888	0.471830557060009	0.416666666666667	1.16791588639171	0.657838734276379	1.00519215822909
0	1.18186369187901	0	0.617360576099665	1.29277722962219	0.609667795333400	1.17444888520399	0	0.594597735882259	0.580490300597838	0.633705208973402	0	1.04166666666667	0	0	1.44362594557888	0.471830557060009	0.416666666666667	1.16791588639171	0.657838734276379	1.00519215822909
0	1.18186369187901	0	0.617360576099665	1.29277722962219	0.609667795333400	1.17444888520399	0	0.594597735882259	0.580490300597838	0.633705208973402	0	1.04166666666667	0	0	1.44362594557888	0.471830557060009	0.416666666666667	1.16791588639171	0.657838734276379	1.00519215822909
0	1.18186369187901	0	0.617360576099665	1.29277722962219	0.609667795333400	1.17444888520399	0	0.594597735882259	0.580490300597838	0.633705208973402	0	1.04166666666667	0	0	1.44362594557888	0.471830557060009	0.416666666666667	1.16791588639171	0.657838734276379	1.00519215822909
0	1.18186369187901	0	0.617360576099665	1.29277722962219	0.609667795333400	1.17444888520399	0	0.594597735882259	0.580490300597838	0.633705208973402	0	1.04166666666667	0	0	1.44362594557888	0.471830557060009	0.416666666666667	1.16791588639171	0.657838734276379	1.00519215822909
0	1.18186369187901	0	0.617360576099665	1.29277722962219	0.609667795333400	1.17444888520399	0	0.594597735882259	0.580490300597838	0.633705208973402	0	1.04166666666667	0	0	1.44362594557888	0.471830557060009	0.416666666666667	1.16791588639171	0.657838734276379	1.00519215822909


linktime（task2）
0	1.51519702521235	0.838525491562421	0.950693909432999	1.62611056295552	0.943001128666734	1.50778221853732	0.637377439199098	0.927931069215592	0.913823633931171	0.967038542306735	1.18585412256314	1.37500000000000	0.475000000000000	0.559016994374948	1.77695927891221	0.805163890393343	0.750000000000000	1.50124921972504	0.991172067609712	1.33852549156242
1.01519702521235	2.69706071709136	0.254950975679639	2.13255760131201	2.80797425483454	2.12486482054575	2.68964591041633	0.675000000000000	2.10979476109461	2.09568732581019	2.14890223418575	1.27695927891221	2.55686369187901	0.704450140180269	1.35300591277348	2.95882297079123	1.98702758227236	1.93186369187901	2.68311291160405	2.17303575948873	2.52038918344144
1.33852549156242	0.254950975679639	2.34371764979151	1.13192314226718	1.92256339297304	1.01519702521235	0.883883476483184	2.14256959742819	1.06301458127347	1.25224797863682	0.390512483795333	2.69104628079223	1.66770800801579	1.98019215822909	2.06420915260404	1.48408220796558	1.01980390271856	0.976281209488332	1.77992275113276	0.570635610525666	1.59099025766973
0.450693909432999	2.13255760131201	1.13192314226718	1.56805448553266	2.24347113905519	1.56036170476640	2.12514279463698	0.625000000000000	1.54529164531526	1.53118421003084	1.58439911840640	0.875000000000000	1.99236057609967	0.886002257333468	0.125000000000000	2.39431985501188	1.42252446649301	1.36736057609967	2.11860979582471	1.60853264370938	1.95588606766209
1.12611056295552	2.80797425483454	1.92256339297304	2.24347113905519	2.91888779257771	2.23577835828892	2.80055944815951	1.42060726451754	2.22070829883778	2.20660086355336	2.25981577192892	1.39396018594507	2.66777722962219	1.60078105935821	0.693271231193102	3.06973650853440	2.09794112001553	2.04277722962219	2.79402644934723	2.28394929723190	2.63130272118461
0.443001128666734	2.12486482054575	1.01519702521235	1.56036170476640	2.23577835828892	1.55266892400013	2.11745001387072	1.05000000000000	1.53759886454899	1.52349142926457	1.57670633764014	1.62864974749023	1.98466779533340	0.550567888638631	0.919918474648705	2.38662707424561	1.41483168572674	1.35966779533340	2.11091701505844	1.60083986294311	1.94819328689582
1.00778221853732	2.68964591041633	0.883883476483184	2.12514279463698	2.80055944815951	2.11745001387072	2.68223110374130	1.35208172829900	2.10237995441958	2.08827251913516	2.14148742751072	2.05015243335709	2.54944888520399	0.640312423743285	1.56624551076771	2.95140816411620	1.97961277559733	1.92444888520399	2.67569810492902	2.16562095281370	2.51297437676641
1.13737743919910	0.675000000000000	2.14256959742819	0.625000000000000	1.42060726451754	1.05000000000000	1.35208172829900	1.94142154506486	1.05267516357137	0.943398113205660	0.596343022093828	2.48989822842891	1.17924764150708	1.77904410586577	1.86306110024071	0.832541290267336	0.585768725692999	0.883883476483184	1.26342787684933	0.827647267862342	1.46308748883995
0.427931069215592	2.10979476109461	1.06301458127347	1.54529164531526	2.22070829883778	1.53759886454899	2.10237995441958	1.05267516357137	1.52252880509785	1.50842136981343	1.56163627818899	1.60721031604454	1.96959773588226	0.601040764008565	0.870703738363400	2.37155701479447	1.39976162627560	1.34459773588226	2.09584695560730	1.58576980349197	1.93312322744468
0.413823633931171	2.09568732581019	1.25224797863682	1.53118421003084	2.20660086355336	1.52349142926457	2.08827251913516	0.943398113205660	1.50842136981343	1.49431393452901	1.54752884290457	1.30000000000000	1.95549030059784	0.867827747885489	0.443001128666734	2.35744957951005	1.38565419099118	1.33049030059784	2.08173952032288	1.57166236820755	1.91901579216026
0.467038542306735	2.14890223418575	0.390512483795333	1.58439911840640	2.25981577192892	1.57670633764014	2.14148742751072	0.596343022093828	1.56163627818899	1.54752884290457	1.60074375128014	1.29638921624642	2.00870520897340	0.127475487839820	0.958188394836840	2.41066448788562	1.43886909936674	1.38370520897340	2.13495442869844	1.62487727658311	1.97223070053582
1.68585412256314	1.27695927891221	2.69104628079223	0.875000000000000	1.39396018594507	1.62864974749023	2.05015243335709	2.48989822842891	1.60721031604454	1.30000000000000	1.29638921624642	3.03837491179295	1.23110722522451	2.32752078922981	2.41153778360476	0.134629120178363	0.958188394836840	1.42521928137392	1.24348301154459	1.51162164578310	1.87500000000000
0.875000000000000	2.55686369187901	1.66770800801579	1.99236057609967	2.66777722962219	1.98466779533340	2.54944888520399	1.17924764150708	1.96959773588226	1.95549030059784	2.00870520897340	1.23110722522451	2.41666666666667	1.35000000000000	0.450693909432999	2.81862594557888	1.84683055706001	1.79166666666667	2.54291588639171	2.03283873427638	2.38019215822909
0.975000000000000	0.704450140180269	1.98019215822909	0.886002257333468	1.60078105935821	0.550567888638631	0.640312423743285	1.77904410586577	0.601040764008565	0.867827747885489	0.127475487839820	2.32752078922981	1.35000000000000	1.61666666666667	1.70068366104161	1.52684314846025	0.745821694508815	0.536772763839597	1.47584721431454	0.125000000000000	1.13357840487546
1.05901699437495	1.35300591277348	2.06420915260404	0.125000000000000	0.693271231193102	0.919918474648705	1.56624551076771	1.86306110024071	0.870703738363400	0.443001128666734	0.958188394836840	2.41153778360476	0.450693909432999	1.70068366104161	1.78470065541656	0.925000000000000	0.261007662722764	0.707106781186548	0.538516480713450	1.04462912078881	1.00778221853732
1.27695927891221	2.95882297079123	1.48408220796558	2.39431985501188	3.06973650853440	2.38662707424561	2.95140816411620	0.832541290267336	2.37155701479447	2.35744957951005	2.41066448788562	0.134629120178363	2.81862594557888	1.52684314846025	0.925000000000000	3.22058522449109	2.24878983597222	2.19362594557888	2.94487516530392	2.43479801318859	2.78215143714130
0.305163890393343	1.98702758227236	1.01980390271856	1.42252446649301	2.09794112001553	1.41483168572674	1.97961277559733	0.585768725692999	1.39976162627560	1.38565419099118	1.43886909936674	0.958188394836840	1.84683055706001	0.745821694508815	0.261007662722764	2.24878983597222	1.27699444745335	1.22183055706001	1.97307977678505	1.46300262466972	1.81035604862243
0.250000000000000	1.93186369187901	0.976281209488332	1.36736057609967	2.04277722962219	1.35966779533340	1.92444888520399	0.883883476483184	1.34459773588226	1.33049030059784	1.38370520897340	1.42521928137392	1.79166666666667	0.536772763839597	0.707106781186548	2.19362594557888	1.22183055706001	1.16666666666667	1.91791588639171	1.40783873427638	1.75519215822909
1.00124921972504	2.68311291160405	1.77992275113276	2.11860979582471	2.79402644934723	2.11091701505844	2.67569810492902	1.26342787684933	2.09584695560730	2.08173952032288	2.13495442869844	1.24348301154459	2.54291588639171	1.47584721431454	0.538516480713450	2.94487516530392	1.97307977678505	1.91791588639171	2.66916510611675	2.15908795400142	2.50644137795413
0.491172067609713	2.17303575948873	0.570635610525666	1.60853264370938	2.28394929723190	1.60083986294311	2.16562095281370	0.827647267862342	1.58576980349197	1.57166236820755	1.62487727658311	1.51162164578310	2.03283873427638	0.125000000000000	1.04462912078881	2.43479801318859	1.46300262466972	1.40783873427638	2.15908795400142	1.64901080188609	1.99636422583880
0.838525491562421	2.52038918344144	1.59099025766973	1.95588606766209	2.63130272118461	1.94819328689582	2.51297437676641	1.46308748883995	1.93312322744468	1.91901579216026	1.97223070053582	1.87500000000000	2.38019215822909	1.13357840487546	1.00778221853732	2.78215143714130	1.81035604862243	1.75519215822909	2.50644137795413	1.99636422583880	2.34371764979151
tasktime（1）
0
1.68186369187901
1.50519215822909
1.11736057609967
1.79277722962219
1.10966779533340
1.67444888520399
1.30404410586577
1.09459773588226
1.08049030059784
1.13370520897340
1.85252078922981
1.54166666666667
1.14166666666667
1.22568366104161
1.94362594557888
0.971830557060009
0.916666666666667
1.66791588639171
1.15783873427638
1.50519215822909


tasktime（2）
0
0.166666666666667
0.166666666666667
0.166666666666667
0.166666666666667
0.166666666666667
0.166666666666667
0.166666666666667
0.166666666666667
0.166666666666667
0.166666666666667
0.166666666666667
0.166666666666667
0.166666666666667
0.166666666666667
0.166666666666667
0.166666666666667
0.166666666666667
0.166666666666667
0.166666666666667
0.166666666666667