目标函数：300
决策变量：
x
t1  （大小 7）	t1  （大小 7）	v1  （大小 2）	值
1	1	1	0
1	1	2	0
1	2	1	0
1	2	2	0
1	3	1	0
1	3	2	0
1	4	1	1
1	4	2	0
1	5	1	0
1	5	2	0
1	6	1	0
1	6	2	0
1	7	1	0
1	7	2	0
2	1	1	0
2	1	2	0
2	2	1	0
2	2	2	0
2	3	1	0
2	3	2	0
2	4	1	0
2	4	2	0
2	5	1	1
2	5	2	0
2	6	1	0
2	6	2	0
2	7	1	0
2	7	2	0
3	1	1	0
3	1	2	0
3	2	1	0
3	2	2	0
3	3	1	0
3	3	2	0
3	4	1	0
3	4	2	0
3	5	1	0
3	5	2	0
3	6	1	0
3	6	2	0
3	7	1	1
3	7	2	0
4	1	1	0
4	1	2	0
4	2	1	0
4	2	2	0
4	3	1	0
4	3	2	0
4	4	1	0
4	4	2	0
4	5	1	0
4	5	2	0
4	6	1	1
4	6	2	0
4	7	1	0
4	7	2	0
5	1	1	0
5	1	2	0
5	2	1	0
5	2	2	0
5	3	1	1
5	3	2	0
5	4	1	0
5	4	2	0
5	5	1	0
5	5	2	0
5	6	1	0
5	6	2	0
5	7	1	0
5	7	2	0
6	1	1	0
6	1	2	0
6	2	1	1
6	2	2	0
6	3	1	0
6	3	2	0
6	4	1	0
6	4	2	0
6	5	1	0
6	5	2	0
6	6	1	0
6	6	2	0
6	7	1	0
6	7	2	0
7	1	1	1
7	1	2	0
7	2	1	0
7	2	2	0
7	3	1	0
7	3	2	0
7	4	1	0
7	4	2	0
7	5	1	0
7	5	2	0
7	6	1	0
7	6	2	0
7	7	1	0
7	7	2	0

y
t1  （大小 7）	值
1	0
2	1.29295274110336
3	2.50128607443548
4	0
5	1.45961940776942
6	0.16666666666606
7	3.8053301803011

时间：2.52