最优解为:309.8558
最优解路径:

Best_route =

     1     4     6     2     3     8     7     5     0
     0     0     0     0     0     0     0     0     0

本次运算用时:3.546秒
算法在第3代时收敛

best
310.943801187658
310.943801187658
309.855793227080
309.855793227080
309.855793227080
309.855793227080
309.855793227080
309.855793227080
309.855793227080
309.855793227080
309.855793227080
309.855793227080
309.855793227080
309.855793227080
309.855793227080
309.855793227080
309.855793227080
309.855793227080
309.855793227080
309.855793227080
309.855793227080
309.855793227080
309.855793227080
309.855793227080
309.855793227080
309.855793227080
309.855793227080
309.855793227080
309.855793227080
309.855793227080
309.855793227080
309.855793227080
309.855793227080
309.855793227080
309.855793227080
309.855793227080
309.855793227080
309.855793227080
309.855793227080
309.855793227080
309.855793227080
309.855793227080
309.855793227080
309.855793227080
309.855793227080
309.855793227080
309.855793227080
309.855793227080
309.855793227080
309.855793227080
309.855793227080
309.855793227080
309.855793227080
309.855793227080
309.855793227080
309.855793227080
309.855793227080
309.855793227080
309.855793227080
309.855793227080
309.855793227080
309.855793227080
309.855793227080
309.855793227080
309.855793227080
309.855793227080
309.855793227080
309.855793227080
309.855793227080
309.855793227080
309.855793227080
309.855793227080
309.855793227080
309.855793227080
309.855793227080
309.855793227080
309.855793227080
309.855793227080
309.855793227080
309.855793227080
309.855793227080
309.855793227080
309.855793227080
309.855793227080
309.855793227080
309.855793227080
309.855793227080
309.855793227080
309.855793227080
309.855793227080
309.855793227080
309.855793227080
309.855793227080
309.855793227080
309.855793227080
309.855793227080
309.855793227080
309.855793227080
309.855793227080
309.855793227080
309.855793227080
309.855793227080
309.855793227080
309.855793227080
309.855793227080
309.855793227080
309.855793227080
309.855793227080
309.855793227080
309.855793227080
309.855793227080
309.855793227080
309.855793227080
309.855793227080
309.855793227080
309.855793227080
309.855793227080
309.855793227080
309.855793227080
309.855793227080
309.855793227080
309.855793227080
309.855793227080
309.855793227080
309.855793227080
309.855793227080
309.855793227080
309.855793227080
309.855793227080
309.855793227080
309.855793227080
309.855793227080
309.855793227080
309.855793227080
309.855793227080
309.855793227080
309.855793227080
309.855793227080
309.855793227080
309.855793227080
309.855793227080
309.855793227080
309.855793227080
309.855793227080
309.855793227080
309.855793227080
309.855793227080
309.855793227080
309.855793227080
309.855793227080
309.855793227080
309.855793227080
309.855793227080
309.855793227080
309.855793227080
309.855793227080
309.855793227080
309.855793227080
309.855793227080
309.855793227080
309.855793227080
309.855793227080
309.855793227080
309.855793227080
309.855793227080
309.855793227080
309.855793227080
309.855793227080
309.855793227080
309.855793227080
309.855793227080
309.855793227080
309.855793227080
309.855793227080
309.855793227080
309.855793227080
309.855793227080
309.855793227080
309.855793227080
309.855793227080
309.855793227080
309.855793227080
309.855793227080
309.855793227080
309.855793227080
309.855793227080
309.855793227080
309.855793227080
309.855793227080
309.855793227080
309.855793227080
309.855793227080
309.855793227080
309.855793227080
309.855793227080
309.855793227080
309.855793227080
309.855793227080
309.855793227080
309.855793227080

ave
316.664062260630
331.399216408965
331.504134362554
345.735749883713
314.772806158475
344.999715740466
329.991769531151
315.700957203457
329.501109610698
315.699788767368
313.447572063449
315.534563547863
315.142596293160
313.978534773018
313.885176606666
315.336058138073
313.295030161684
316.294907249972
313.906842223055
314.007627233516
328.825243084801
312.850857141245
312.362196675087
326.880224690833
327.317950181834
311.133828417580
327.002924842046
326.530457582375
311.397826203459
310.681590491122
327.031254556960
325.279743438622
311.873983190486
341.492018027732
310.489901889451
326.716052427359
325.856592031654
310.304638811169
310.041241855581
310.462571101472
324.819969571167
340.042696192027
310.482797640724
310.452623897091
309.855793227080
310.684528636779
310.688401855916
310.505862401850
310.547694629848
310.250052862921
310.178794059962
310.424681881958
339.629674263852
310.527365432030
309.855793227080
310.386018313858
309.855793227080
309.855793227080
309.855793227080
324.855793227080
310.064604234421
309.855793227080
310.267360818810
309.855793227080
310.267360818810
310.303752800030
309.855793227080
310.558188953606
309.855793227080
309.855793227080
309.855793227080
309.855793227080
309.855793227080
309.855793227080
324.815122892352
310.081726640090
309.855793227080
309.855793227080
325.437423148181
309.855793227080
309.855793227080
309.855793227080
309.855793227080
310.304638811169
309.855793227080
309.855793227080
309.855793227080
309.855793227080
309.855793227080
310.178794059962
309.855793227080
309.855793227080
310.321761216838
309.952675096734
309.855793227080
309.855793227080
309.855793227080
310.321761216838
309.855793227080
309.855793227080
310.178794059962
310.303752800030
309.855793227080
309.855793227080
310.081726640090
310.178462964908
309.855793227080
309.855793227080
310.081726640090
309.855793227080
309.855793227080
309.855793227080
309.855793227080
309.952675096734
309.855793227080
309.855793227080
309.855793227080
310.064604234421
310.413442162896
325.064604234421
324.855793227080
309.855793227080
309.855793227080
310.733328808568
309.855793227080
309.855793227080
324.855793227080
309.855793227080
309.855793227080
309.855793227080
309.855793227080
325.071230048995
309.855793227080
309.855793227080
309.855793227080
310.820413949807
325.064604234421
309.855793227080
309.855793227080
309.855793227080
310.041241855581
309.855793227080
309.855793227080
310.178794059962
309.855793227080
325.025855556452
309.855793227080
309.855793227080
325.025855556452
309.855793227080
309.855793227080
309.855793227080
309.855793227080
309.855793227080
310.297349012224
309.855793227080
309.855793227080
310.267360818810
309.855793227080
309.855793227080
310.081726640090
309.855793227080
309.855793227080
310.064604234421
309.855793227080
310.178462964908
309.855793227080
310.178794059962
310.178794059962
309.855793227080
309.855793227080
309.855793227080
309.855793227080
309.855793227080
309.855793227080
324.855793227080
309.855793227080
309.855793227080
310.064604234421
309.855793227080
309.855793227080
309.855793227080
310.242948614195
324.855793227080
309.855793227080
309.855793227080
309.855793227080
309.855793227080
324.629674263852
309.855793227080
309.855793227080
309.855793227080
309.855793227080
309.855793227080
309.855793227080
309.855793227080
309.855793227080
309.855793227080
309.855793227080
310.304638811169