最优解为:323.5579
最优解路径:

Best_route =

     6     4     2     3     5     1     0
     0     0     0     0     0     0     0

本次运算用时:3.046秒
算法在第1代时收敛

best
323.557856753223
323.557856753223
323.557856753223
323.557856753223
323.557856753223
323.557856753223
323.557856753223
323.557856753223
323.557856753223
323.557856753223
323.557856753223
323.557856753223
323.557856753223
323.557856753223
323.557856753223
323.557856753223
323.557856753223
323.557856753223
323.557856753223
323.557856753223
323.557856753223
323.557856753223
323.557856753223
323.557856753223
323.557856753223
323.557856753223
323.557856753223
323.557856753223
323.557856753223
323.557856753223
323.557856753223
323.557856753223
323.557856753223
323.557856753223
323.557856753223
323.557856753223
323.557856753223
323.557856753223
323.557856753223
323.557856753223
323.557856753223
323.557856753223
323.557856753223
323.557856753223
323.557856753223
323.557856753223
323.557856753223
323.557856753223
323.557856753223
323.557856753223
323.557856753223
323.557856753223
323.557856753223
323.557856753223
323.557856753223
323.557856753223
323.557856753223
323.557856753223
323.557856753223
323.557856753223
323.557856753223
323.557856753223
323.557856753223
323.557856753223
323.557856753223
323.557856753223
323.557856753223
323.557856753223
323.557856753223
323.557856753223
323.557856753223
323.557856753223
323.557856753223
323.557856753223
323.557856753223
323.557856753223
323.557856753223
323.557856753223
323.557856753223
323.557856753223
323.557856753223
323.557856753223
323.557856753223
323.557856753223
323.557856753223
323.557856753223
323.557856753223
323.557856753223
323.557856753223
323.557856753223
323.557856753223
323.557856753223
323.557856753223
323.557856753223
323.557856753223
323.557856753223
323.557856753223
323.557856753223
323.557856753223
323.557856753223
323.557856753223

ave
354.364956872708
326.711790303819
325.344399967673
338.305020700394
337.653983073032
325.271329798305
324.956964319375
337.330004329116
324.347380404403
324.362143344507
324.962410378242
335.789283503079
324.589378853376
324.520920559523
324.773225425785
324.452093888353
324.477480559523
335.695290128151
324.148592694180
323.873390539586
323.601296753223
323.817369511167
348.174527801578
323.557856753223
324.083163627158
323.729657494285
335.519120772524
335.519120772524
323.738730128151
323.695290128151
323.557856753223
347.828354888515
335.557856753223
323.557856753223
323.557856753223
323.557856753223
323.911079305442
335.557856753223
323.557856753223
323.557856753223
323.557856753223
323.557856753223
323.557856753223
323.557856753223
323.557856753223
323.557856753223
323.557856753223
323.557856753223
323.557856753223
335.519120772524
323.557856753223
323.557856753223
335.514416753223
323.557856753223
323.557856753223
323.557856753223
323.557856753223
323.557856753223
323.557856753223
323.557856753223
323.557856753223
323.557856753223
323.562560772524
323.557856753223
323.557856753223
347.519120772524
323.911079305442
323.557856753223
323.557856753223
323.557856753223
323.557856753223
335.519120772524
323.557856753223
323.557856753223
323.557856753223
323.557856753223
323.557856753223
323.557856753223
323.557856753223
323.557856753223
323.557856753223
323.557856753223
323.557856753223
323.557856753223
323.557856753223
323.557856753223
323.557856753223
323.557856753223
323.557856753223
323.911079305442
323.557856753223
323.557856753223
323.557856753223
323.557856753223
323.557856753223
323.557856753223
323.557856753223
323.557856753223
323.557856753223
323.557856753223
323.557856753223