最优解为:329.5269
最优解路径:

Best_route =

     0     0     0     0     0     0     0     0     0
     2     6     7     4     8     3     5     1     0

本次运算用时:3.708秒
算法在第5代时收敛

best
330.192763383481
330.192763383481
330.192763383481
330.192763383481
329.526937578278
329.526937578278
329.526937578278
329.526937578278
329.526937578278
329.526937578278
329.526937578278
329.526937578278
329.526937578278
329.526937578278
329.526937578278
329.526937578278
329.526937578278
329.526937578278
329.526937578278
329.526937578278
329.526937578278
329.526937578278
329.526937578278
329.526937578278
329.526937578278
329.526937578278
329.526937578278
329.526937578278
329.526937578278
329.526937578278
329.526937578278
329.526937578278
329.526937578278
329.526937578278
329.526937578278
329.526937578278
329.526937578278
329.526937578278
329.526937578278
329.526937578278
329.526937578278
329.526937578278
329.526937578278
329.526937578278
329.526937578278
329.526937578278
329.526937578278
329.526937578278
329.526937578278
329.526937578278
329.526937578278
329.526937578278
329.526937578278
329.526937578278
329.526937578278
329.526937578278
329.526937578278
329.526937578278
329.526937578278
329.526937578278
329.526937578278
329.526937578278
329.526937578278
329.526937578278
329.526937578278
329.526937578278
329.526937578278
329.526937578278
329.526937578278
329.526937578278
329.526937578278
329.526937578278
329.526937578278
329.526937578278
329.526937578278
329.526937578278
329.526937578278
329.526937578278
329.526937578278
329.526937578278
329.526937578278
329.526937578278
329.526937578278
329.526937578278
329.526937578278
329.526937578278
329.526937578278
329.526937578278
329.526937578278
329.526937578278
329.526937578278
329.526937578278
329.526937578278
329.526937578278
329.526937578278
329.526937578278
329.526937578278
329.526937578278
329.526937578278
329.526937578278
329.526937578278
329.526937578278
329.526937578278
329.526937578278
329.526937578278
329.526937578278
329.526937578278
329.526937578278
329.526937578278
329.526937578278
329.526937578278
329.526937578278
329.526937578278
329.526937578278
329.526937578278
329.526937578278
329.526937578278
329.526937578278
329.526937578278
329.526937578278
329.526937578278
329.526937578278
329.526937578278
329.526937578278
329.526937578278
329.526937578278
329.526937578278
329.526937578278
329.526937578278
329.526937578278
329.526937578278
329.526937578278
329.526937578278
329.526937578278
329.526937578278
329.526937578278
329.526937578278
329.526937578278
329.526937578278
329.526937578278
329.526937578278
329.526937578278
329.526937578278
329.526937578278
329.526937578278
329.526937578278
329.526937578278
329.526937578278
329.526937578278
329.526937578278
329.526937578278
329.526937578278
329.526937578278
329.526937578278
329.526937578278
329.526937578278
329.526937578278
329.526937578278
329.526937578278
329.526937578278
329.526937578278
329.526937578278
329.526937578278
329.526937578278
329.526937578278
329.526937578278
329.526937578278
329.526937578278
329.526937578278
329.526937578278
329.526937578278
329.526937578278
329.526937578278
329.526937578278
329.526937578278
329.526937578278
329.526937578278
329.526937578278
329.526937578278
329.526937578278
329.526937578278
329.526937578278
329.526937578278
329.526937578278
329.526937578278
329.526937578278
329.526937578278
329.526937578278
329.526937578278
329.526937578278
329.526937578278
329.526937578278
329.526937578278
329.526937578278
329.526937578278
329.526937578278
329.526937578278
329.526937578278
329.526937578278
329.526937578278

ave
347.142463916434
346.846030951767
331.884648376920
346.390205030444
346.266495092469
345.706832971651
360.818819707182
331.000399102909
345.754829793741
345.341244221225
330.769719374360
331.032380298918
345.003171785403
330.271232459380
330.179143457173
330.399714390323
344.993302282573
330.679847687075
360.193228633955
344.597051693712
375.917210184375
359.975277087670
344.547778215102
344.597051693712
330.121794641909
329.984912299185
359.492232991814
329.845480943041
329.705651693712
344.709437921554
329.693201040276
329.660164442944
359.782617332323
329.602078215102
359.418337578278
329.585023806120
329.602078215102
329.526937578278
329.806846516751
329.526937578278
329.526937578278
329.526937578278
329.560228868538
344.505928868538
329.526937578278
344.472637578278
329.526937578278
329.585023806120
329.526937578278
344.472637578278
329.526937578278
329.526937578278
329.526937578278
329.639323806120
329.526937578278
329.560228868538
329.526937578278
359.418337578278
344.472637578278
344.472637578278
329.526937578278
329.526937578278
344.472637578278
344.472637578278
329.526937578278
344.685226073523
329.640647848072
329.526937578278
344.472637578278
329.526937578278
329.618060403452
329.526937578278
329.526937578278
329.526937578278
329.526937578278
329.526937578278
329.526937578278
329.526937578278
329.526937578278
329.526937578278
329.526937578278
329.526937578278
329.526937578278
329.526937578278
329.585023806120
329.526937578278
329.526937578278
329.526937578278
329.526937578278
329.526937578278
329.526937578278
329.526937578278
329.526937578278
329.526937578278
329.526937578278
329.526937578278
329.526937578278
329.602078215102
329.526937578278
329.526937578278
329.526937578278
329.526937578278
329.526937578278
344.488446763972
329.526937578278
329.526937578278
329.526937578278
329.526937578278
329.526937578278
329.526937578278
329.526937578278
329.526937578278
329.526937578278
344.472637578278
344.488446763972
329.526937578278
329.526937578278
329.526937578278
329.526937578278
329.526937578278
329.602078215102
329.526937578278
329.526937578278
329.526937578278
329.526937578278
329.526937578278
329.526937578278
329.526937578278
329.526937578278
329.526937578278
329.585023806120
329.526937578278
329.526937578278
329.526937578278
329.526937578278
329.618060403452
344.638372485078
329.526937578278
329.526937578278
329.526937578278
329.526937578278
344.526937578278
329.526937578278
329.526937578278
329.526937578278
329.526937578278
329.526937578278
329.526937578278
329.526937578278
329.526937578278
329.526937578278
329.526937578278
329.526937578278
329.526937578278
344.472637578278
329.526937578278
329.526937578278
329.526937578278
344.547778215102
329.526937578278
329.526937578278
329.526937578278
329.526937578278
329.526937578278
329.693201040276
329.526937578278
329.526937578278
329.526937578278
329.526937578278
329.526937578278
329.526937578278
329.526937578278
329.526937578278
329.526937578278
329.526937578278
329.526937578278
329.526937578278
329.526937578278
329.647668537948
329.585023806120
344.472637578278
329.526937578278
344.473076842328
329.526937578278
329.526937578278
344.526937578278
329.585023806120
344.526937578278
329.526937578278
329.526937578278
329.526937578278
329.526937578278
329.526937578278
329.526937578278
329.526937578278
329.526937578278
329.526937578278
344.472637578278
329.526937578278
329.526937578278