最优解为:320.9689
最优解路径:

Best_route =

     2     1     5     3     4     0
     0     0     0     0     0     0

本次运算用时:1.187秒
算法在第1代时收敛

best
320.968934372164
320.968934372164
320.968934372164
320.968934372164
320.968934372164
320.968934372164
320.968934372164
320.968934372164
320.968934372164
320.968934372164
320.968934372164
320.968934372164
320.968934372164
320.968934372164
320.968934372164
320.968934372164
320.968934372164
320.968934372164
320.968934372164
320.968934372164
320.968934372164
320.968934372164
320.968934372164
320.968934372164
320.968934372164
320.968934372164
320.968934372164
320.968934372164
320.968934372164
320.968934372164
320.968934372164
320.968934372164
320.968934372164
320.968934372164
320.968934372164
320.968934372164
320.968934372164
320.968934372164
320.968934372164
320.968934372164
320.968934372164
320.968934372164
320.968934372164
320.968934372164
320.968934372164
320.968934372164
320.968934372164
320.968934372164
320.968934372164
320.968934372164
320.968934372164
320.968934372164
320.968934372164
320.968934372164
320.968934372164
320.968934372164
320.968934372164
320.968934372164
320.968934372164
320.968934372164
320.968934372164
320.968934372164
320.968934372164
320.968934372164
320.968934372164
320.968934372164
320.968934372164
320.968934372164
320.968934372164
320.968934372164
320.968934372164
320.968934372164
320.968934372164
320.968934372164
320.968934372164
320.968934372164
320.968934372164
320.968934372164
320.968934372164
320.968934372164
320.968934372164
320.968934372164
320.968934372164
320.968934372164
320.968934372164
320.968934372164
320.968934372164
320.968934372164
320.968934372164
320.968934372164
320.968934372164
320.968934372164
320.968934372164
320.968934372164
320.968934372164
320.968934372164
320.968934372164
320.968934372164
320.968934372164
320.968934372164

ave
367.177697257023
337.140189512225
321.413887791127
321.331325382856
321.453256727788
321.456501855890
336.501398279945
321.213794527944
336.152801994840
336.180462150620
336.518514700553
321.106817091994
336.177217022519
336.197770407604
321.263024558891
321.080779500265
321.149556866739
321.026479500265
321.026479500265
336.031347192417
321.026479500265
320.970556936214
321.229894458468
335.968934372164
321.077534372164
335.968934372164
320.968934372164
321.052517091994
320.970556936214
320.968934372164
320.970556936214
320.968934372164
320.968934372164
320.970556936214
335.914634372164
320.968934372164
320.970556936214
320.968934372164
320.968934372164
320.968934372164
320.968934372164
320.968934372164
320.968934372164
320.968934372164
320.968934372164
320.968934372164
320.968934372164
320.968934372164
320.968934372164
320.968934372164
335.914634372164
320.968934372164
320.968934372164
320.970556936214
335.887580290352
320.970556936214
320.968934372164
320.968934372164
320.968934372164
335.914634372164
320.968934372164
320.968934372164
320.968934372164
320.968934372164
320.968934372164
320.968934372164
320.968934372164
320.968934372164
320.968934372164
320.968934372164
320.968934372164
320.970556936214
320.968934372164
320.968934372164
335.914634372164
320.970556936214
320.968934372164
320.968934372164
320.968934372164
320.968934372164
320.968934372164
320.968934372164
320.968934372164
320.968934372164
320.968934372164
320.968934372164
320.968934372164
320.968934372164
320.970556936214
320.968934372164
320.968934372164
320.968934372164
320.968934372164
335.887580290352
320.968934372164
320.968934372164
320.968934372164
320.968934372164
320.968934372164
320.968934372164