task 1：
目标函数：316.932
决策变量：
x
t1  （大小 5）	t1  （大小 5）	v1  （大小 2）	值
1	1	1	0
1	1	2	0
1	2	1	0
1	2	2	0
1	3	1	0
1	3	2	0
1	4	1	1
1	4	2	0
1	5	1	0
1	5	2	0
2	1	1	1
2	1	2	0
2	2	1	0
2	2	2	0
2	3	1	0
2	3	2	0
2	4	1	0
2	4	2	0
2	5	1	0
2	5	2	0
3	1	1	0
3	1	2	0
3	2	1	1
3	2	2	0
3	3	1	0
3	3	2	0
3	4	1	0
3	4	2	0
3	5	1	0
3	5	2	0
4	1	1	0
4	1	2	0
4	2	1	0
4	2	2	0
4	3	1	0
4	3	2	0
4	4	1	0
4	4	2	0
4	5	1	1
4	5	2	0
5	1	1	0
5	1	2	0
5	2	1	0
5	2	2	0
5	3	1	1
5	3	2	0
5	4	1	0
5	4	2	0
5	5	1	0
5	5	2	0

y
t1  （大小 5）	值
1	0
2	7.0374557290018
3	4.34512267221693
4	0.301039864469807
5	1.26874639460507

时间：2.24

task 2：
目标函数：340.067
决策变量：
x
t1  （大小 5）	t1  （大小 5）	v1  （大小 2）	值
1	1	1	0
1	1	2	0
1	2	1	0
1	2	2	0
1	3	1	0
1	3	2	0
1	4	1	1
1	4	2	0
1	5	1	0
1	5	2	0
2	1	1	1
2	1	2	0
2	2	1	0
2	2	2	0
2	3	1	0
2	3	2	0
2	4	1	0
2	4	2	0
2	5	1	0
2	5	2	0
3	1	1	0
3	1	2	0
3	2	1	1
3	2	2	0
3	3	1	0
3	3	2	0
3	4	1	0
3	4	2	0
3	5	1	0
3	5	2	0
4	1	1	0
4	1	2	0
4	2	1	0
4	2	2	0
4	3	1	0
4	3	2	0
4	4	1	0
4	4	2	0
4	5	1	1
4	5	2	0
5	1	1	0
5	1	2	0
5	2	1	0
5	2	2	0
5	3	1	1
5	3	2	0
5	4	1	0
5	4	2	0
5	5	1	0
5	5	2	0

y
t1  （大小 5）	值
1	0
2	5.97591005959548
3	3.28357700281061
4	0.801039864469807
5	1.65917236243343

时间：2.90
