最优解为:314.1207
最优解路径:

Best_route =

     0     0     0     0     0     0     0     0     0
     8     7     4     5     1     3     6     2     0

本次运算用时:3.421秒
算法在第1代时收敛

best
314.120715459264
314.120715459264
314.120715459264
314.120715459264
314.120715459264
314.120715459264
314.120715459264
314.120715459264
314.120715459264
314.120715459264
314.120715459264
314.120715459264
314.120715459264
314.120715459264
314.120715459264
314.120715459264
314.120715459264
314.120715459264
314.120715459264
314.120715459264
314.120715459264
314.120715459264
314.120715459264
314.120715459264
314.120715459264
314.120715459264
314.120715459264
314.120715459264
314.120715459264
314.120715459264
314.120715459264
314.120715459264
314.120715459264
314.120715459264
314.120715459264
314.120715459264
314.120715459264
314.120715459264
314.120715459264
314.120715459264
314.120715459264
314.120715459264
314.120715459264
314.120715459264
314.120715459264
314.120715459264
314.120715459264
314.120715459264
314.120715459264
314.120715459264
314.120715459264
314.120715459264
314.120715459264
314.120715459264
314.120715459264
314.120715459264
314.120715459264
314.120715459264
314.120715459264
314.120715459264
314.120715459264
314.120715459264
314.120715459264
314.120715459264
314.120715459264
314.120715459264
314.120715459264
314.120715459264
314.120715459264
314.120715459264
314.120715459264
314.120715459264
314.120715459264
314.120715459264
314.120715459264
314.120715459264
314.120715459264
314.120715459264
314.120715459264
314.120715459264
314.120715459264
314.120715459264
314.120715459264
314.120715459264
314.120715459264
314.120715459264
314.120715459264
314.120715459264
314.120715459264
314.120715459264
314.120715459264
314.120715459264
314.120715459264
314.120715459264
314.120715459264
314.120715459264
314.120715459264
314.120715459264
314.120715459264
314.120715459264
314.120715459264
314.120715459264
314.120715459264
314.120715459264
314.120715459264
314.120715459264
314.120715459264
314.120715459264
314.120715459264
314.120715459264
314.120715459264
314.120715459264
314.120715459264
314.120715459264
314.120715459264
314.120715459264
314.120715459264
314.120715459264
314.120715459264
314.120715459264
314.120715459264
314.120715459264
314.120715459264
314.120715459264
314.120715459264
314.120715459264
314.120715459264
314.120715459264
314.120715459264
314.120715459264
314.120715459264
314.120715459264
314.120715459264
314.120715459264
314.120715459264
314.120715459264
314.120715459264
314.120715459264
314.120715459264
314.120715459264
314.120715459264
314.120715459264
314.120715459264
314.120715459264
314.120715459264
314.120715459264
314.120715459264
314.120715459264
314.120715459264
314.120715459264
314.120715459264
314.120715459264
314.120715459264
314.120715459264
314.120715459264
314.120715459264
314.120715459264
314.120715459264
314.120715459264
314.120715459264
314.120715459264
314.120715459264
314.120715459264
314.120715459264
314.120715459264
314.120715459264
314.120715459264
314.120715459264
314.120715459264
314.120715459264
314.120715459264
314.120715459264
314.120715459264
314.120715459264
314.120715459264
314.120715459264
314.120715459264
314.120715459264
314.120715459264
314.120715459264
314.120715459264
314.120715459264
314.120715459264
314.120715459264
314.120715459264
314.120715459264
314.120715459264
314.120715459264
314.120715459264
314.120715459264
314.120715459264
314.120715459264
314.120715459264
314.120715459264
314.120715459264
314.120715459264
314.120715459264
314.120715459264
314.120715459264
314.120715459264

ave
320.751275597158
336.515353294261
319.963956583185
318.102479446676
317.784020665683
317.324460740810
317.693241239650
317.876315440157
317.287707430430
316.266908112271
316.473746816325
360.710657010947
317.439881751550
317.015681067804
316.312324231625
331.120889340125
330.432990964269
314.516666181043
317.120546631385
315.393084854338
330.850914088946
331.588606754135
314.897284938130
314.278164150078
315.152069828069
314.945985030840
314.935100998042
314.175015459264
314.120715459264
314.460074599819
329.799310658137
314.120715459264
314.120715459264
314.304917490229
314.120715459264
314.723781489534
314.829520721492
314.583045238064
314.120715459264
314.120715459264
314.175015459264
314.120715459264
314.120715459264
314.120715459264
314.120715459264
314.513806180882
314.286701251959
314.120715459264
329.066415459264
329.120715459264
314.120715459264
314.120715459264
314.120715459264
314.120715459264
314.120715459264
314.397219000570
314.120715459264
314.120715459264
314.120715459264
314.120715459264
314.120715459264
314.120715459264
314.120715459264
329.265977257646
314.120715459264
314.120715459264
329.120715459264
329.411188125884
314.120715459264
314.397219000570
314.120715459264
314.286701251959
314.120715459264
314.120715459264
314.120715459264
314.120715459264
314.120715459264
314.120715459264
329.265977257646
329.176734129381
314.120715459264
314.411188125884
314.120715459264
314.120715459264
314.120715459264
314.120715459264
314.120715459264
314.120715459264
329.120715459264
314.120715459264
314.120715459264
314.286701251959
314.120715459264
314.120715459264
314.120715459264
314.120715459264
314.120715459264
314.120715459264
314.120715459264
329.120715459264
329.286701251959
314.120715459264
314.120715459264
314.120715459264
314.120715459264
329.232401251959
314.120715459264
314.120715459264
314.120715459264
314.570188283927
314.120715459264
314.583045238064
314.120715459264
329.397219000570
314.120715459264
314.120715459264
314.120715459264
329.120715459264
314.120715459264
314.120715459264
314.120715459264
314.120715459264
314.120715459264
314.120715459264
314.120715459264
314.120715459264
314.120715459264
329.066415459264
314.642502179806
314.286701251959
314.120715459264
314.120715459264
314.120715459264
314.534196547251
314.120715459264
314.286701251959
314.120715459264
314.120715459264
314.120715459264
314.120715459264
314.120715459264
314.120715459264
344.265977257646
314.120715459264
314.120715459264
329.405774599819
314.120715459264
314.405774599819
314.120715459264
314.120715459264
314.120715459264
314.120715459264
314.120715459264
314.120715459264
314.120715459264
314.120715459264
314.120715459264
314.120715459264
314.175015459264
314.120715459264
314.120715459264
314.120715459264
314.120715459264
329.286701251959
314.120715459264
314.120715459264
314.120715459264
314.286701251959
314.120715459264
314.120715459264
314.120715459264
314.120715459264
314.120715459264
314.120715459264
314.120715459264
314.120715459264
314.120715459264
314.120715459264
314.120715459264
329.141675704606
314.120715459264
314.120715459264
314.120715459264
314.397219000570
314.120715459264
314.405774599819
314.120715459264
314.120715459264
314.120715459264
329.066415459264
314.120715459264
329.066415459264
314.120715459264
314.411188125884
314.120715459264
314.120715459264
314.120715459264
314.120715459264
314.120715459264
314.120715459264