最优解为:3232.7261
最优解路径:

Best_route =

  1 至 24 列

    51    52     1     2    15    16    25    26    17    18    21    22     0     0     0     0     0     0     0     0     0     0     0     0
     0     0     0     0     0     0     0     0     0     0     0     0     0     0     0     0     0     0     0     0     0     0     0     0
     9    10    13    14    43    44    45    46    53    54    39    40     0     0     0     0     0     0     0     0     0     0     0     0
    59    60    47    48    31    32    41    42    27    28     0     0     0     0     0     0     0     0     0     0     0     0     0     0
    37    38    55    56    49    50    11    12    33    34    23    24     5     6     0     0     0     0     0     0     0     0     0     0
    57    58    19    20     7     8    29    30     3     4    35    36     0     0     0     0     0     0     0     0     0     0     0     0

  25 至 48 列

     0     0     0     0     0     0     0     0     0     0     0     0     0     0     0     0     0     0     0     0     0     0     0     0
     0     0     0     0     0     0     0     0     0     0     0     0     0     0     0     0     0     0     0     0     0     0     0     0
     0     0     0     0     0     0     0     0     0     0     0     0     0     0     0     0     0     0     0     0     0     0     0     0
     0     0     0     0     0     0     0     0     0     0     0     0     0     0     0     0     0     0     0     0     0     0     0     0
     0     0     0     0     0     0     0     0     0     0     0     0     0     0     0     0     0     0     0     0     0     0     0     0
     0     0     0     0     0     0     0     0     0     0     0     0     0     0     0     0     0     0     0     0     0     0     0     0

  49 至 61 列

     0     0     0     0     0     0     0     0     0     0     0     0     0
     0     0     0     0     0     0     0     0     0     0     0     0     0
     0     0     0     0     0     0     0     0     0     0     0     0     0
     0     0     0     0     0     0     0     0     0     0     0     0     0
     0     0     0     0     0     0     0     0     0     0     0     0     0
     0     0     0     0     0     0     0     0     0     0     0     0     0

本次运算用时:426.392秒
算法在第429代时收敛

best
3512.03432469295
3498.83357202477
3494.01966114383
3494.01966114383
3494.01966114383
3494.01966114383
3494.01966114383
3494.01966114383
3494.01966114383
3494.01966114383
3494.01966114383
3491.40661653372
3491.40661653372
3491.40661653372
3491.40661653372
3491.40661653372
3491.40661653372
3491.40661653372
3491.40661653372
3491.40661653372
3491.40661653372
3491.40661653372
3491.40661653372
3491.40661653372
3491.40661653372
3491.40661653372
3491.40661653372
3491.40661653372
3491.40661653372
3491.40661653372
3491.40661653372
3491.40661653372
3491.40661653372
3491.40661653372
3491.40661653372
3491.40661653372
3491.40661653372
3491.40661653372
3491.40661653372
3491.40661653372
3491.40661653372
3378.24269971547
3378.24269971547
3378.24269971547
3378.24269971547
3281.84853049774
3281.84853049774
3281.84853049774
3281.84853049774
3281.84853049774
3281.84853049774
3281.84853049774
3281.84853049774
3281.84853049774
3281.84853049774
3281.84853049774
3281.84853049774
3281.84853049774
3281.84853049774
3281.84853049774
3281.84853049774
3281.84853049774
3281.84853049774
3281.84853049774
3281.84853049774
3281.84853049774
3281.84853049774
3281.84853049774
3281.84853049774
3281.84853049774
3281.84853049774
3281.84853049774
3242.62313344075
3242.62313344075
3242.62313344075
3242.62313344075
3242.62313344075
3242.62313344075
3242.62313344075
3242.62313344075
3242.62313344075
3242.62313344075
3242.62313344075
3242.62313344075
3242.62313344075
3242.62313344075
3242.62313344075
3242.62313344075
3242.62313344075
3242.62313344075
3242.62313344075
3242.62313344075
3242.62313344075
3242.62313344075
3242.62313344075
3242.62313344075
3242.62313344075
3242.62313344075
3242.62313344075
3242.62313344075
3242.62313344075
3242.62313344075
3242.62313344075
3242.62313344075
3242.62313344075
3242.62313344075
3242.62313344075
3242.62313344075
3242.62313344075
3242.62313344075
3242.62313344075
3242.62313344075
3242.62313344075
3242.62313344075
3242.62313344075
3242.62313344075
3242.62313344075
3242.62313344075
3242.62313344075
3242.62313344075
3242.62313344075
3242.62313344075
3242.62313344075
3242.62313344075
3242.62313344075
3242.62313344075
3242.62313344075
3242.62313344075
3242.62313344075
3242.62313344075
3242.62313344075
3242.62313344075
3242.62313344075
3242.62313344075
3242.62313344075
3242.62313344075
3242.62313344075
3242.62313344075
3242.62313344075
3242.62313344075
3242.62313344075
3242.62313344075
3242.62313344075
3242.62313344075
3242.62313344075
3242.62313344075
3242.62313344075
3242.62313344075
3242.62313344075
3242.62313344075
3242.62313344075
3242.62313344075
3242.62313344075
3242.62313344075
3242.62313344075
3242.62313344075
3242.62313344075
3242.62313344075
3242.62313344075
3242.62313344075
3242.62313344075
3242.62313344075
3242.62313344075
3242.62313344075
3242.62313344075
3242.62313344075
3242.62313344075
3242.62313344075
3242.62313344075
3242.62313344075
3242.62313344075
3242.62313344075
3242.62313344075
3242.62313344075
3242.62313344075
3242.62313344075
3242.62313344075
3242.62313344075
3242.62313344075
3242.62313344075
3242.62313344075
3242.62313344075
3242.62313344075
3242.62313344075
3242.62313344075
3242.62313344075
3242.62313344075
3242.62313344075
3242.62313344075
3237.79412566021
3237.79412566021
3237.79412566021
3237.79412566021
3237.79412566021
3237.79412566021
3237.79412566021
3237.79412566021
3237.79412566021
3237.79412566021
3237.79412566021
3237.79412566021
3237.79412566021
3237.79412566021
3237.79412566021
3237.79412566021
3237.79412566021
3237.79412566021
3237.79412566021
3237.79412566021
3237.79412566021
3237.79412566021
3237.79412566021
3237.79412566021
3237.79412566021
3237.79412566021
3237.79412566021
3237.79412566021
3237.79412566021
3237.79412566021
3237.79412566021
3237.79412566021
3237.79412566021
3237.79412566021
3237.79412566021
3237.79412566021
3237.79412566021
3237.79412566021
3237.79412566021
3237.79412566021
3237.79412566021
3237.79412566021
3237.79412566021
3237.79412566021
3237.79412566021
3237.79412566021
3237.79412566021
3237.79412566021
3237.79412566021
3237.79412566021
3237.79412566021
3237.79412566021
3237.79412566021
3237.79412566021
3237.79412566021
3237.79412566021
3237.79412566021
3237.79412566021
3237.79412566021
3237.79412566021
3237.79412566021
3237.79412566021
3237.79412566021
3237.79412566021
3237.79412566021
3237.79412566021
3237.79412566021
3237.79412566021
3237.79412566021
3237.79412566021
3237.79412566021
3237.79412566021
3237.79412566021
3237.79412566021
3237.79412566021
3237.79412566021
3237.79412566021
3237.79412566021
3237.79412566021
3237.79412566021
3237.79412566021
3237.79412566021
3237.79412566021
3237.79412566021
3237.79412566021
3237.79412566021
3237.79412566021
3237.79412566021
3237.79412566021
3237.79412566021
3237.79412566021
3237.79412566021
3237.79412566021
3237.79412566021
3237.79412566021
3237.79412566021
3237.79412566021
3237.79412566021
3237.79412566021
3237.79412566021
3237.79412566021
3237.79412566021
3237.79412566021
3237.79412566021
3237.79412566021
3237.79412566021
3237.79412566021
3237.79412566021
3237.79412566021
3237.79412566021
3237.79412566021
3237.79412566021
3237.79412566021
3237.79412566021
3237.79412566021
3237.79412566021
3237.79412566021
3237.79412566021
3237.79412566021
3237.79412566021
3237.79412566021
3237.79412566021
3237.79412566021
3237.79412566021
3237.79412566021
3237.79412566021
3237.79412566021
3237.79412566021
3237.79412566021
3237.79412566021
3237.79412566021
3237.79412566021
3237.79412566021
3237.79412566021
3237.79412566021
3237.79412566021
3237.79412566021
3237.79412566021
3237.79412566021
3237.79412566021
3237.79412566021
3237.79412566021
3237.79412566021
3237.79412566021
3237.79412566021
3237.79412566021
3237.79412566021
3237.79412566021
3237.79412566021
3237.79412566021
3237.79412566021
3237.79412566021
3237.79412566021
3237.79412566021
3237.79412566021
3237.79412566021
3237.79412566021
3237.79412566021
3237.79412566021
3237.79412566021
3237.79412566021
3237.79412566021
3237.79412566021
3237.79412566021
3237.79412566021
3237.79412566021
3237.79412566021
3237.79412566021
3237.79412566021
3237.79412566021
3237.79412566021
3237.79412566021
3237.79412566021
3237.79412566021
3237.79412566021
3237.79412566021
3237.79412566021
3237.79412566021
3237.79412566021
3237.79412566021
3237.79412566021
3237.79412566021
3237.79412566021
3237.79412566021
3237.79412566021
3237.79412566021
3237.79412566021
3237.79412566021
3237.79412566021
3237.79412566021
3237.79412566021
3237.79412566021
3237.79412566021
3237.79412566021
3237.79412566021
3237.79412566021
3237.79412566021
3237.79412566021
3237.79412566021
3237.79412566021
3237.79412566021
3237.79412566021
3237.79412566021
3234.98528882770
3234.98528882770
3234.98528882770
3234.98528882770
3234.98528882770
3234.98528882770
3234.98528882770
3234.98528882770
3234.98528882770
3234.98528882770
3234.98528882770
3234.98528882770
3234.98528882770
3234.98528882770
3234.98528882770
3234.98528882770
3234.98528882770
3234.98528882770
3234.98528882770
3234.98528882770
3234.98528882770
3234.98528882770
3234.98528882770
3234.98528882770
3234.98528882770
3234.98528882770
3234.98528882770
3234.98528882770
3234.98528882770
3234.98528882770
3234.98528882770
3234.98528882770
3234.98528882770
3234.98528882770
3234.98528882770
3234.98528882770
3232.72612338794
3232.72612338794
3232.72612338794
3232.72612338794
3232.72612338794
3232.72612338794
3232.72612338794
3232.72612338794
3232.72612338794
3232.72612338794
3232.72612338794
3232.72612338794
3232.72612338794
3232.72612338794
3232.72612338794
3232.72612338794
3232.72612338794
3232.72612338794
3232.72612338794
3232.72612338794
3232.72612338794
3232.72612338794
3232.72612338794
3232.72612338794
3232.72612338794
3232.72612338794
3232.72612338794
3232.72612338794
3232.72612338794
3232.72612338794
3232.72612338794
3232.72612338794
3232.72612338794
3232.72612338794
3232.72612338794
3232.72612338794
3232.72612338794
3232.72612338794
3232.72612338794
3232.72612338794
3232.72612338794
3232.72612338794
3232.72612338794
3232.72612338794
3232.72612338794
3232.72612338794
3232.72612338794
3232.72612338794
3232.72612338794
3232.72612338794
3232.72612338794
3232.72612338794
3232.72612338794
3232.72612338794
3232.72612338794
3232.72612338794
3232.72612338794
3232.72612338794
3232.72612338794
3232.72612338794
3232.72612338794
3232.72612338794
3232.72612338794
3232.72612338794
3232.72612338794
3232.72612338794
3232.72612338794
3232.72612338794
3232.72612338794
3232.72612338794
3232.72612338794
3232.72612338794

ave
3875.98540998020
3878.83057164952
3754.28007605005
3858.59334683485
3792.98069778481
3891.32078719747
3759.68087619174
3706.34801277830
3812.34298748647
3827.32316398022
3818.48241230369
3931.10336678485
3798.81733718570
4049.47708484256
3928.35524593161
3909.07764320062
3991.72279452409
3991.99505093264
3796.03645893154
4033.14308079715
3929.33129404098
3829.48882602098
3934.71693664299
3968.55948607044
4032.32276389999
3988.38136274542
3976.50563725920
3911.21261026358
4042.44287493090
3946.12108743577
4008.47200129816
3934.73203381636
3955.62732763176
4040.64973729170
3998.95231559915
4024.16146638499
3864.50027664091
3944.86524369894
3850.11841378029
3922.64189490075
3917.46774438895
3810.68566209708
3965.66517379168
3981.13608685162
3987.93134445607
3814.00467832999
3905.42368173636
4060.82712617378
3907.68230522810
3979.05784911381
4067.30589127248
3867.18671551388
4004.41724309280
3981.00069530906
3852.79857994871
3815.86506105418
4001.54571167507
3958.78976077675
4018.25831733613
3946.63975873246
4103.47890033974
3895.17749710417
3962.42161323699
3925.79648428033
3883.02169408066
3963.65173175361
3890.41731175575
3993.01591134356
3890.51602706319
3929.54717347086
3793.16704954065
3923.81606831925
3853.24791381528
3877.93721834237
3938.19369099561
3915.39711280070
3815.05635606290
3896.37773432400
3985.81529519651
3913.59373371227
4001.96201424992
3849.92958273412
3846.17882178692
3904.46921584727
3914.02332065171
3859.25806294252
3939.01437376217
3747.12040695772
3901.78365730175
4006.06765517153
3945.04166070137
3819.19013944942
4054.81628457008
3992.26556755999
3972.52794155488
3964.33282951022
3996.13410299667
3906.98491481281
3883.63207770885
3981.69875374449
3887.08814682671
4018.90964799122
3889.97806192436
3840.31341730816
3935.69721283917
3871.49347422671
3900.44586361007
3929.88205185419
4049.91875241092
3871.33703032228
3944.15871646728
3941.22460761130
3834.14079643294
3942.78437924453
4041.01282515519
3906.29608182146
3935.76327377114
4082.46133830035
3960.37699862399
3963.50053452854
3944.93946064886
3971.47813355783
4057.19794028280
3864.32065528091
4000.62459831714
3897.73024053554
3925.98748906455
3965.19791644897
3980.28564768906
3966.43654297751
3913.54495589093
3936.45767632766
3984.26913595306
4007.83911950091
3990.93552956457
3898.03265766066
4022.74827897896
4029.13488362224
3843.35728742128
4039.74809209982
3819.87628130576
3996.74841358112
3803.07891641815
3876.87529258479
3970.81681144830
3840.05481958479
4106.09055757516
3863.74593388274
4038.39909104623
4014.66662126307
3946.44370918454
3972.41712732048
4000.05286768425
4005.00146850468
4062.65750690565
3790.84485032811
3942.33298965598
3927.75219655781
4051.11533455155
4050.82913469552
3930.98958283882
3883.57037796570
3851.24962289205
3964.25761815209
3872.60424050042
3966.80894478169
3963.36735824514
3865.54881778232
3906.01380157127
4109.26914969247
3923.09439832324
3846.97682858131
4009.15008438526
4015.94235889044
3966.45683928816
3996.00908502314
3994.30126831797
3950.97046761611
3896.76073374313
4015.13106552755
3929.46747610067
3912.79772714408
3993.65670276318
4088.19973060094
3955.06972306267
3966.96505452213
3877.93242707686
3849.69760856410
3915.60690221188
3948.13073756400
3915.32087493278
3913.18642403414
3892.89426444938
3880.24490155746
3993.09963923977
3973.72006342978
3960.66630405278
4012.73578180432
3878.30515775680
3973.10424618486
3827.51916508091
3919.76249070375
3967.50832861702
4076.59088960554
3938.35273263270
3863.87166388147
3982.63862324213
4009.95500678112
3970.04979828227
3975.48880586359
4095.40356113432
3927.44706623522
3979.00613798503
3902.48226341159
3992.55536540771
3863.10900615224
3912.16921971864
3950.42578555594
3874.87670165710
3940.42883450279
3967.40939007749
3938.15408488875
3776.66053168923
3971.02016847346
3960.62576248588
3910.62262322126
3977.45429034561
3900.21182571898
4048.22950334671
3888.59739462316
4010.25299064837
3834.08597380682
4043.38549269932
3826.43094341675
4030.06783523868
3811.51971772036
4023.23850030739
3904.34481630771
4056.13010715727
3949.90901745955
4031.36358645035
3981.74780133073
3844.63387282606
3936.38002539789
3979.83873925442
3961.44179511159
3965.56291038193
3921.12350685938
4024.65469480347
3918.11447638034
3995.20574315148
3943.82562234645
3836.18745989271
3934.77693751280
3937.81005232953
3747.38003998896
4029.27556745692
3913.48476411055
3820.11014958118
3796.41241070819
3937.21920621927
3824.44158386040
3884.08425892731
3968.13621935891
3811.60548530111
3874.02508339012
3880.15497131152
3923.74585019383
3755.06082237498
4009.99377340143
3881.22887493346
3829.10391558044
4022.46265706366
4008.91547767256
3926.26452795954
3932.92659607068
3891.30892185773
3977.65909799064
3877.82916269374
3965.91947914320
3998.41800311184
3997.46689904845
4012.78067331180
3925.72049396877
3926.81297662771
4090.90900316916
4033.69969286375
4141.60134580465
4022.67973965446
3988.85403643084
3954.31877443556
3993.98287748561
3942.13872260944
3951.99395368433
3893.22321280446
4006.06866507809
3993.60032137629
4003.50978119030
4052.42019353520
4025.09445206588
3831.74569249717
3951.90762902353
3825.91711317595
3951.46302652485
4029.90119828395
3943.24694057545
3893.55992405677
3901.21255704537
4019.83320010178
3960.78176559067
3783.03836813469
3979.89353190407
3880.68009327985
3942.74435793752
3898.30524543372
3809.22834422062
3890.06365844329
3934.35235216216
3930.78955102996
3819.49114110241
4021.75425988213
3849.48076412175
4090.07368853565
3839.04340115577
3979.87762626785
4010.45424072212
3931.84735640379
3978.47225632083
3876.73858953294
3990.47246271317
3909.65456396475
3957.32886746851
3835.87835884485
3950.33961103352
4002.13507007360
3876.07637073067
4007.65043866111
3991.25394666720
3971.44265079768
3870.35150156182
3964.47244466689
3943.87921953229
3900.20357503887
3986.46809356981
3978.90257710763
4004.19541861060
3964.69151559006
3829.48766958991
3875.66219580263
3946.49786439418
3970.07935538625
4019.75048857906
3953.29609941318
3917.07446389578
4058.78279250663
3996.10545391463
3907.01379704874
4065.55361785409
4076.91595867263
3909.95691856085
3932.96116753095
3903.78273756288
3877.87233286508
3927.68550673494
3908.97887728732
3994.91807643283
3782.61486790381
3918.55270395066
3818.81936479536
4059.74758360103
3955.50095128912
3967.20189723942
3976.25584907608
4019.04296538310
3907.38817089670
3971.61626477032
4011.91369801053
3883.20339473434
3939.75590254203
3957.89567112467
3949.84495659298
3913.45783188087
3959.19884519736
3958.60125062581
3962.59933027053
3984.11616191503
3869.56392794056
4001.61013348046
3946.66955617417
3933.44289179646
3805.34351488410
3942.73764078938
3995.06564168901
3981.00871596384
3911.06918954406
3863.40725379084
4105.25488404244
4058.71590139411
3775.40061322283
3965.43202855747
3997.25100736821
3992.68604095823
3912.32098419697
3952.29207096923
4026.55921258894
3950.94405183293
4043.08951282387
4055.78602626875
3942.42833739060
4078.68651761859
3953.52449643108
4000.70643470251
3917.18776768465
3980.75945138983
3990.27695912614
3984.77463257821
4046.95345535932
3911.69358763342
4060.35209391149
4134.02896816844
3910.10500314618
3931.70747786200
4002.71453577163
3904.69773517293
3943.52910205294
3943.07608218397
3899.76967937933
4082.25013835661
3953.70908613492
3944.06875096810
3887.03509528544
4050.16609955103
3994.35423437406
3991.02092076388
3996.36405729952
3825.34977225944
3943.43703878004
3989.36968088718
3991.01885172426
3900.59136809392
4072.04388090507
4021.40305206727
3994.80357462334
4011.35423238367
4019.88591770116
4007.95874710578
4002.68302993362
4007.02332908420
3932.88406833597
3981.73954601336
4010.63893080291
4032.91766267248
3844.41491192453
4004.15643754838
3833.59134917510
4013.30029175410
3929.81573447341
3848.02234166142
4156.35302207556
4002.60998556209
3934.33485527171
3904.44135380855
3965.92212053078
3783.52221964101
4102.79469830044
3995.68057131489
3960.03287605545
3972.17758190495
3929.34492742028
3927.17906649403
3978.41727313728
3912.60924943909
3938.42298452312
4049.05252694344
3948.41216207623
4046.49518956640
4010.07195715339
3794.06485792734
3972.45011729422
3898.12721777974
4014.18788403734
4002.61277250993
4064.39093093478
3992.67031045646
3918.45199345941
3993.36609702321
3990.98237066744
3937.08355445635
3859.47900116001
3935.35964592182
4075.02886046205
4041.32889792507
3962.04656487035
4058.11772304697
4107.25823433543
3956.40192058881
4030.18734306513
3945.17002050564
3879.40365236497
3908.64641628880