最优解为:315.8397
最优解路径:

Best_route =

     0     0     0     0
     3     2     1     0

本次运算用时:0.706秒
算法在第1代时收敛

best
315.839679379861
315.839679379861
315.839679379861
315.839679379861
315.839679379861
315.839679379861
315.839679379861
315.839679379861
315.839679379861
315.839679379861
315.839679379861
315.839679379861
315.839679379861
315.839679379861
315.839679379861
315.839679379861
315.839679379861
315.839679379861
315.839679379861
315.839679379861
315.839679379861
315.839679379861
315.839679379861
315.839679379861
315.839679379861
315.839679379861
315.839679379861
315.839679379861
315.839679379861
315.839679379861
315.839679379861
315.839679379861
315.839679379861
315.839679379861
315.839679379861
315.839679379861
315.839679379861
315.839679379861
315.839679379861
315.839679379861
315.839679379861
315.839679379861
315.839679379861
315.839679379861
315.839679379861
315.839679379861
315.839679379861
315.839679379861
315.839679379861
315.839679379861
315.839679379861
315.839679379861
315.839679379861
315.839679379861
315.839679379861
315.839679379861
315.839679379861
315.839679379861
315.839679379861
315.839679379861
315.839679379861
315.839679379861
315.839679379861
315.839679379861
315.839679379861
315.839679379861
315.839679379861
315.839679379861
315.839679379861
315.839679379861
315.839679379861
315.839679379861
315.839679379861
315.839679379861
315.839679379861
315.839679379861
315.839679379861
315.839679379861
315.839679379861
315.839679379861
315.839679379861
315.839679379861
315.839679379861
315.839679379861
315.839679379861
315.839679379861
315.839679379861
315.839679379861
315.839679379861
315.839679379861
315.839679379861
315.839679379861
315.839679379861
315.839679379861
315.839679379861
315.839679379861
315.839679379861
315.839679379861
315.839679379861
315.839679379861

ave
317.813900807574
317.365262963527
317.063572699721
316.508489824017
316.121623422892
315.975487459416
331.049447671800
316.551839229458
331.277714425468
316.484175582552
317.915777818541
317.339426048499
315.975487459416
332.207911075116
316.297735560761
330.819658244568
315.839679379861
331.835031031535
316.161927481207
316.508489824017
331.166220587379
315.975487459416
316.297735560761
315.839679379861
315.839679379861
316.372681744462
315.839679379861
330.955466324123
315.839679379861
315.839679379861
315.839679379861
315.839679379861
330.819658244568
316.372681744462
315.839679379861
315.975487459416
315.839679379861
316.694929845808
346.450935063019
315.839679379861
315.839679379861
315.839679379861
315.839679379861
315.839679379861
330.937953833710
315.839679379861
360.897911563125
315.839679379861
315.839679379861
315.839679379861
315.839679379861
315.839679379861
315.839679379861
315.839679379861
316.372681744462
315.839679379861
315.839679379861
315.839679379861
315.839679379861
315.839679379861
330.819658244568
315.839679379861
315.839679379861
315.839679379861
315.839679379861
315.839679379861
315.839679379861
315.839679379861
315.839679379861
315.839679379861
315.839679379861
315.839679379861
315.839679379861
315.839679379861
315.839679379861
315.839679379861
315.839679379861
315.839679379861
315.839679379861
315.839679379861
315.839679379861
315.839679379861
315.839679379861
315.839679379861
330.819658244568
315.839679379861
315.839679379861
315.839679379861
315.839679379861
315.839679379861
315.839679379861
315.839679379861
315.839679379861
315.839679379861
315.839679379861
315.839679379861
315.839679379861
315.839679379861
315.839679379861
315.839679379861