最优解为:315.8397
最优解路径:

Best_route =

     0     0     0     0
     3     2     1     0

本次运算用时:0.703秒
算法在第1代时收敛

best
315.839679379861
315.839679379861
315.839679379861
315.839679379861
315.839679379861
315.839679379861
315.839679379861
315.839679379861
315.839679379861
315.839679379861
315.839679379861
315.839679379861
315.839679379861
315.839679379861
315.839679379861
315.839679379861
315.839679379861
315.839679379861
315.839679379861
315.839679379861
315.839679379861
315.839679379861
315.839679379861
315.839679379861
315.839679379861
315.839679379861
315.839679379861
315.839679379861
315.839679379861
315.839679379861
315.839679379861
315.839679379861
315.839679379861
315.839679379861
315.839679379861
315.839679379861
315.839679379861
315.839679379861
315.839679379861
315.839679379861
315.839679379861
315.839679379861
315.839679379861
315.839679379861
315.839679379861
315.839679379861
315.839679379861
315.839679379861
315.839679379861
315.839679379861
315.839679379861
315.839679379861
315.839679379861
315.839679379861
315.839679379861
315.839679379861
315.839679379861
315.839679379861
315.839679379861
315.839679379861
315.839679379861
315.839679379861
315.839679379861
315.839679379861
315.839679379861
315.839679379861
315.839679379861
315.839679379861
315.839679379861
315.839679379861
315.839679379861
315.839679379861
315.839679379861
315.839679379861
315.839679379861
315.839679379861
315.839679379861
315.839679379861
315.839679379861
315.839679379861
315.839679379861
315.839679379861
315.839679379861
315.839679379861
315.839679379861
315.839679379861
315.839679379861
315.839679379861
315.839679379861
315.839679379861
315.839679379861
315.839679379861
315.839679379861
315.839679379861
315.839679379861
315.839679379861
315.839679379861
315.839679379861
315.839679379861
315.839679379861

ave
318.322588930710
318.307212240355
317.114204641957
332.346764501797
317.043014862181
316.968068678480
317.572260822857
331.812239463633
316.705159799425
331.488468688724
316.161927481207
316.527524987993
316.372681744462
330.937953833710
316.161927481207
316.297735560761
316.280223070349
315.933660727538
317.017177947153
316.161927481207
316.161927481207
315.839679379861
316.111295538970
316.161927481207
330.819658244568
330.819658244568
330.819658244568
330.819658244568
315.975487459416
315.839679379861
315.839679379861
315.839679379861
330.819658244568
316.372681744462
330.819658244568
315.839679379861
330.819658244568
330.819658244568
315.839679379861
315.839679379861
315.839679379861
315.839679379861
315.839679379861
315.839679379861
315.839679379861
315.839679379861
315.839679379861
315.839679379861
330.937953833710
315.839679379861
315.839679379861
315.839679379861
330.819658244568
330.937953833710
315.839679379861
315.839679379861
315.839679379861
315.839679379861
315.839679379861
315.839679379861
315.839679379861
315.839679379861
315.839679379861
315.839679379861
315.839679379861
315.839679379861
315.839679379861
315.839679379861
315.839679379861
315.839679379861
315.839679379861
315.839679379861
315.839679379861
315.839679379861
315.839679379861
315.839679379861
315.839679379861
315.839679379861
315.839679379861
315.839679379861
315.839679379861
315.839679379861
315.839679379861
315.839679379861
315.839679379861
315.839679379861
315.839679379861
315.839679379861
315.839679379861
315.839679379861
315.839679379861
315.839679379861
315.839679379861
315.839679379861
315.839679379861
315.839679379861
315.839679379861
315.839679379861
315.839679379861
315.839679379861