最优解为:308.2459
最优解路径:

Best_route =

     1     2     3     0
     0     0     0     0

本次运算用时:0.697秒
算法在第1代时收敛
best
308.245945315175
308.245945315175
308.245945315175
308.245945315175
308.245945315175
308.245945315175
308.245945315175
308.245945315175
308.245945315175
308.245945315175
308.245945315175
308.245945315175
308.245945315175
308.245945315175
308.245945315175
308.245945315175
308.245945315175
308.245945315175
308.245945315175
308.245945315175
308.245945315175
308.245945315175
308.245945315175
308.245945315175
308.245945315175
308.245945315175
308.245945315175
308.245945315175
308.245945315175
308.245945315175
308.245945315175
308.245945315175
308.245945315175
308.245945315175
308.245945315175
308.245945315175
308.245945315175
308.245945315175
308.245945315175
308.245945315175
308.245945315175
308.245945315175
308.245945315175
308.245945315175
308.245945315175
308.245945315175
308.245945315175
308.245945315175
308.245945315175
308.245945315175
308.245945315175
308.245945315175
308.245945315175
308.245945315175
308.245945315175
308.245945315175
308.245945315175
308.245945315175
308.245945315175
308.245945315175
308.245945315175
308.245945315175
308.245945315175
308.245945315175
308.245945315175
308.245945315175
308.245945315175
308.245945315175
308.245945315175
308.245945315175
308.245945315175
308.245945315175
308.245945315175
308.245945315175
308.245945315175
308.245945315175
308.245945315175
308.245945315175
308.245945315175
308.245945315175
308.245945315175
308.245945315175
308.245945315175
308.245945315175
308.245945315175
308.245945315175
308.245945315175
308.245945315175
308.245945315175
308.245945315175
308.245945315175
308.245945315175
308.245945315175
308.245945315175
308.245945315175
308.245945315175
308.245945315175
308.245945315175
308.245945315175
308.245945315175

ave
309.637214708085
308.832980011630
308.501303989289
338.856363615784
308.925438685744
323.876954465479
308.756662663403
308.631921337517
308.593762663403
308.686221337517
308.300245315175
308.593762663403
308.447003989289
308.392703989289
323.392703989289
323.382378443138
308.338403989289
323.670080011630
323.328078443138
308.300245315175
308.338403989289
308.300245315175
308.354545315175
308.300245315175
308.245945315175
308.245945315175
308.328078443138
323.338403989289
308.245945315175
308.300245315175
308.245945315175
323.338403989289
308.245945315175
308.245945315175
308.245945315175
308.245945315175
308.245945315175
308.245945315175
308.245945315175
308.245945315175
308.245945315175
323.273778443138
308.245945315175
308.245945315175
308.245945315175
308.245945315175
308.245945315175
308.245945315175
308.245945315175
308.245945315175
308.245945315175
308.245945315175
308.245945315175
308.245945315175
308.245945315175
308.245945315175
308.245945315175
308.245945315175
308.245945315175
308.245945315175
308.245945315175
323.245945315175
308.245945315175
308.245945315175
308.245945315175
308.245945315175
308.245945315175
308.245945315175
308.245945315175
308.245945315175
308.245945315175
308.245945315175
308.245945315175
308.245945315175
308.245945315175
308.245945315175
308.245945315175
308.245945315175
308.245945315175
308.245945315175
308.245945315175
308.245945315175
308.245945315175
308.245945315175
308.245945315175
308.245945315175
308.245945315175
308.245945315175
308.245945315175
308.245945315175
308.245945315175
308.245945315175
308.245945315175
308.245945315175
308.245945315175
308.245945315175
308.245945315175
308.245945315175
308.245945315175
308.245945315175