最优解为:308.2459
最优解路径:

Best_route =

     1     2     3     0
     0     0     0     0

本次运算用时:0.719秒
算法在第1代时收敛

best
308.245945315175
308.245945315175
308.245945315175
308.245945315175
308.245945315175
308.245945315175
308.245945315175
308.245945315175
308.245945315175
308.245945315175
308.245945315175
308.245945315175
308.245945315175
308.245945315175
308.245945315175
308.245945315175
308.245945315175
308.245945315175
308.245945315175
308.245945315175
308.245945315175
308.245945315175
308.245945315175
308.245945315175
308.245945315175
308.245945315175
308.245945315175
308.245945315175
308.245945315175
308.245945315175
308.245945315175
308.245945315175
308.245945315175
308.245945315175
308.245945315175
308.245945315175
308.245945315175
308.245945315175
308.245945315175
308.245945315175
308.245945315175
308.245945315175
308.245945315175
308.245945315175
308.245945315175
308.245945315175
308.245945315175
308.245945315175
308.245945315175
308.245945315175
308.245945315175
308.245945315175
308.245945315175
308.245945315175
308.245945315175
308.245945315175
308.245945315175
308.245945315175
308.245945315175
308.245945315175
308.245945315175
308.245945315175
308.245945315175
308.245945315175
308.245945315175
308.245945315175
308.245945315175
308.245945315175
308.245945315175
308.245945315175
308.245945315175
308.245945315175
308.245945315175
308.245945315175
308.245945315175
308.245945315175
308.245945315175
308.245945315175
308.245945315175
308.245945315175
308.245945315175
308.245945315175
308.245945315175
308.245945315175
308.245945315175
308.245945315175
308.245945315175
308.245945315175
308.245945315175
308.245945315175
308.245945315175
308.245945315175
308.245945315175
308.245945315175
308.245945315175
308.245945315175
308.245945315175
308.245945315175
308.245945315175
308.245945315175

ave
309.299662663403
323.539462663403
308.354545315175
308.392703989289
323.806513139593
308.430862663403
323.555603989289
308.485162663403
308.485162663403
323.631921337517
308.392703989289
308.485162663403
308.501303989289
308.447003989289
308.430862663403
308.338403989289
308.245945315175
308.338403989289
308.300245315175
308.338403989289
308.300245315175
308.245945315175
308.338403989289
308.300245315175
308.338403989289
308.245945315175
323.273778443138
308.245945315175
308.245945315175
308.245945315175
308.245945315175
338.273778443138
323.273778443138
308.245945315175
308.245945315175
308.245945315175
308.245945315175
308.245945315175
308.245945315175
308.245945315175
308.245945315175
308.245945315175
308.245945315175
308.245945315175
308.245945315175
308.245945315175
308.245945315175
308.245945315175
308.245945315175
308.245945315175
308.245945315175
323.273778443138
308.245945315175
308.245945315175
308.245945315175
308.245945315175
308.245945315175
308.245945315175
308.245945315175
308.245945315175
308.245945315175
308.245945315175
308.245945315175
308.245945315175
308.245945315175
308.245945315175
308.245945315175
308.245945315175
308.245945315175
308.245945315175
308.245945315175
308.245945315175
308.245945315175
308.245945315175
308.245945315175
308.245945315175
308.245945315175
308.245945315175
308.245945315175
308.245945315175
308.245945315175
308.245945315175
308.245945315175
308.245945315175
308.245945315175
308.245945315175
308.245945315175
308.245945315175
308.245945315175
308.245945315175
308.245945315175
308.245945315175
308.245945315175
308.245945315175
308.245945315175
308.245945315175
308.245945315175
308.245945315175
308.245945315175
308.245945315175