最优解为:715.8717
最优解路径:

Best_route =

  1 至 24 列

     0     0     0     0     0     0     0     0     0     0     0     0     0     0     0     0     0     0     0     0     0     0     0     0
     0     0     0     0     0     0     0     0     0     0     0     0     0     0     0     0     0     0     0     0     0     0     0     0
     0     0     0     0     0     0     0     0     0     0     0     0     0     0     0     0     0     0     0     0     0     0     0     0
     0     0     0     0     0     0     0     0     0     0     0     0     0     0     0     0     0     0     0     0     0     0     0     0
     0     0     0     0     0     0     0     0     0     0     0     0     0     0     0     0     0     0     0     0     0     0     0     0
     0     0     0     0     0     0     0     0     0     0     0     0     0     0     0     0     0     0     0     0     0     0     0     0
    49    37    33     7     9    30    12    21    39    50    11    20    26    32     2     8    10    46    48    25    45    35    16    24
     0     0     0     0     0     0     0     0     0     0     0     0     0     0     0     0     0     0     0     0     0     0     0     0
     0     0     0     0     0     0     0     0     0     0     0     0     0     0     0     0     0     0     0     0     0     0     0     0
     0     0     0     0     0     0     0     0     0     0     0     0     0     0     0     0     0     0     0     0     0     0     0     0
    15     6     5    14    44    34     1     4    28    22    17    19    41    23    38    40    29    27    42     3    31    47     0     0
     0     0     0     0     0     0     0     0     0     0     0     0     0     0     0     0     0     0     0     0     0     0     0     0
     0     0     0     0     0     0     0     0     0     0     0     0     0     0     0     0     0     0     0     0     0     0     0     0

  25 至 48 列

     0     0     0     0     0     0     0     0     0     0     0     0     0     0     0     0     0     0     0     0     0     0     0     0
     0     0     0     0     0     0     0     0     0     0     0     0     0     0     0     0     0     0     0     0     0     0     0     0
     0     0     0     0     0     0     0     0     0     0     0     0     0     0     0     0     0     0     0     0     0     0     0     0
     0     0     0     0     0     0     0     0     0     0     0     0     0     0     0     0     0     0     0     0     0     0     0     0
     0     0     0     0     0     0     0     0     0     0     0     0     0     0     0     0     0     0     0     0     0     0     0     0
     0     0     0     0     0     0     0     0     0     0     0     0     0     0     0     0     0     0     0     0     0     0     0     0
    36    43    13    18     0     0     0     0     0     0     0     0     0     0     0     0     0     0     0     0     0     0     0     0
     0     0     0     0     0     0     0     0     0     0     0     0     0     0     0     0     0     0     0     0     0     0     0     0
     0     0     0     0     0     0     0     0     0     0     0     0     0     0     0     0     0     0     0     0     0     0     0     0
     0     0     0     0     0     0     0     0     0     0     0     0     0     0     0     0     0     0     0     0     0     0     0     0
     0     0     0     0     0     0     0     0     0     0     0     0     0     0     0     0     0     0     0     0     0     0     0     0
     0     0     0     0     0     0     0     0     0     0     0     0     0     0     0     0     0     0     0     0     0     0     0     0
     0     0     0     0     0     0     0     0     0     0     0     0     0     0     0     0     0     0     0     0     0     0     0     0

  49 至 51 列

     0     0     0
     0     0     0
     0     0     0
     0     0     0
     0     0     0
     0     0     0
     0     0     0
     0     0     0
     0     0     0
     0     0     0
     0     0     0
     0     0     0
     0     0     0

本次运算用时:428.626秒
算法在第451代时收敛

best
1101.93405228987
1057.28839978669
1057.28839978669
1057.28839978669
1057.28839978669
1057.28839978669
1057.28839978669
1052.54733058404
1047.29120438479
1047.29120438479
1047.29120438479
1047.29120438479
1047.29120438479
1047.29120438479
1047.29120438479
1047.29120438479
1047.29120438479
1047.29120438479
1047.29120438479
1047.29120438479
1047.29120438479
1047.29120438479
1042.72940676712
1037.68279999743
1037.68279999743
1037.68279999743
1037.68279999743
1035.25027983409
1035.25027983409
1031.12583632165
1031.12583632165
1031.12583632165
1031.12583632165
1028.82127532377
1028.82127532377
1028.82127532377
1028.82127532377
1028.82127532377
1028.82127532377
734.096097192936
734.096097192936
734.096097192936
734.096097192936
734.096097192936
734.096097192936
734.096097192936
734.096097192936
734.096097192936
734.096097192936
734.096097192936
734.096097192936
734.096097192936
734.096097192936
729.938708984648
729.938708984648
729.938708984648
729.938708984648
729.938708984648
729.938708984648
728.061800761929
728.061800761929
728.061800761929
728.061800761929
728.061800761929
728.061800761929
728.061800761929
728.061800761929
728.061800761929
728.061800761929
728.061800761929
728.061800761929
728.061800761929
728.061800761929
728.061800761929
728.061800761929
728.061800761929
728.061800761929
728.061800761929
728.061800761929
728.061800761929
728.061800761929
728.061800761929
728.061800761929
728.061800761929
728.061800761929
728.061800761929
728.061800761929
728.061800761929
728.061800761929
728.061800761929
726.455831211497
726.455831211497
726.455831211497
726.455831211497
726.455831211497
726.455831211497
726.455831211497
726.455831211497
726.455831211497
726.455831211497
726.455831211497
726.455831211497
726.455831211497
726.455831211497
726.455831211497
726.455831211497
726.455831211497
726.455831211497
726.455831211497
726.455831211497
726.455831211497
726.455831211497
726.455831211497
726.455831211497
726.455831211497
726.455831211497
726.455831211497
726.455831211497
726.455831211497
726.455831211497
726.455831211497
726.455831211497
726.455831211497
726.455831211497
725.190892667953
725.190892667953
725.190892667953
725.190892667953
725.190892667953
725.190892667953
725.190892667953
725.190892667953
725.190892667953
725.190892667953
725.190892667953
725.190892667953
725.190892667953
724.204411272695
724.204411272695
724.204411272695
724.204411272695
724.204411272695
724.204411272695
724.204411272695
724.204411272695
724.204411272695
722.682106610148
722.682106610148
721.938369868135
721.938369868135
721.938369868135
721.938369868135
721.938369868135
721.938369868135
721.938369868135
721.938369868135
721.938369868135
721.938369868135
721.938369868135
721.938369868135
721.938369868135
721.938369868135
721.938369868135
721.938369868135
721.938369868135
721.938369868135
721.938369868135
721.938369868135
720.707098218819
720.707098218819
720.707098218819
720.707098218819
720.707098218819
720.707098218819
720.707098218819
720.707098218819
720.707098218819
720.707098218819
720.707098218819
720.707098218819
720.707098218819
720.707098218819
720.707098218819
720.707098218819
720.707098218819
720.707098218819
720.707098218819
720.707098218819
720.707098218819
720.707098218819
720.707098218819
720.707098218819
720.707098218819
720.707098218819
720.707098218819
720.707098218819
720.707098218819
720.707098218819
720.707098218819
720.707098218819
720.707098218819
720.707098218819
720.707098218819
720.391602970896
720.391602970896
720.391602970896
720.391602970896
720.391602970896
720.391602970896
720.391602970896
720.391602970896
720.391602970896
720.391602970896
720.391602970896
720.391602970896
720.391602970896
720.391602970896
720.391602970896
720.391602970896
720.391602970896
720.391602970896
720.391602970896
720.391602970896
720.391602970896
720.391602970896
720.391602970896
720.391602970896
720.391602970896
720.391602970896
720.391602970896
720.391602970896
720.391602970896
720.391602970896
720.391602970896
720.391602970896
720.391602970896
720.391602970896
720.391602970896
720.391602970896
720.391602970896
720.391602970896
720.391602970896
720.391602970896
720.391602970896
720.391602970896
720.391602970896
720.391602970896
720.391602970896
720.391602970896
720.391602970896
720.391602970896
720.391602970896
720.391602970896
720.391602970896
720.391602970896
720.391602970896
720.391602970896
720.391602970896
720.391602970896
720.391602970896
720.391602970896
720.391602970896
720.391602970896
720.391602970896
720.391602970896
720.391602970896
720.391602970896
720.391602970896
720.391602970896
720.391602970896
720.391602970896
720.391602970896
720.391602970896
720.391602970896
719.624751832809
718.305037039588
718.305037039588
718.305037039588
718.305037039588
718.305037039588
718.305037039588
718.305037039588
718.305037039588
718.305037039588
718.305037039588
718.305037039588
718.305037039588
718.305037039588
718.305037039588
718.305037039588
718.305037039588
718.305037039588
718.305037039588
718.305037039588
718.305037039588
718.305037039588
718.305037039588
718.305037039588
718.305037039588
718.305037039588
718.305037039588
718.305037039588
718.305037039588
718.305037039588
718.305037039588
718.305037039588
718.305037039588
718.305037039588
718.305037039588
718.132050377008
718.132050377008
718.132050377008
718.132050377008
718.132050377008
718.132050377008
718.132050377008
718.132050377008
717.911475010415
717.911475010415
717.911475010415
717.911475010415
717.911475010415
717.911475010415
717.911475010415
717.911475010415
717.911475010415
717.911475010415
717.911475010415
717.911475010415
717.911475010415
717.911475010415
717.911475010415
717.911475010415
717.911475010415
717.911475010415
717.911475010415
717.911475010415
717.911475010415
717.911475010415
717.911475010415
717.911475010415
717.911475010415
717.911475010415
717.911475010415
717.911475010415
717.911475010415
717.911475010415
717.911475010415
717.911475010415
717.911475010415
717.911475010415
717.911475010415
717.911475010415
717.911475010415
717.911475010415
717.911475010415
717.911475010415
717.911475010415
717.911475010415
717.911475010415
717.911475010415
717.911475010415
717.911475010415
717.911475010415
717.911475010415
717.911475010415
717.911475010415
717.911475010415
717.911475010415
717.911475010415
717.911475010415
717.911475010415
717.911475010415
717.911475010415
717.911475010415
717.911475010415
717.911475010415
717.911475010415
717.911475010415
717.911475010415
717.911475010415
717.911475010415
717.911475010415
717.911475010415
717.911475010415
717.911475010415
717.911475010415
717.911475010415
717.911475010415
717.911475010415
717.911475010415
717.911475010415
717.911475010415
717.911475010415
717.911475010415
717.911475010415
717.911475010415
717.911475010415
717.911475010415
717.911475010415
717.911475010415
717.911475010415
717.911475010415
717.911475010415
717.911475010415
717.911475010415
717.911475010415
717.911475010415
717.911475010415
717.911475010415
717.911475010415
717.911475010415
717.911475010415
717.911475010415
717.911475010415
717.911475010415
717.911475010415
717.911475010415
717.911475010415
717.911475010415
717.911475010415
717.911475010415
717.911475010415
717.911475010415
717.911475010415
717.911475010415
716.705815833039
716.705815833039
716.582503460823
716.582503460823
716.582503460823
716.582503460823
716.582503460823
716.582503460823
716.582503460823
716.582503460823
716.582503460823
716.582503460823
716.582503460823
716.582503460823
716.582503460823
716.582503460823
716.582503460823
716.582503460823
716.582503460823
716.582503460823
716.582503460823
716.582503460823
716.582503460823
716.582503460823
715.871653370360
715.871653370360
715.871653370360
715.871653370360
715.871653370360
715.871653370360
715.871653370360
715.871653370360
715.871653370360
715.871653370360
715.871653370360
715.871653370360
715.871653370360
715.871653370360
715.871653370360
715.871653370360
715.871653370360
715.871653370360
715.871653370360
715.871653370360
715.871653370360
715.871653370360
715.871653370360
715.871653370360
715.871653370360
715.871653370360
715.871653370360
715.871653370360
715.871653370360
715.871653370360
715.871653370360
715.871653370360
715.871653370360
715.871653370360
715.871653370360
715.871653370360
715.871653370360
715.871653370360
715.871653370360
715.871653370360
715.871653370360
715.871653370360
715.871653370360
715.871653370360
715.871653370360
715.871653370360
715.871653370360
715.871653370360
715.871653370360
715.871653370360

ave
1487.58645313346
1422.16712865042
1531.29299998729
1520.31366338407
1441.73683214125
1403.33700164143
1396.56049028959
1390.50332034239
1426.02842659090
1398.81541529624
1374.08596344329
1405.07620712395
1346.19204333059
1425.13392839085
1396.44291741107
1446.18109229658
1238.35403459445
1411.77549924384
1419.91612687188
1406.20257177150
1482.27973882454
1341.49821324982
1359.64534116803
1352.73786022490
1415.70742202244
1424.92403384292
1531.48990595190
1390.32474376678
1359.84829144523
1466.47001634314
1437.61338714479
1409.30090666911
1420.35287214191
1325.64668848472
1391.77940378536
1262.57287439042
1406.57234437655
1284.31527932992
1365.38029393968
1344.97895066182
1269.99485802055
1374.97271743645
1223.76697160182
1341.58548772070
1295.49725996126
1263.87199748903
1314.57339157041
1311.28528787602
1278.92580580374
1172.33945903417
1159.72333409134
1188.43385651939
1173.49055859267
1245.52666379513
1191.85739120024
1113.92539124162
1219.40054692513
1145.63312776862
1115.17926209887
1051.56978264579
1159.78001583676
1070.60163410528
1037.28509107417
1054.51055680746
1037.45104461505
976.472771018892
1011.44947882353
948.496368353246
977.814207810429
1038.79667659938
1011.78722763190
1007.99897601374
1037.53088804270
918.984550242157
947.750335414122
1054.37521390908
989.952971732255
901.669973228434
948.712952444724
902.462063613097
920.706954115452
901.746640870590
962.502169399420
885.396856849005
779.387841539784
885.602642107459
868.542519814983
884.937641497968
900.576639189889
1010.12995431442
900.776761873557
887.041695576792
903.505961177332
856.724567099923
807.751371288065
947.905955141233
869.319699647894
913.327133712939
869.158581541246
837.921081723523
852.134623614428
791.405717560306
856.390066330129
808.700477133170
868.923131506592
823.160160361374
808.002595964331
805.673560049911
823.016162857461
867.160377274001
805.223682186147
820.410367790915
836.833510336756
837.373190257557
775.577603192193
854.314984044786
857.140834724650
821.111221569497
851.701603818180
807.290969746014
818.748649302922
838.412702934785
806.859681241629
805.090807816046
756.922785243370
839.275979299546
789.393396832340
835.695752037644
821.501086092133
726.009746119664
773.218754103912
789.618053676445
789.306017616516
834.506157799634
790.640333980178
788.271433069345
822.234770939651
803.119379759445
947.299182143125
865.771235594214
834.358977376650
806.117583566430
772.090750498810
853.429507226353
757.301241222714
787.295654303224
785.533559963280
772.222580923952
771.722665167190
804.431888228186
787.751629503128
739.982773867448
771.837121971287
799.374983575210
817.105080971869
863.317047711697
787.451509766190
817.742170320677
847.594878911947
785.667349769581
785.512359793569
802.953132707056
832.441386189589
786.860800892918
752.985481365489
802.984674913680
739.638178283818
831.896195558642
834.792636230056
834.689369590495
800.160099658020
798.539351867944
801.599779162518
784.105317209191
799.267937481458
769.257618954954
768.646617599485
782.641571641773
846.297007022738
771.451267029006
801.636834951860
832.437431888737
801.397779690483
802.514714328573
802.005222504862
753.664466005400
771.559692699833
864.024862155989
767.956373818458
834.490634485580
815.164386666152
738.164588885838
802.045588749366
800.623713144773
785.322133261481
769.303958939944
769.298190157526
783.437821789026
849.502517023424
848.703371131701
846.911943198907
785.346020666447
782.898201633512
849.262568506856
816.527872081147
799.854654347440
771.212403349100
786.281708076724
862.489982753904
752.168052683660
767.307708934719
863.303673083163
782.667176185476
782.968647897853
816.623550729234
737.234540273398
813.315316054982
832.640227482258
816.673938621156
736.256111160678
786.616622993111
800.254975673624
800.545809547067
800.954563329587
848.455211016267
787.971251238692
848.906824569311
769.970887696923
768.193088284876
768.851302535407
801.196185313449
769.384479859373
817.091550213120
768.656769741258
800.876239664181
783.502266216029
833.016069689583
769.979155121121
737.540106296623
829.391333675437
799.884266377300
783.939379158047
846.789855116053
784.825337606324
802.524094964910
736.469704557155
783.524972883603
816.441368009479
828.726305247136
833.428110383225
784.954827324896
799.543811881179
767.075352554995
783.238060900320
768.951094381039
784.574852821209
736.600627042215
735.502560486317
784.084361738261
812.641216700284
828.173295874820
767.981873816654
774.481907693143
753.236648897248
785.244321557921
787.562374617184
751.949613973610
751.971807740790
721.784005539524
783.384514735956
784.000449578632
815.482822018925
865.741446892538
768.411712170033
754.162989477897
798.841551408306
766.515915025381
798.912349042515
847.709529595338
735.558010794616
816.307315672952
783.245013125619
766.661865136017
720.710670146372
811.985922260106
801.631122083956
768.372013555998
735.522140889403
750.175218304726
782.651135259901
787.294019253787
785.906322882539
848.803246358370
781.436644094917
785.362991898408
783.433263572723
799.262300564119
767.398243018404
817.169003678052
797.930653729054
816.445026507688
814.853838117874
735.651938078955
780.923290695038
768.493348356155
798.522514268994
765.619795075887
783.257363054792
719.748160670115
796.344478527541
830.526533156669
782.948207873652
849.604395783054
784.999998552185
754.347388019026
766.020562108286
768.411842189304
814.833058469456
798.275741573340
796.723068868302
796.093357493060
767.718197649757
829.788242374805
781.741283339736
766.909436689283
782.203988733547
782.062709372428
799.926060217522
782.086808336558
785.081108121480
784.932471826642
812.106992476859
735.657802930442
799.655157470636
828.023717211487
767.616998925531
798.001681909559
766.647178587441
815.341133377638
782.140368897420
765.783098616354
764.221090511694
814.258061890144
783.411825703080
797.592628231591
858.815044567038
846.365718076291
880.745758638174
812.768160762613
797.232847851092
798.535648509460
811.818675868184
797.501215898756
751.664405130292
765.206526115917
829.470937325067
830.712299523953
812.946033300473
786.162747642777
781.429937715754
832.542170385826
846.457105771875
765.814097587283
831.367443653191
783.006070820825
798.658776686642
750.581252127196
813.605372581744
799.993234267425
811.583980938553
782.744057625736
812.636862600016
768.859058455270
798.638995079353
749.253365592981
845.452436464045
830.720481161158
857.251566227129
784.720062627207
783.100453828766
798.611927216940
783.120881435881
813.140728373078
766.616440122974
780.733307173204
829.254275770772
830.451619867110
782.377160544615
735.448435173996
830.162512100433
766.822370605898
782.798487089474
751.007995387287
766.852905979176
781.933903715221
765.830878683874
816.234751023495
750.054747324111
768.536790585531
812.824630929289
765.802537777627
763.569124927330
780.675522770790
796.745998352681
779.719741458862
781.044459997397
765.351493780199
750.046564070371
781.699326121271
827.795680412513
782.504002548497
750.249012879877
860.562941992048
783.105590582305
783.341064416969
815.022793711205
797.964511689664
783.008953267049
831.044323232748
750.507008757548
767.167865969160
797.671122321343
828.081279516122
765.679630671032
735.330458861471
815.189651043488
767.060413994751
780.557340827562
748.316862189821
816.141354927170
749.324221565708
763.045123784530
734.211439092214
843.913742123873
793.881801096408
781.351021703362
767.078666141402
784.700666823209
811.990903749036
814.506264647524
826.714702267609
814.622685406329
748.603406080940
831.643844670068
765.422480892751
797.083161934286
747.981714453964
780.712143544906
888.925360971561
780.344747375983
842.184863429320
750.819854695100
779.512108980033
813.391787503776
763.631659769679
810.939659375203
767.257425198906
752.116095510973
733.287494621288
779.661526224721
796.121442737054
794.186007790009
781.860930596462
750.467538061344
781.313846169513
813.553146474541
798.306761391825
763.502014285881
799.577059202916
780.402243928243
749.330345896934
843.695213664809
829.189632897862
779.440568739207
860.296964568447
748.560227573233
777.842095934639
845.367630736903
844.649685156114
780.131192559478
799.610381701136
797.602209737711
810.393486908412
732.599234624443
814.756242662433
782.587620560730
798.102302632952
810.282048462897
731.703494263623
794.784244706553
781.436979502193
828.606093982967
812.274144637552
810.776096505735
783.886100843018
811.935583645882
811.565159359496
763.048332368394
735.156319907834
795.533637110156