最优解为:1547.9859
最优解路径:

Best_route =

  1 至 24 列

     0     0     0     0     0     0     0     0     0     0     0     0     0     0     0     0     0     0     0     0     0     0     0     0
     0     0     0     0     0     0     0     0     0     0     0     0     0     0     0     0     0     0     0     0     0     0     0     0
     0     0     0     0     0     0     0     0     0     0     0     0     0     0     0     0     0     0     0     0     0     0     0     0
    45    24     5    22     1     4    16    18     0     0     0     0     0     0     0     0     0     0     0     0     0     0     0     0
     0     0     0     0     0     0     0     0     0     0     0     0     0     0     0     0     0     0     0     0     0     0     0     0
     0     0     0     0     0     0     0     0     0     0     0     0     0     0     0     0     0     0     0     0     0     0     0     0
     0     0     0     0     0     0     0     0     0     0     0     0     0     0     0     0     0     0     0     0     0     0     0     0
    13    43    48    25    29    27    17    32    12    30     0     0     0     0     0     0     0     0     0     0     0     0     0     0
    19     9     7    44    34    36    46    11    50    41     0     0     0     0     0     0     0     0     0     0     0     0     0     0
     0     0     0     0     0     0     0     0     0     0     0     0     0     0     0     0     0     0     0     0     0     0     0     0
    14    10    47    26    20    31    23    39    21    33    37     0     0     0     0     0     0     0     0     0     0     0     0     0
     0     0     0     0     0     0     0     0     0     0     0     0     0     0     0     0     0     0     0     0     0     0     0     0
    38    40    28    35    42     3     2     8    15     6    49     0     0     0     0     0     0     0     0     0     0     0     0     0

  25 至 48 列

     0     0     0     0     0     0     0     0     0     0     0     0     0     0     0     0     0     0     0     0     0     0     0     0
     0     0     0     0     0     0     0     0     0     0     0     0     0     0     0     0     0     0     0     0     0     0     0     0
     0     0     0     0     0     0     0     0     0     0     0     0     0     0     0     0     0     0     0     0     0     0     0     0
     0     0     0     0     0     0     0     0     0     0     0     0     0     0     0     0     0     0     0     0     0     0     0     0
     0     0     0     0     0     0     0     0     0     0     0     0     0     0     0     0     0     0     0     0     0     0     0     0
     0     0     0     0     0     0     0     0     0     0     0     0     0     0     0     0     0     0     0     0     0     0     0     0
     0     0     0     0     0     0     0     0     0     0     0     0     0     0     0     0     0     0     0     0     0     0     0     0
     0     0     0     0     0     0     0     0     0     0     0     0     0     0     0     0     0     0     0     0     0     0     0     0
     0     0     0     0     0     0     0     0     0     0     0     0     0     0     0     0     0     0     0     0     0     0     0     0
     0     0     0     0     0     0     0     0     0     0     0     0     0     0     0     0     0     0     0     0     0     0     0     0
     0     0     0     0     0     0     0     0     0     0     0     0     0     0     0     0     0     0     0     0     0     0     0     0
     0     0     0     0     0     0     0     0     0     0     0     0     0     0     0     0     0     0     0     0     0     0     0     0
     0     0     0     0     0     0     0     0     0     0     0     0     0     0     0     0     0     0     0     0     0     0     0     0

  49 至 51 列

     0     0     0
     0     0     0
     0     0     0
     0     0     0
     0     0     0
     0     0     0
     0     0     0
     0     0     0
     0     0     0
     0     0     0
     0     0     0
     0     0     0
     0     0     0

本次运算用时:409.915秒
算法在第375代时收敛

best
1597.43480017725
1573.02789777615
1573.02789777615
1573.02789777615
1572.97579149586
1572.97579149586
1572.97579149586
1572.97579149586
1572.97579149586
1572.97579149586
1572.97579149586
1572.97579149586
1567.55891889399
1567.55891889399
1567.55891889399
1567.55891889399
1567.55891889399
1566.72345001319
1566.72345001319
1566.72345001319
1566.72345001319
1561.79750953260
1561.26851920614
1561.26851920614
1560.05853908357
1560.05853908357
1560.05853908357
1559.64768114012
1559.64768114012
1559.64768114012
1555.15146828192
1555.15146828192
1555.15146828192
1555.15146828192
1555.15146828192
1555.15146828192
1555.15146828192
1555.15146828192
1555.15146828192
1555.15146828192
1555.15146828192
1555.15146828192
1553.61701877481
1553.61701877481
1553.61701877481
1553.61701877481
1553.61701877481
1553.45689804058
1552.36604105615
1552.36604105615
1552.36604105615
1552.36604105615
1552.36604105615
1552.36604105615
1552.36604105615
1552.36604105615
1552.36604105615
1552.36604105615
1552.36604105615
1552.36604105615
1552.36604105615
1552.36604105615
1552.36604105615
1552.36604105615
1552.36604105615
1552.36604105615
1552.36604105615
1552.36604105615
1552.36604105615
1552.36604105615
1552.36604105615
1552.36604105615
1552.36604105615
1552.36604105615
1552.36604105615
1552.36604105615
1552.36604105615
1552.36604105615
1552.36604105615
1552.36604105615
1552.36604105615
1552.36604105615
1552.36604105615
1552.36604105615
1552.36604105615
1552.36604105615
1552.36604105615
1552.36604105615
1552.36604105615
1552.36604105615
1552.36604105615
1552.36604105615
1552.36604105615
1552.36604105615
1552.36604105615
1552.36604105615
1552.36604105615
1552.36604105615
1552.36604105615
1552.36604105615
1552.36604105615
1552.36604105615
1552.36604105615
1552.36604105615
1552.36604105615
1552.36604105615
1551.80990620911
1551.80990620911
1551.80990620911
1551.80990620911
1551.80990620911
1551.80990620911
1551.80990620911
1551.80990620911
1551.80990620911
1551.80990620911
1551.80990620911
1551.80990620911
1551.80990620911
1551.80990620911
1551.80990620911
1551.80990620911
1551.80990620911
1551.80990620911
1551.80990620911
1551.80990620911
1551.80990620911
1551.80990620911
1551.80990620911
1551.80990620911
1551.80990620911
1551.80990620911
1551.80990620911
1551.80990620911
1551.80990620911
1551.80990620911
1551.80990620911
1551.80990620911
1551.80990620911
1551.80990620911
1551.80990620911
1551.80990620911
1551.80990620911
1551.80990620911
1551.80990620911
1551.80990620911
1551.80990620911
1551.80990620911
1551.80990620911
1551.80990620911
1551.80990620911
1551.80990620911
1551.80990620911
1551.80990620911
1551.80990620911
1551.80990620911
1551.80990620911
1551.80990620911
1551.80990620911
1551.80990620911
1551.80990620911
1551.80990620911
1551.80990620911
1551.80990620911
1551.80990620911
1551.80990620911
1551.80990620911
1551.80990620911
1551.80990620911
1551.80990620911
1551.80990620911
1551.80990620911
1551.80990620911
1551.80990620911
1551.80990620911
1551.80990620911
1551.80990620911
1551.80990620911
1551.80990620911
1551.80990620911
1551.80990620911
1551.80990620911
1551.80990620911
1551.80990620911
1551.80990620911
1551.80990620911
1551.80990620911
1551.80990620911
1551.80990620911
1551.80990620911
1551.80990620911
1551.80990620911
1551.80990620911
1551.80990620911
1551.80990620911
1551.80990620911
1551.80990620911
1551.80990620911
1551.80990620911
1551.80990620911
1551.80990620911
1551.80990620911
1551.80990620911
1551.80990620911
1551.80990620911
1551.80990620911
1551.80990620911
1551.80990620911
1551.80990620911
1551.80990620911
1551.80990620911
1551.80990620911
1551.80990620911
1551.80990620911
1551.80990620911
1551.80990620911
1551.80990620911
1551.80990620911
1551.80990620911
1551.80990620911
1551.80990620911
1551.80990620911
1551.80990620911
1551.80990620911
1551.80990620911
1551.80990620911
1551.80990620911
1550.72390620911
1550.72390620911
1550.72390620911
1550.72390620911
1550.72390620911
1550.72390620911
1550.72390620911
1550.72390620911
1550.72390620911
1550.72390620911
1550.72390620911
1550.72390620911
1550.72390620911
1550.72390620911
1550.72390620911
1550.72390620911
1550.72390620911
1550.72390620911
1550.72390620911
1550.72390620911
1550.72390620911
1550.72390620911
1550.72390620911
1550.72390620911
1550.72390620911
1550.72390620911
1550.71922395265
1550.71922395265
1550.71922395265
1550.71922395265
1550.71922395265
1550.71922395265
1550.71922395265
1550.71922395265
1550.71922395265
1550.71922395265
1550.71922395265
1550.71922395265
1550.71922395265
1550.71922395265
1550.71922395265
1550.71922395265
1550.71922395265
1550.71922395265
1550.71922395265
1550.71922395265
1550.71922395265
1550.71922395265
1550.71922395265
1550.71922395265
1550.70179564104
1550.70179564104
1550.70179564104
1550.24400596884
1550.24400596884
1550.24400596884
1550.24400596884
1550.24400596884
1550.24400596884
1550.24400596884
1550.24400596884
1550.24400596884
1550.24400596884
1550.24400596884
1550.24400596884
1550.24400596884
1550.24400596884
1550.24400596884
1550.24400596884
1550.24400596884
1550.24400596884
1550.24400596884
1550.24400596884
1550.24400596884
1550.24400596884
1550.24400596884
1550.24400596884
1550.24400596884
1550.24400596884
1550.24400596884
1550.24400596884
1550.24400596884
1550.24400596884
1550.24400596884
1550.24400596884
1550.24400596884
1550.24400596884
1550.24400596884
1550.24400596884
1550.24400596884
1550.24400596884
1550.24400596884
1550.24400596884
1550.24400596884
1550.24400596884
1550.24400596884
1550.24400596884
1550.24400596884
1550.24400596884
1550.24400596884
1550.24400596884
1550.24400596884
1549.23848076559
1549.23848076559
1549.23848076559
1549.23848076559
1549.23848076559
1549.23848076559
1549.23848076559
1549.23848076559
1549.23848076559
1549.23848076559
1549.23848076559
1549.23848076559
1549.23848076559
1549.23848076559
1549.23848076559
1549.23848076559
1549.23848076559
1549.23848076559
1549.23848076559
1549.23848076559
1549.23848076559
1549.23848076559
1549.23848076559
1549.23848076559
1549.23848076559
1549.23848076559
1549.23848076559
1549.23848076559
1549.23848076559
1549.23848076559
1549.23848076559
1549.23848076559
1549.23848076559
1549.23848076559
1549.23848076559
1549.23848076559
1549.23848076559
1549.23848076559
1549.23848076559
1549.23848076559
1548.19602237357
1548.19602237357
1548.19602237357
1548.19602237357
1548.19602237357
1547.98586709442
1547.98586709442
1547.98586709442
1547.98586709442
1547.98586709442
1547.98586709442
1547.98586709442
1547.98586709442
1547.98586709442
1547.98586709442
1547.98586709442
1547.98586709442
1547.98586709442
1547.98586709442
1547.98586709442
1547.98586709442
1547.98586709442
1547.98586709442
1547.98586709442
1547.98586709442
1547.98586709442
1547.98586709442
1547.98586709442
1547.98586709442
1547.98586709442
1547.98586709442
1547.98586709442
1547.98586709442
1547.98586709442
1547.98586709442
1547.98586709442
1547.98586709442
1547.98586709442
1547.98586709442
1547.98586709442
1547.98586709442
1547.98586709442
1547.98586709442
1547.98586709442
1547.98586709442
1547.98586709442
1547.98586709442
1547.98586709442
1547.98586709442
1547.98586709442
1547.98586709442
1547.98586709442
1547.98586709442
1547.98586709442
1547.98586709442
1547.98586709442
1547.98586709442
1547.98586709442
1547.98586709442
1547.98586709442
1547.98586709442
1547.98586709442
1547.98586709442
1547.98586709442
1547.98586709442
1547.98586709442
1547.98586709442
1547.98586709442
1547.98586709442
1547.98586709442
1547.98586709442
1547.98586709442
1547.98586709442
1547.98586709442
1547.98586709442
1547.98586709442
1547.98586709442
1547.98586709442
1547.98586709442
1547.98586709442
1547.98586709442
1547.98586709442
1547.98586709442
1547.98586709442
1547.98586709442
1547.98586709442
1547.98586709442
1547.98586709442
1547.98586709442
1547.98586709442
1547.98586709442
1547.98586709442
1547.98586709442
1547.98586709442
1547.98586709442
1547.98586709442
1547.98586709442
1547.98586709442
1547.98586709442
1547.98586709442
1547.98586709442
1547.98586709442
1547.98586709442
1547.98586709442
1547.98586709442
1547.98586709442
1547.98586709442
1547.98586709442
1547.98586709442
1547.98586709442
1547.98586709442
1547.98586709442
1547.98586709442
1547.98586709442
1547.98586709442
1547.98586709442
1547.98586709442
1547.98586709442
1547.98586709442
1547.98586709442
1547.98586709442
1547.98586709442
1547.98586709442
1547.98586709442
1547.98586709442
1547.98586709442
1547.98586709442
1547.98586709442
1547.98586709442
1547.98586709442
1547.98586709442

ave
1920.31797371740
1869.69859395806
1939.39929578786
1871.39587615224
1857.02483278240
1919.31375710927
1882.28318684795
1916.86736852532
1874.29629612633
1864.87478621210
1849.61099630922
1847.33373014142
1817.86102028023
1850.80157270723
1875.94859818371
1864.39502332928
1861.90417477336
1887.82300893011
1892.60224817519
1854.85723796338
1747.65392933610
1826.96144115081
1884.73368616353
1743.16752391259
1792.38420482980
1791.02658744217
1710.04136091670
1865.07476255585
1818.36498356008
1755.48862669237
1754.47114218511
1816.69802279704
1706.48370863729
1769.05292440573
1824.82755436543
1793.42283354470
1749.24903386302
1778.21091069489
1809.67431891978
1749.94036568008
1729.95558470321
1780.54628479291
1687.82449866086
1818.19544763995
1731.51462904908
1728.84149615671
1833.84600765031
1746.18947691584
1772.43690601220
1804.95237418631
1742.51178719914
1653.16637614121
1771.95528211098
1773.98318659825
1726.24203487964
1742.10623383542
1711.02837402097
1667.82507552599
1696.33290125445
1664.84845387722
1752.18279154584
1634.16386357031
1678.37738628149
1662.84676228647
1619.06212113656
1619.47806776137
1678.60425027091
1620.98153481277
1606.08202213653
1621.24037657311
1634.04219360340
1677.22276992955
1600.99029513362
1601.25851886712
1648.56120159203
1646.09446645092
1617.73778875780
1692.12873475465
1586.42234259482
1647.75866846457
1618.08444748786
1601.58816302759
1649.39045561357
1646.01958261944
1618.29293881083
1602.17752604645
1645.69931941343
1650.07237850280
1616.43355890876
1619.75170991647
1633.94977163123
1631.07230609225
1630.92612480601
1662.58517325985
1617.87340979371
1646.63686521951
1588.11530020955
1589.49892085615
1632.85446311501
1603.17885222860
1584.08613100686
1555.33664886240
1647.46067746822
1600.83049529122
1602.04875812307
1619.08173278152
1603.71240538382
1573.72928373300
1601.41435672080
1570.84249580232
1571.32916501748
1648.38342840374
1644.71755594115
1603.21718870073
1588.22266699566
1617.65936715695
1587.49947726356
1587.25019628641
1631.85288799840
1619.75074500687
1603.50778624585
1600.78512784585
1630.72748048046
1602.61965150742
1585.81550213714
1601.20734898371
1602.68264864690
1602.34050121009
1617.94734897051
1586.67707469390
1586.87602820876
1570.05087711343
1558.80390788720
1587.00489516246
1558.37246690150
1586.37990171104
1583.65366799483
1573.68869709278
1571.38147060781
1571.32905912172
1572.52286540820
1573.23939561608
1587.58104718622
1602.68310035261
1570.90753888633
1585.96219697228
1558.95335287981
1616.49917470099
1632.01358847104
1603.08240387040
1570.70636140838
1585.75626195831
1647.16751322871
1586.86845196627
1600.20382410063
1602.08433043462
1557.50189364991
1575.38763419262
1568.88877847471
1585.10945052804
1599.95020344245
1571.48801869239
1616.78664764360
1572.30123865364
1584.92434357721
1600.41977599795
1587.25906433105
1571.25399050415
1584.80139277001
1569.63894311970
1617.30716249528
1569.58336971428
1553.98798802151
1587.01501422343
1600.72263682856
1553.97061496278
1553.93275664994
1585.40710482124
1571.30616987695
1571.98209374360
1569.35242021564
1559.73744515856
1571.05739722347
1553.78937513199
1586.31435702867
1600.06169369124
1601.79804730463
1599.97218495924
1599.53443268263
1554.80635027630
1599.90007943147
1584.33746702276
1616.75476492222
1587.49456092100
1614.20902461220
1571.20571438427
1554.16114517207
1586.07210685133
1615.40389008480
1568.23089173604
1583.68378879227
1631.07484857274
1616.71252456946
1585.47137282991
1599.83151578413
1602.15690777798
1570.24937078856
1570.06616505808
1555.97101845980
1569.28683138099
1554.11839408464
1583.68755588152
1570.19148856360
1615.38178820591
1571.55300711126
1572.42030626612
1583.45677665378
1569.94643270741
1568.80860765562
1569.63307872455
1587.68295496724
1600.22887067514
1570.38204235455
1584.96545386629
1600.49793528586
1601.37968529990
1573.02099214059
1556.16825671868
1582.64506257820
1628.44871704024
1629.63563569922
1614.06929565476
1599.55802844308
1613.08265932913
1600.23558635040
1601.06294880288
1598.61503850620
1616.78728148948
1570.17895749033
1616.66005665969
1601.03086470267
1583.16683062362
1601.62458012196
1613.54873374730
1599.35578404698
1598.21660648877
1615.51278818400
1615.66663059060
1600.19122010837
1552.45648652251
1570.25809060490
1554.82038825623
1646.81976451456
1600.00125472743
1569.96092203736
1599.69204500891
1647.33903982735
1585.45463526590
1614.71339125259
1589.03161157229
1571.00461764943
1567.82729431830
1598.61753022757
1583.22041898980
1586.13683843287
1556.29163155751
1584.94890954949
1599.33717618879
1570.71475460149
1572.22298208843
1598.12675301603
1585.56902202137
1586.77370028489
1554.60528168253
1585.72691586770
1568.99097333916
1585.36541485170
1615.99746683412
1557.43391251402
1599.41284056335
1616.56768217242
1632.74940417525
1677.29395571673
1601.47383609662
1554.38157528654
1602.02277461292
1585.03648350438
1555.95091996778
1599.51366506810
1557.89352013538
1600.05174934438
1568.35912809557
1553.42574074007
1584.06037461647
1568.38919194185
1555.09074821410
1584.81439183135
1584.18297490551
1569.56604117873
1568.27730753803
1585.75429513826
1614.38376160435
1584.19865077826
1568.09993431451
1598.11857998421
1584.77717581123
1615.84018735760
1583.81482656245
1555.83482678999
1583.21439401252
1568.17807984739
1569.14318056086
1634.62405242871
1586.34640476280
1600.92575479637
1568.58565405533
1585.56835389092
1614.53870467717
1581.83283138572
1585.76247997471
1599.59450957322
1631.36896203140
1601.01103768933
1569.01807643012
1603.69581465263
1553.59746169708
1599.86458988462
1569.70269288131
1555.12989905501
1583.96152048888
1583.43651437719
1630.35842641861
1618.05483805544
1600.16877333435
1660.04233632069
1598.82154238058
1627.85986810431
1643.99149745267
1659.54818685378
1703.11610898373
1627.69535601249
1658.81033071247
1612.62037883448
1584.59658928761
1642.86845753636
1598.97308863162
1644.24756323069
1672.17332361136
1686.73979659730
1673.51167972623
1658.18322292611
1581.27658124439
1646.42393031516
1658.35891987575
1583.44640180074
1582.03740505103
1597.01201237368
1686.68837313934
1597.65999400385
1565.92825066169
1642.12078445998
1626.22370939216
1597.24748186133
1598.51407105521
1553.15358539118
1632.14035080278
1613.29718716220
1567.71040280858
1570.69288617770
1568.11034375869
1582.33103296963
1615.26072754790
1596.24766282255
1643.94926721331
1627.12629584220
1641.48851445233
1598.41938747025
1627.64136393069
1565.55239925112
1581.54394046582
1566.77908236690
1580.56711546227
1598.13434026634
1579.97105054206
1627.25105960515
1597.55572615186
1611.59587965707
1581.61444067269
1627.64572978788
1596.62113484980
1599.53127363507
1598.41397635809
1628.30494229806
1597.81213652025
1552.13661371721
1595.10274294804
1581.28748453979
1614.66445598243
1552.57989251886
1551.66392058687
1596.69835016406
1597.57510063981
1582.59010571775
1598.76729451657
1582.87638450026
1566.42028775715
1569.83726797177
1583.25646886177
1565.27330345569
1583.98674950288
1612.14747326658
1585.95563349180
1596.66674548878
1587.29423278473
1568.48976437215
1565.91525282205
1570.02641483531
1565.49246730181
1628.89447080908
1627.12364961983
1582.79271052266
1566.02605743823
1565.63986433341
1584.88988997014
1554.66745868163
1596.39049988316
1601.40422175424
1565.84497588971
1553.84275733123
1598.33819154229
1581.22087142772
1597.94881273666
1565.18149770952
1550.21022523566
1567.74410222361
1568.37885054099
1584.05902551961
1583.86530782652
1582.62135869992
1596.19027760797
1581.92753721771
1550.70621435959
1596.61548381956
1596.03037443390
1582.04880158522
1583.01920075994
1584.58045902053
1581.49652259067
1597.97858940336
1584.61050115775
1565.14450265216
1629.81215031732
1567.93257703493
1601.35678060945
1566.43578254449
1584.71965386023
1583.64778053061
1564.77809255075
1599.00503641446
1550.03977456975
1550.90583374390
1583.28494074962
1582.59397327483
1581.95633525764
1628.52788118859
1566.44174369014
1581.10269839114
1549.57319173964
1595.61060914203
1630.49779750112
1566.39964362312
1596.38702534953
1552.82925703253
1565.32867723466
1583.87404401587
1582.77047426964
1597.22856256117
1582.20579583416
1612.53603318490
1581.81461961605
1567.34625035326
1580.13636874543
1566.06898816672
1551.88103179772
1599.55093613608
1587.17555019260
1567.92159398189
1581.07467848257
1612.56560062428
1567.67684678094
1599.32445302195
1567.91276608373
1566.70762389664
1598.23521681294
1598.52582829410
1567.93742851968
1580.85428630837
1579.97834511908
1583.49662161932
1595.52039102948