最优解为:11994.9861
最优解路径:

Best_route =

  1 至 24 列

   105   106   122   144   158     0     0     0     0     0     0     0     0     0     0     0     0     0     0     0     0     0     0     0
   181   182    35     3     4   107   108   197   198    47    48     0     0     0     0     0     0     0     0     0     0     0     0     0
   111   112   119   120     7     8   137   147   148   159   160     0     0     0     0     0     0     0     0     0     0     0     0     0
   113   114   167    77    78    67    68    57    58    23    24     0     0     0     0     0     0     0     0     0     0     0     0     0
     0     0     0     0     0     0     0     0     0     0     0     0     0     0     0     0     0     0     0     0     0     0     0     0
    55    56   115   116   153   154   185   186    84     0     0     0     0     0     0     0     0     0     0     0     0     0     0     0
     0     0     0     0     0     0     0     0     0     0     0     0     0     0     0     0     0     0     0     0     0     0     0     0
    31    32   125   126   174   166   123   124   164     0     0     0     0     0     0     0     0     0     0     0     0     0     0     0
   149   150     5     6   140    90   192     0     0     0     0     0     0     0     0     0     0     0     0     0     0     0     0     0
   179   180    83    87    88    29    30    11    12   157     0     0     0     0     0     0     0     0     0     0     0     0     0     0
    65    66   171   172    36   110     0     0     0     0     0     0     0     0     0     0     0     0     0     0     0     0     0     0
     0     0     0     0     0     0     0     0     0     0     0     0     0     0     0     0     0     0     0     0     0     0     0     0
   194    13    14   163     2   141    25   165   131   132   191    52     0     0     0     0     0     0     0     0     0     0     0     0
   155   156   189   175   176   109     0     0     0     0     0     0     0     0     0     0     0     0     0     0     0     0     0     0
    95   173    39   121    79    80   177   178   103   104   183   184     0     0     0     0     0     0     0     0     0     0     0     0
   101   102   135   136    75    76    53    54    97    98    51     0     0     0     0     0     0     0     0     0     0     0     0     0
    61    62   195   161   162    15    16   133   134     0     0     0     0     0     0     0     0     0     0     0     0     0     0     0
    49     1    96    17    18    45    46    73    74    81    82     9     0     0     0     0     0     0     0     0     0     0     0     0
     0     0     0     0     0     0     0     0     0     0     0     0     0     0     0     0     0     0     0     0     0     0     0     0
   145   146   193    21    22    59    33    34    69    70    43    44     0     0     0     0     0     0     0     0     0     0     0     0
    50   168    60     0     0     0     0     0     0     0     0     0     0     0     0     0     0     0     0     0     0     0     0     0
   129   130    40   117   118    93    94   199   200   187    10     0     0     0     0     0     0     0     0     0     0     0     0     0
     0     0     0     0     0     0     0     0     0     0     0     0     0     0     0     0     0     0     0     0     0     0     0     0
     0     0     0     0     0     0     0     0     0     0     0     0     0     0     0     0     0     0     0     0     0     0     0     0
     0     0     0     0     0     0     0     0     0     0     0     0     0     0     0     0     0     0     0     0     0     0     0     0
    27    28    71    89    91    92   190    26   188     0     0     0     0     0     0     0     0     0     0     0     0     0     0     0
     0     0     0     0     0     0     0     0     0     0     0     0     0     0     0     0     0     0     0     0     0     0     0     0
   151   152    19    20   138   196     0     0     0     0     0     0     0     0     0     0     0     0     0     0     0     0     0     0
    41   143   169   170   139    63    64    99   100    37    38     0     0     0     0     0     0     0     0     0     0     0     0     0
   127   128    42    85    86    72   142     0     0     0     0     0     0     0     0     0     0     0     0     0     0     0     0     0

  25 至 48 列

     0     0     0     0     0     0     0     0     0     0     0     0     0     0     0     0     0     0     0     0     0     0     0     0
     0     0     0     0     0     0     0     0     0     0     0     0     0     0     0     0     0     0     0     0     0     0     0     0
     0     0     0     0     0     0     0     0     0     0     0     0     0     0     0     0     0     0     0     0     0     0     0     0
     0     0     0     0     0     0     0     0     0     0     0     0     0     0     0     0     0     0     0     0     0     0     0     0
     0     0     0     0     0     0     0     0     0     0     0     0     0     0     0     0     0     0     0     0     0     0     0     0
     0     0     0     0     0     0     0     0     0     0     0     0     0     0     0     0     0     0     0     0     0     0     0     0
     0     0     0     0     0     0     0     0     0     0     0     0     0     0     0     0     0     0     0     0     0     0     0     0
     0     0     0     0     0     0     0     0     0     0     0     0     0     0     0     0     0     0     0     0     0     0     0     0
     0     0     0     0     0     0     0     0     0     0     0     0     0     0     0     0     0     0     0     0     0     0     0     0
     0     0     0     0     0     0     0     0     0     0     0     0     0     0     0     0     0     0     0     0     0     0     0     0
     0     0     0     0     0     0     0     0     0     0     0     0     0     0     0     0     0     0     0     0     0     0     0     0
     0     0     0     0     0     0     0     0     0     0     0     0     0     0     0     0     0     0     0     0     0     0     0     0
     0     0     0     0     0     0     0     0     0     0     0     0     0     0     0     0     0     0     0     0     0     0     0     0
     0     0     0     0     0     0     0     0     0     0     0     0     0     0     0     0     0     0     0     0     0     0     0     0
     0     0     0     0     0     0     0     0     0     0     0     0     0     0     0     0     0     0     0     0     0     0     0     0
     0     0     0     0     0     0     0     0     0     0     0     0     0     0     0     0     0     0     0     0     0     0     0     0
     0     0     0     0     0     0     0     0     0     0     0     0     0     0     0     0     0     0     0     0     0     0     0     0
     0     0     0     0     0     0     0     0     0     0     0     0     0     0     0     0     0     0     0     0     0     0     0     0
     0     0     0     0     0     0     0     0     0     0     0     0     0     0     0     0     0     0     0     0     0     0     0     0
     0     0     0     0     0     0     0     0     0     0     0     0     0     0     0     0     0     0     0     0     0     0     0     0
     0     0     0     0     0     0     0     0     0     0     0     0     0     0     0     0     0     0     0     0     0     0     0     0
     0     0     0     0     0     0     0     0     0     0     0     0     0     0     0     0     0     0     0     0     0     0     0     0
     0     0     0     0     0     0     0     0     0     0     0     0     0     0     0     0     0     0     0     0     0     0     0     0
     0     0     0     0     0     0     0     0     0     0     0     0     0     0     0     0     0     0     0     0     0     0     0     0
     0     0     0     0     0     0     0     0     0     0     0     0     0     0     0     0     0     0     0     0     0     0     0     0
     0     0     0     0     0     0     0     0     0     0     0     0     0     0     0     0     0     0     0     0     0     0     0     0
     0     0     0     0     0     0     0     0     0     0     0     0     0     0     0     0     0     0     0     0     0     0     0     0
     0     0     0     0     0     0     0     0     0     0     0     0     0     0     0     0     0     0     0     0     0     0     0     0
     0     0     0     0     0     0     0     0     0     0     0     0     0     0     0     0     0     0     0     0     0     0     0     0
     0     0     0     0     0     0     0     0     0     0     0     0     0     0     0     0     0     0     0     0     0     0     0     0

  49 至 72 列

     0     0     0     0     0     0     0     0     0     0     0     0     0     0     0     0     0     0     0     0     0     0     0     0
     0     0     0     0     0     0     0     0     0     0     0     0     0     0     0     0     0     0     0     0     0     0     0     0
     0     0     0     0     0     0     0     0     0     0     0     0     0     0     0     0     0     0     0     0     0     0     0     0
     0     0     0     0     0     0     0     0     0     0     0     0     0     0     0     0     0     0     0     0     0     0     0     0
     0     0     0     0     0     0     0     0     0     0     0     0     0     0     0     0     0     0     0     0     0     0     0     0
     0     0     0     0     0     0     0     0     0     0     0     0     0     0     0     0     0     0     0     0     0     0     0     0
     0     0     0     0     0     0     0     0     0     0     0     0     0     0     0     0     0     0     0     0     0     0     0     0
     0     0     0     0     0     0     0     0     0     0     0     0     0     0     0     0     0     0     0     0     0     0     0     0
     0     0     0     0     0     0     0     0     0     0     0     0     0     0     0     0     0     0     0     0     0     0     0     0
     0     0     0     0     0     0     0     0     0     0     0     0     0     0     0     0     0     0     0     0     0     0     0     0
     0     0     0     0     0     0     0     0     0     0     0     0     0     0     0     0     0     0     0     0     0     0     0     0
     0     0     0     0     0     0     0     0     0     0     0     0     0     0     0     0     0     0     0     0     0     0     0     0
     0     0     0     0     0     0     0     0     0     0     0     0     0     0     0     0     0     0     0     0     0     0     0     0
     0     0     0     0     0     0     0     0     0     0     0     0     0     0     0     0     0     0     0     0     0     0     0     0
     0     0     0     0     0     0     0     0     0     0     0     0     0     0     0     0     0     0     0     0     0     0     0     0
     0     0     0     0     0     0     0     0     0     0     0     0     0     0     0     0     0     0     0     0     0     0     0     0
     0     0     0     0     0     0     0     0     0     0     0     0     0     0     0     0     0     0     0     0     0     0     0     0
     0     0     0     0     0     0     0     0     0     0     0     0     0     0     0     0     0     0     0     0     0     0     0     0
     0     0     0     0     0     0     0     0     0     0     0     0     0     0     0     0     0     0     0     0     0     0     0     0
     0     0     0     0     0     0     0     0     0     0     0     0     0     0     0     0     0     0     0     0     0     0     0     0
     0     0     0     0     0     0     0     0     0     0     0     0     0     0     0     0     0     0     0     0     0     0     0     0
     0     0     0     0     0     0     0     0     0     0     0     0     0     0     0     0     0     0     0     0     0     0     0     0
     0     0     0     0     0     0     0     0     0     0     0     0     0     0     0     0     0     0     0     0     0     0     0     0
     0     0     0     0     0     0     0     0     0     0     0     0     0     0     0     0     0     0     0     0     0     0     0     0
     0     0     0     0     0     0     0     0     0     0     0     0     0     0     0     0     0     0     0     0     0     0     0     0
     0     0     0     0     0     0     0     0     0     0     0     0     0     0     0     0     0     0     0     0     0     0     0     0
     0     0     0     0     0     0     0     0     0     0     0     0     0     0     0     0     0     0     0     0     0     0     0     0
     0     0     0     0     0     0     0     0     0     0     0     0     0     0     0     0     0     0     0     0     0     0     0     0
     0     0     0     0     0     0     0     0     0     0     0     0     0     0     0     0     0     0     0     0     0     0     0     0
     0     0     0     0     0     0     0     0     0     0     0     0     0     0     0     0     0     0     0     0     0     0     0     0

  73 至 96 列

     0     0     0     0     0     0     0     0     0     0     0     0     0     0     0     0     0     0     0     0     0     0     0     0
     0     0     0     0     0     0     0     0     0     0     0     0     0     0     0     0     0     0     0     0     0     0     0     0
     0     0     0     0     0     0     0     0     0     0     0     0     0     0     0     0     0     0     0     0     0     0     0     0
     0     0     0     0     0     0     0     0     0     0     0     0     0     0     0     0     0     0     0     0     0     0     0     0
     0     0     0     0     0     0     0     0     0     0     0     0     0     0     0     0     0     0     0     0     0     0     0     0
     0     0     0     0     0     0     0     0     0     0     0     0     0     0     0     0     0     0     0     0     0     0     0     0
     0     0     0     0     0     0     0     0     0     0     0     0     0     0     0     0     0     0     0     0     0     0     0     0
     0     0     0     0     0     0     0     0     0     0     0     0     0     0     0     0     0     0     0     0     0     0     0     0
     0     0     0     0     0     0     0     0     0     0     0     0     0     0     0     0     0     0     0     0     0     0     0     0
     0     0     0     0     0     0     0     0     0     0     0     0     0     0     0     0     0     0     0     0     0     0     0     0
     0     0     0     0     0     0     0     0     0     0     0     0     0     0     0     0     0     0     0     0     0     0     0     0
     0     0     0     0     0     0     0     0     0     0     0     0     0     0     0     0     0     0     0     0     0     0     0     0
     0     0     0     0     0     0     0     0     0     0     0     0     0     0     0     0     0     0     0     0     0     0     0     0
     0     0     0     0     0     0     0     0     0     0     0     0     0     0     0     0     0     0     0     0     0     0     0     0
     0     0     0     0     0     0     0     0     0     0     0     0     0     0     0     0     0     0     0     0     0     0     0     0
     0     0     0     0     0     0     0     0     0     0     0     0     0     0     0     0     0     0     0     0     0     0     0     0
     0     0     0     0     0     0     0     0     0     0     0     0     0     0     0     0     0     0     0     0     0     0     0     0
     0     0     0     0     0     0     0     0     0     0     0     0     0     0     0     0     0     0     0     0     0     0     0     0
     0     0     0     0     0     0     0     0     0     0     0     0     0     0     0     0     0     0     0     0     0     0     0     0
     0     0     0     0     0     0     0     0     0     0     0     0     0     0     0     0     0     0     0     0     0     0     0     0
     0     0     0     0     0     0     0     0     0     0     0     0     0     0     0     0     0     0     0     0     0     0     0     0
     0     0     0     0     0     0     0     0     0     0     0     0     0     0     0     0     0     0     0     0     0     0     0     0
     0     0     0     0     0     0     0     0     0     0     0     0     0     0     0     0     0     0     0     0     0     0     0     0
     0     0     0     0     0     0     0     0     0     0     0     0     0     0     0     0     0     0     0     0     0     0     0     0
     0     0     0     0     0     0     0     0     0     0     0     0     0     0     0     0     0     0     0     0     0     0     0     0
     0     0     0     0     0     0     0     0     0     0     0     0     0     0     0     0     0     0     0     0     0     0     0     0
     0     0     0     0     0     0     0     0     0     0     0     0     0     0     0     0     0     0     0     0     0     0     0     0
     0     0     0     0     0     0     0     0     0     0     0     0     0     0     0     0     0     0     0     0     0     0     0     0
     0     0     0     0     0     0     0     0     0     0     0     0     0     0     0     0     0     0     0     0     0     0     0     0
     0     0     0     0     0     0     0     0     0     0     0     0     0     0     0     0     0     0     0     0     0     0     0     0

  97 至 120 列

     0     0     0     0     0     0     0     0     0     0     0     0     0     0     0     0     0     0     0     0     0     0     0     0
     0     0     0     0     0     0     0     0     0     0     0     0     0     0     0     0     0     0     0     0     0     0     0     0
     0     0     0     0     0     0     0     0     0     0     0     0     0     0     0     0     0     0     0     0     0     0     0     0
     0     0     0     0     0     0     0     0     0     0     0     0     0     0     0     0     0     0     0     0     0     0     0     0
     0     0     0     0     0     0     0     0     0     0     0     0     0     0     0     0     0     0     0     0     0     0     0     0
     0     0     0     0     0     0     0     0     0     0     0     0     0     0     0     0     0     0     0     0     0     0     0     0
     0     0     0     0     0     0     0     0     0     0     0     0     0     0     0     0     0     0     0     0     0     0     0     0
     0     0     0     0     0     0     0     0     0     0     0     0     0     0     0     0     0     0     0     0     0     0     0     0
     0     0     0     0     0     0     0     0     0     0     0     0     0     0     0     0     0     0     0     0     0     0     0     0
     0     0     0     0     0     0     0     0     0     0     0     0     0     0     0     0     0     0     0     0     0     0     0     0
     0     0     0     0     0     0     0     0     0     0     0     0     0     0     0     0     0     0     0     0     0     0     0     0
     0     0     0     0     0     0     0     0     0     0     0     0     0     0     0     0     0     0     0     0     0     0     0     0
     0     0     0     0     0     0     0     0     0     0     0     0     0     0     0     0     0     0     0     0     0     0     0     0
     0     0     0     0     0     0     0     0     0     0     0     0     0     0     0     0     0     0     0     0     0     0     0     0
     0     0     0     0     0     0     0     0     0     0     0     0     0     0     0     0     0     0     0     0     0     0     0     0
     0     0     0     0     0     0     0     0     0     0     0     0     0     0     0     0     0     0     0     0     0     0     0     0
     0     0     0     0     0     0     0     0     0     0     0     0     0     0     0     0     0     0     0     0     0     0     0     0
     0     0     0     0     0     0     0     0     0     0     0     0     0     0     0     0     0     0     0     0     0     0     0     0
     0     0     0     0     0     0     0     0     0     0     0     0     0     0     0     0     0     0     0     0     0     0     0     0
     0     0     0     0     0     0     0     0     0     0     0     0     0     0     0     0     0     0     0     0     0     0     0     0
     0     0     0     0     0     0     0     0     0     0     0     0     0     0     0     0     0     0     0     0     0     0     0     0
     0     0     0     0     0     0     0     0     0     0     0     0     0     0     0     0     0     0     0     0     0     0     0     0
     0     0     0     0     0     0     0     0     0     0     0     0     0     0     0     0     0     0     0     0     0     0     0     0
     0     0     0     0     0     0     0     0     0     0     0     0     0     0     0     0     0     0     0     0     0     0     0     0
     0     0     0     0     0     0     0     0     0     0     0     0     0     0     0     0     0     0     0     0     0     0     0     0
     0     0     0     0     0     0     0     0     0     0     0     0     0     0     0     0     0     0     0     0     0     0     0     0
     0     0     0     0     0     0     0     0     0     0     0     0     0     0     0     0     0     0     0     0     0     0     0     0
     0     0     0     0     0     0     0     0     0     0     0     0     0     0     0     0     0     0     0     0     0     0     0     0
     0     0     0     0     0     0     0     0     0     0     0     0     0     0     0     0     0     0     0     0     0     0     0     0
     0     0     0     0     0     0     0     0     0     0     0     0     0     0     0     0     0     0     0     0     0     0     0     0

  121 至 144 列

     0     0     0     0     0     0     0     0     0     0     0     0     0     0     0     0     0     0     0     0     0     0     0     0
     0     0     0     0     0     0     0     0     0     0     0     0     0     0     0     0     0     0     0     0     0     0     0     0
     0     0     0     0     0     0     0     0     0     0     0     0     0     0     0     0     0     0     0     0     0     0     0     0
     0     0     0     0     0     0     0     0     0     0     0     0     0     0     0     0     0     0     0     0     0     0     0     0
     0     0     0     0     0     0     0     0     0     0     0     0     0     0     0     0     0     0     0     0     0     0     0     0
     0     0     0     0     0     0     0     0     0     0     0     0     0     0     0     0     0     0     0     0     0     0     0     0
     0     0     0     0     0     0     0     0     0     0     0     0     0     0     0     0     0     0     0     0     0     0     0     0
     0     0     0     0     0     0     0     0     0     0     0     0     0     0     0     0     0     0     0     0     0     0     0     0
     0     0     0     0     0     0     0     0     0     0     0     0     0     0     0     0     0     0     0     0     0     0     0     0
     0     0     0     0     0     0     0     0     0     0     0     0     0     0     0     0     0     0     0     0     0     0     0     0
     0     0     0     0     0     0     0     0     0     0     0     0     0     0     0     0     0     0     0     0     0     0     0     0
     0     0     0     0     0     0     0     0     0     0     0     0     0     0     0     0     0     0     0     0     0     0     0     0
     0     0     0     0     0     0     0     0     0     0     0     0     0     0     0     0     0     0     0     0     0     0     0     0
     0     0     0     0     0     0     0     0     0     0     0     0     0     0     0     0     0     0     0     0     0     0     0     0
     0     0     0     0     0     0     0     0     0     0     0     0     0     0     0     0     0     0     0     0     0     0     0     0
     0     0     0     0     0     0     0     0     0     0     0     0     0     0     0     0     0     0     0     0     0     0     0     0
     0     0     0     0     0     0     0     0     0     0     0     0     0     0     0     0     0     0     0     0     0     0     0     0
     0     0     0     0     0     0     0     0     0     0     0     0     0     0     0     0     0     0     0     0     0     0     0     0
     0     0     0     0     0     0     0     0     0     0     0     0     0     0     0     0     0     0     0     0     0     0     0     0
     0     0     0     0     0     0     0     0     0     0     0     0     0     0     0     0     0     0     0     0     0     0     0     0
     0     0     0     0     0     0     0     0     0     0     0     0     0     0     0     0     0     0     0     0     0     0     0     0
     0     0     0     0     0     0     0     0     0     0     0     0     0     0     0     0     0     0     0     0     0     0     0     0
     0     0     0     0     0     0     0     0     0     0     0     0     0     0     0     0     0     0     0     0     0     0     0     0
     0     0     0     0     0     0     0     0     0     0     0     0     0     0     0     0     0     0     0     0     0     0     0     0
     0     0     0     0     0     0     0     0     0     0     0     0     0     0     0     0     0     0     0     0     0     0     0     0
     0     0     0     0     0     0     0     0     0     0     0     0     0     0     0     0     0     0     0     0     0     0     0     0
     0     0     0     0     0     0     0     0     0     0     0     0     0     0     0     0     0     0     0     0     0     0     0     0
     0     0     0     0     0     0     0     0     0     0     0     0     0     0     0     0     0     0     0     0     0     0     0     0
     0     0     0     0     0     0     0     0     0     0     0     0     0     0     0     0     0     0     0     0     0     0     0     0
     0     0     0     0     0     0     0     0     0     0     0     0     0     0     0     0     0     0     0     0     0     0     0     0

  145 至 168 列

     0     0     0     0     0     0     0     0     0     0     0     0     0     0     0     0     0     0     0     0     0     0     0     0
     0     0     0     0     0     0     0     0     0     0     0     0     0     0     0     0     0     0     0     0     0     0     0     0
     0     0     0     0     0     0     0     0     0     0     0     0     0     0     0     0     0     0     0     0     0     0     0     0
     0     0     0     0     0     0     0     0     0     0     0     0     0     0     0     0     0     0     0     0     0     0     0     0
     0     0     0     0     0     0     0     0     0     0     0     0     0     0     0     0     0     0     0     0     0     0     0     0
     0     0     0     0     0     0     0     0     0     0     0     0     0     0     0     0     0     0     0     0     0     0     0     0
     0     0     0     0     0     0     0     0     0     0     0     0     0     0     0     0     0     0     0     0     0     0     0     0
     0     0     0     0     0     0     0     0     0     0     0     0     0     0     0     0     0     0     0     0     0     0     0     0
     0     0     0     0     0     0     0     0     0     0     0     0     0     0     0     0     0     0     0     0     0     0     0     0
     0     0     0     0     0     0     0     0     0     0     0     0     0     0     0     0     0     0     0     0     0     0     0     0
     0     0     0     0     0     0     0     0     0     0     0     0     0     0     0     0     0     0     0     0     0     0     0     0
     0     0     0     0     0     0     0     0     0     0     0     0     0     0     0     0     0     0     0     0     0     0     0     0
     0     0     0     0     0     0     0     0     0     0     0     0     0     0     0     0     0     0     0     0     0     0     0     0
     0     0     0     0     0     0     0     0     0     0     0     0     0     0     0     0     0     0     0     0     0     0     0     0
     0     0     0     0     0     0     0     0     0     0     0     0     0     0     0     0     0     0     0     0     0     0     0     0
     0     0     0     0     0     0     0     0     0     0     0     0     0     0     0     0     0     0     0     0     0     0     0     0
     0     0     0     0     0     0     0     0     0     0     0     0     0     0     0     0     0     0     0     0     0     0     0     0
     0     0     0     0     0     0     0     0     0     0     0     0     0     0     0     0     0     0     0     0     0     0     0     0
     0     0     0     0     0     0     0     0     0     0     0     0     0     0     0     0     0     0     0     0     0     0     0     0
     0     0     0     0     0     0     0     0     0     0     0     0     0     0     0     0     0     0     0     0     0     0     0     0
     0     0     0     0     0     0     0     0     0     0     0     0     0     0     0     0     0     0     0     0     0     0     0     0
     0     0     0     0     0     0     0     0     0     0     0     0     0     0     0     0     0     0     0     0     0     0     0     0
     0     0     0     0     0     0     0     0     0     0     0     0     0     0     0     0     0     0     0     0     0     0     0     0
     0     0     0     0     0     0     0     0     0     0     0     0     0     0     0     0     0     0     0     0     0     0     0     0
     0     0     0     0     0     0     0     0     0     0     0     0     0     0     0     0     0     0     0     0     0     0     0     0
     0     0     0     0     0     0     0     0     0     0     0     0     0     0     0     0     0     0     0     0     0     0     0     0
     0     0     0     0     0     0     0     0     0     0     0     0     0     0     0     0     0     0     0     0     0     0     0     0
     0     0     0     0     0     0     0     0     0     0     0     0     0     0     0     0     0     0     0     0     0     0     0     0
     0     0     0     0     0     0     0     0     0     0     0     0     0     0     0     0     0     0     0     0     0     0     0     0
     0     0     0     0     0     0     0     0     0     0     0     0     0     0     0     0     0     0     0     0     0     0     0     0

  169 至 192 列

     0     0     0     0     0     0     0     0     0     0     0     0     0     0     0     0     0     0     0     0     0     0     0     0
     0     0     0     0     0     0     0     0     0     0     0     0     0     0     0     0     0     0     0     0     0     0     0     0
     0     0     0     0     0     0     0     0     0     0     0     0     0     0     0     0     0     0     0     0     0     0     0     0
     0     0     0     0     0     0     0     0     0     0     0     0     0     0     0     0     0     0     0     0     0     0     0     0
     0     0     0     0     0     0     0     0     0     0     0     0     0     0     0     0     0     0     0     0     0     0     0     0
     0     0     0     0     0     0     0     0     0     0     0     0     0     0     0     0     0     0     0     0     0     0     0     0
     0     0     0     0     0     0     0     0     0     0     0     0     0     0     0     0     0     0     0     0     0     0     0     0
     0     0     0     0     0     0     0     0     0     0     0     0     0     0     0     0     0     0     0     0     0     0     0     0
     0     0     0     0     0     0     0     0     0     0     0     0     0     0     0     0     0     0     0     0     0     0     0     0
     0     0     0     0     0     0     0     0     0     0     0     0     0     0     0     0     0     0     0     0     0     0     0     0
     0     0     0     0     0     0     0     0     0     0     0     0     0     0     0     0     0     0     0     0     0     0     0     0
     0     0     0     0     0     0     0     0     0     0     0     0     0     0     0     0     0     0     0     0     0     0     0     0
     0     0     0     0     0     0     0     0     0     0     0     0     0     0     0     0     0     0     0     0     0     0     0     0
     0     0     0     0     0     0     0     0     0     0     0     0     0     0     0     0     0     0     0     0     0     0     0     0
     0     0     0     0     0     0     0     0     0     0     0     0     0     0     0     0     0     0     0     0     0     0     0     0
     0     0     0     0     0     0     0     0     0     0     0     0     0     0     0     0     0     0     0     0     0     0     0     0
     0     0     0     0     0     0     0     0     0     0     0     0     0     0     0     0     0     0     0     0     0     0     0     0
     0     0     0     0     0     0     0     0     0     0     0     0     0     0     0     0     0     0     0     0     0     0     0     0
     0     0     0     0     0     0     0     0     0     0     0     0     0     0     0     0     0     0     0     0     0     0     0     0
     0     0     0     0     0     0     0     0     0     0     0     0     0     0     0     0     0     0     0     0     0     0     0     0
     0     0     0     0     0     0     0     0     0     0     0     0     0     0     0     0     0     0     0     0     0     0     0     0
     0     0     0     0     0     0     0     0     0     0     0     0     0     0     0     0     0     0     0     0     0     0     0     0
     0     0     0     0     0     0     0     0     0     0     0     0     0     0     0     0     0     0     0     0     0     0     0     0
     0     0     0     0     0     0     0     0     0     0     0     0     0     0     0     0     0     0     0     0     0     0     0     0
     0     0     0     0     0     0     0     0     0     0     0     0     0     0     0     0     0     0     0     0     0     0     0     0
     0     0     0     0     0     0     0     0     0     0     0     0     0     0     0     0     0     0     0     0     0     0     0     0
     0     0     0     0     0     0     0     0     0     0     0     0     0     0     0     0     0     0     0     0     0     0     0     0
     0     0     0     0     0     0     0     0     0     0     0     0     0     0     0     0     0     0     0     0     0     0     0     0
     0     0     0     0     0     0     0     0     0     0     0     0     0     0     0     0     0     0     0     0     0     0     0     0
     0     0     0     0     0     0     0     0     0     0     0     0     0     0     0     0     0     0     0     0     0     0     0     0

  193 至 201 列

     0     0     0     0     0     0     0     0     0
     0     0     0     0     0     0     0     0     0
     0     0     0     0     0     0     0     0     0
     0     0     0     0     0     0     0     0     0
     0     0     0     0     0     0     0     0     0
     0     0     0     0     0     0     0     0     0
     0     0     0     0     0     0     0     0     0
     0     0     0     0     0     0     0     0     0
     0     0     0     0     0     0     0     0     0
     0     0     0     0     0     0     0     0     0
     0     0     0     0     0     0     0     0     0
     0     0     0     0     0     0     0     0     0
     0     0     0     0     0     0     0     0     0
     0     0     0     0     0     0     0     0     0
     0     0     0     0     0     0     0     0     0
     0     0     0     0     0     0     0     0     0
     0     0     0     0     0     0     0     0     0
     0     0     0     0     0     0     0     0     0
     0     0     0     0     0     0     0     0     0
     0     0     0     0     0     0     0     0     0
     0     0     0     0     0     0     0     0     0
     0     0     0     0     0     0     0     0     0
     0     0     0     0     0     0     0     0     0
     0     0     0     0     0     0     0     0     0
     0     0     0     0     0     0     0     0     0
     0     0     0     0     0     0     0     0     0
     0     0     0     0     0     0     0     0     0
     0     0     0     0     0     0     0     0     0
     0     0     0     0     0     0     0     0     0
     0     0     0     0     0     0     0     0     0

本次运算用时:14680.574秒
算法在第408代时收敛

best
17841.4153129712
17841.4153129712
17841.4153129712
17121.0229612496
17121.0229612496
17121.0229612496
17121.0229612496
17121.0229612496
17121.0229612496
16963.3014145245
16963.3014145245
16598.9032153171
16598.9032153171
16598.9032153171
16598.9032153171
16392.7256383697
16392.7256383697
16392.7256383697
16392.7256383697
16392.7256383697
16013.5277593581
16013.5277593581
16013.5277593581
16013.5277593581
16013.5277593581
16013.5277593581
16013.5277593581
15810.4838138384
15810.4838138384
15261.2905710161
15261.2905710161
15261.2905710161
15261.2905710161
15261.2905710161
15261.2905710161
15261.2905710161
15261.2905710161
13594.9391353287
13594.9391353287
13594.9391353287
13594.9391353287
13594.9391353287
13594.9391353287
13594.9391353287
13594.9391353287
13594.9391353287
13594.9391353287
13594.9391353287
13594.9391353287
13594.9391353287
13594.9391353287
13594.9391353287
13594.9391353287
13594.9391353287
13594.9391353287
13594.9391353287
13594.9391353287
13594.9391353287
13594.9391353287
13594.9391353287
13594.9391353287
13594.9391353287
13594.9391353287
13594.9391353287
13594.9391353287
13594.9391353287
13594.9391353287
13594.9391353287
13594.9391353287
13594.9391353287
13594.9391353287
13594.9391353287
13594.9391353287
13594.9391353287
13594.9391353287
13594.9391353287
13594.9391353287
13594.9391353287
13594.9391353287
13594.9391353287
13594.9391353287
13594.9391353287
13594.9391353287
13594.9391353287
13594.9391353287
13594.9391353287
13594.9391353287
13594.9391353287
13594.9391353287
13594.9391353287
13594.9391353287
13594.9391353287
13594.9391353287
13594.9391353287
13594.9391353287
13594.9391353287
13594.9391353287
13594.9391353287
13594.9391353287
13594.9391353287
13594.9391353287
13594.9391353287
13594.9391353287
13594.9391353287
13594.9391353287
13594.9391353287
13594.9391353287
13402.6765618832
13402.6765618832
13402.6765618832
13402.6765618832
13402.6765618832
13402.6765618832
13402.6765618832
13402.6765618832
13402.6765618832
13402.6765618832
13335.6506247761
13335.6506247761
13335.6506247761
13335.6506247761
13335.6506247761
13335.6506247761
13335.6506247761
13335.6506247761
13335.6506247761
13335.6506247761
13335.6506247761
13335.6506247761
13335.6506247761
13335.6506247761
13335.6506247761
13335.6506247761
13335.6506247761
12690.8035321462
12690.8035321462
12690.8035321462
12690.8035321462
12690.8035321462
12690.8035321462
12690.8035321462
12690.8035321462
12690.8035321462
12690.8035321462
12690.8035321462
12690.8035321462
12690.8035321462
12690.8035321462
12690.8035321462
12690.8035321462
12690.8035321462
12690.8035321462
12690.8035321462
12690.8035321462
12690.8035321462
12690.8035321462
12690.8035321462
12690.8035321462
12690.8035321462
12690.8035321462
12690.8035321462
12690.8035321462
12690.8035321462
12690.8035321462
12690.8035321462
12690.8035321462
12690.8035321462
12690.8035321462
12690.8035321462
12690.8035321462
12690.8035321462
12690.8035321462
12690.8035321462
12690.8035321462
12690.8035321462
12690.8035321462
12690.8035321462
12690.8035321462
12690.8035321462
12690.8035321462
12690.8035321462
12592.2252863304
12592.2252863304
12592.2252863304
12592.2252863304
12592.2252863304
12592.2252863304
12592.2252863304
12592.2252863304
12592.2252863304
12592.2252863304
12592.2252863304
12592.2252863304
12592.2252863304
12592.2252863304
12592.2252863304
12592.2252863304
12435.4958214740
12435.4958214740
12435.4958214740
12435.4958214740
12435.4958214740
12435.4958214740
12435.4958214740
12435.4958214740
12435.4958214740
12435.4958214740
12435.4958214740
12435.4958214740
12435.4958214740
12435.4958214740
12435.4958214740
12435.4958214740
12435.4958214740
12435.4958214740
12435.4958214740
12435.4958214740
12435.4958214740
12435.4958214740
12435.4958214740
12435.4958214740
12435.4958214740
12435.4958214740
12435.4958214740
12435.4958214740
12435.4958214740
12435.4958214740
12435.4958214740
12435.4958214740
12435.4958214740
12435.4958214740
12435.4958214740
12435.4958214740
12435.4958214740
12435.4958214740
12435.4958214740
12435.4958214740
12435.4958214740
12435.4958214740
12435.4958214740
12435.4958214740
12435.4958214740
12435.4958214740
12435.4958214740
12435.4958214740
12435.4958214740
12435.4958214740
12435.4958214740
12435.4958214740
12435.4958214740
12435.4958214740
12435.4958214740
12435.4958214740
12435.4958214740
12435.4958214740
12435.4958214740
12435.4958214740
12435.4958214740
12435.4958214740
12435.4958214740
12435.4958214740
12435.4958214740
12435.4958214740
12435.4958214740
12435.4958214740
12435.4958214740
12435.4958214740
12435.4958214740
12435.4958214740
12435.4958214740
12435.4958214740
12435.4958214740
12435.4958214740
12435.4958214740
12435.4958214740
12435.4958214740
12435.4958214740
12435.4958214740
12435.4958214740
12435.4958214740
12435.4958214740
12435.4958214740
12435.4958214740
12435.4958214740
12435.4958214740
12435.4958214740
12435.4958214740
12435.4958214740
12435.4958214740
12435.4958214740
12435.4958214740
12435.4958214740
12435.4958214740
12435.4958214740
12435.4958214740
12435.4958214740
12435.4958214740
12435.4958214740
12435.4958214740
12435.4958214740
12435.4958214740
12435.4958214740
12435.4958214740
12435.4958214740
12435.4958214740
12435.4958214740
12435.4958214740
12435.4958214740
12435.4958214740
12435.4958214740
12435.4958214740
12435.4958214740
12435.4958214740
12435.4958214740
12435.4958214740
12435.4958214740
12435.4958214740
12435.4958214740
12435.4958214740
12435.4958214740
12435.4958214740
12435.4958214740
12435.4958214740
12435.4958214740
12435.4958214740
12435.4958214740
12435.4958214740
12435.4958214740
12435.4958214740
12435.4958214740
12435.4958214740
12435.4958214740
12435.4958214740
12435.4958214740
12435.4958214740
12435.4958214740
12435.4958214740
12435.4958214740
12435.4958214740
12435.4958214740
12435.4958214740
12435.4958214740
12435.4958214740
12435.4958214740
12435.4958214740
12435.4958214740
12435.4958214740
12435.4958214740
12435.4958214740
12435.4958214740
12435.4958214740
12435.4958214740
12435.4958214740
12435.4958214740
12435.4958214740
12435.4958214740
12435.4958214740
12435.4958214740
12435.4958214740
12435.4958214740
12435.4958214740
12435.4958214740
12435.4958214740
12435.4958214740
12435.4958214740
12435.4958214740
12435.4958214740
12435.4958214740
12435.4958214740
12435.4958214740
12435.4958214740
12435.4958214740
12435.4958214740
12435.4958214740
12435.4958214740
12435.4958214740
12435.4958214740
12435.4958214740
12435.4958214740
12435.4958214740
12435.4958214740
12435.4958214740
12435.4958214740
12435.4958214740
12435.4958214740
12435.4958214740
12435.4958214740
12435.4958214740
12435.4958214740
12435.4958214740
12435.4958214740
12435.4958214740
12435.4958214740
12435.4958214740
12435.4958214740
12435.4958214740
12435.4958214740
12435.4958214740
12435.4958214740
12435.4958214740
12435.4958214740
12435.4958214740
12435.4958214740
12435.4958214740
12435.4958214740
12435.4958214740
12435.4958214740
11994.9860737707
11994.9860737707
11994.9860737707
11994.9860737707
11994.9860737707
11994.9860737707
11994.9860737707
11994.9860737707
11994.9860737707
11994.9860737707
11994.9860737707
11994.9860737707
11994.9860737707
11994.9860737707
11994.9860737707
11994.9860737707
11994.9860737707
11994.9860737707
11994.9860737707
11994.9860737707
11994.9860737707
11994.9860737707
11994.9860737707
11994.9860737707
11994.9860737707
11994.9860737707
11994.9860737707
11994.9860737707
11994.9860737707
11994.9860737707
11994.9860737707
11994.9860737707
11994.9860737707
11994.9860737707
11994.9860737707
11994.9860737707
11994.9860737707
11994.9860737707
11994.9860737707
11994.9860737707
11994.9860737707
11994.9860737707
11994.9860737707
11994.9860737707
11994.9860737707
11994.9860737707
11994.9860737707
11994.9860737707
11994.9860737707
11994.9860737707
11994.9860737707
11994.9860737707
11994.9860737707
11994.9860737707
11994.9860737707
11994.9860737707
11994.9860737707
11994.9860737707
11994.9860737707
11994.9860737707
11994.9860737707
11994.9860737707
11994.9860737707
11994.9860737707
11994.9860737707
11994.9860737707
11994.9860737707
11994.9860737707
11994.9860737707
11994.9860737707
11994.9860737707
11994.9860737707
11994.9860737707
11994.9860737707
11994.9860737707
11994.9860737707
11994.9860737707
11994.9860737707
11994.9860737707
11994.9860737707
11994.9860737707
11994.9860737707
11994.9860737707
11994.9860737707
11994.9860737707
11994.9860737707
11994.9860737707
11994.9860737707
11994.9860737707
11994.9860737707
11994.9860737707
11994.9860737707
11994.9860737707

ave
21004.4452171138
20916.2906391736
20793.3190915069
20337.6573621910
20723.3821207456
20239.8509558894
20875.5341624082
20965.1726127231
20752.2145649865
20481.3558701909
21164.1664296271
20712.3752224878
20506.7448895055
20982.7486970698
20810.1687967518
20305.7589838087
20944.3984785956
21152.3565707632
20764.3492274615
20789.2779375710
20528.4770510201
20527.3967666794
21056.3057854309
20245.7760384902
20062.1719892598
20631.2935136608
20089.9889526208
20152.2175057769
20375.5302637805
20021.9020243883
19837.8999372799
20298.2432725367
20103.0881678975
20307.8091870025
19955.8833859619
20143.2948790416
20220.6951546494
19060.3855225200
19171.7723928847
19278.3579110734
18407.4874001829
18619.2171518886
18333.6421118815
18409.9130638883
18576.6229333545
18662.4484830494
18404.3991055811
18271.2772172944
18422.8422893564
17844.0688383392
18243.5526671590
17934.7316044215
18024.1015403509
18358.3771868241
17820.0990347267
17206.5376153500
17819.0901965793
17436.7965169164
17935.0927732569
18202.4580916439
18280.4261221167
18035.1618941271
17071.2444248902
17491.3262544362
17276.8233127546
17548.3989863371
17482.8360677161
16691.9992974845
17161.5183341539
16766.9317235276
17361.8088539437
17719.1415690979
17409.9952808731
17102.9843305612
17014.5781890040
16856.2544596414
17194.7317727173
17338.8223193376
17163.7521110323
17333.6476659973
16747.4700405095
17884.5214896633
17469.4561300175
17540.2293559879
17402.9066832094
17177.1139202896
17375.5505950269
17515.5642548872
16944.8339760906
17223.1813931015
17323.5568143780
17207.5724471437
16862.3679045991
16709.8779101952
16811.9428873819
17224.6944910000
17164.1920647263
16592.6865994498
16475.4190985094
16612.2010307913
16603.6665657990
16974.3420096221
16922.1694629241
16860.0114236109
17171.5713184654
16975.8625242237
16886.5103733737
16248.0313730064
16868.7807624954
16325.9024209256
16528.0475445601
17687.2001256270
16555.0640930842
16217.3928260513
16631.1952430527
16679.6800436066
16394.1555218069
16733.6831903780
16481.2541357365
16191.1471030438
16647.5218545113
16155.5330617152
17186.2605941614
16687.9344708516
16105.9798783292
16649.5888842174
16672.7960232906
16718.4092934723
16701.7291878166
16706.5709440985
15819.7855611883
15974.7938479065
16545.3919108604
17314.2285946190
16437.8311740831
16095.6334288375
16391.1956960885
16665.4910808413
17031.8543306115
16547.4769453371
16191.5222850527
16080.4529087946
16561.8903199850
16470.3607431276
16683.6681549293
16215.2091891116
15935.4987258031
16929.1446988747
17025.5123502604
17007.0385907655
16413.5054794776
16024.1169161815
16066.6497958684
16546.4642099794
15530.2623483875
16285.7527051942
16225.6723545053
16245.4717822731
16444.9431589987
16561.1452133210
16175.8024640272
16099.4334463463
16691.4355728459
16347.9081709894
16176.1612646887
15984.0417710548
16640.2130862085
16092.1848844795
16380.8986198387
16297.4342943361
16200.5104738693
15982.2893781748
16357.5748900438
16435.0170035368
16758.5306108892
16271.5229268506
16158.5501373360
16718.1749277384
16632.7153106478
16289.6012140531
16755.5367034117
15944.0072571149
16288.1104227060
16864.3570466999
16979.3344841771
16526.2597339404
15608.7125325403
16891.2141272175
16457.0188532158
15808.5066843364
16117.1955918299
16305.7452859626
15759.6507833820
15951.3074525420
15871.2294693397
15754.1273666893
16243.6004510212
15909.7609937317
15892.5984782525
15751.7528099652
15937.0838441158
15823.1094808376
15945.9600871141
16190.5999866608
16201.1035745772
16351.8297950359
15950.9856052999
15211.0400164007
15642.7415898876
15488.7176027325
15891.7564087621
16115.9971047500
15852.5940928511
15730.0442458324
15836.1457317356
15599.0500070878
15920.6118930617
15105.0803146125
15428.6226497760
15560.3607616901
15826.4897098586
15811.6195467455
15816.3998457025
16211.9179579087
15459.0765773203
15672.0968702026
15621.0854329614
15788.7798956292
15961.1829138314
15628.3403903141
15989.2324784073
15694.2351215243
15863.3154192282
15582.0219261403
15902.1662369031
16922.4957905837
15766.6431728746
15745.5654460737
15123.2523738797
15564.9242082286
15540.2890376182
15938.7913462909
15595.3000119415
15686.8637822336
15507.9136097754
15568.6793945162
15972.1272515356
15351.1309150521
15783.0367779728
15226.7975101465
15589.9394189458
15613.9739126335
15903.6814763147
16107.3664030800
16158.4518780166
16187.6940502577
16305.6069696661
16112.0701710463
15746.6232919320
15686.7769241399
16443.0448815850
16544.5006724961
15940.3806845007
15865.5657517138
16054.8676658602
15513.8076130829
15845.2910427370
15818.1712343759
15576.7628355936
15519.4644623172
15665.5953641848
15492.6156304529
15458.1926321602
15168.2378816919
15788.6179942218
15859.8391083351
15932.3147050463
15436.8242184958
15644.9607657208
15739.4528137177
15809.3679669306
16366.4299588048
15224.8035996699
14961.6244122701
15937.1663479978
15172.8065251420
16097.5176112677
16093.0286278095
15779.9819441384
15339.1379782770
16081.0009289923
15767.3872353497
15695.9916302888
15628.1720599601
15778.9085494194
15778.4458997888
15748.4145994533
15900.7900785491
15140.9848445975
15309.7293025892
15678.3643822441
15647.3115634817
15674.1658830690
15464.5671471627
15539.9538745805
16989.7371893294
16185.7479038505
15535.0719021207
15595.0505764863
16364.3487964601
15867.0548863707
15577.7479459318
16069.1670027995
15863.1526651322
16055.1694358758
15399.0703962707
15089.3226343203
15601.1695210767
15476.8897547633
15589.9906452695
15842.6607439097
15365.1135602051
16478.2889076474
15941.6161488801
16130.9599183208
16033.1422144489
15530.7811193389
15310.5040772808
15305.9604134005
15462.3831869874
16416.8442869438
15682.6158441173
16326.1081362430
16011.3796092041
15533.0629306791
15983.5369277231
16002.3682311871
16555.0346260101
15129.0953265329
16536.1980766685
15792.7324872559
15560.2830441395
16162.5339156622
16614.6258855070
16121.1308046717
15971.8253880130
15976.5714824653
16505.3647573352
16097.8405657878
15748.2439355250
16019.5697318486
15802.3493549974
14995.8729106606
16869.3397313601
15577.6088695316
16377.7076522325
16414.3592723110
15981.7866698909
16230.5350440723
16226.5052815191
15885.1147510978
16128.1841006951
16510.2035085529
16289.7545264869
15863.8405873907
15528.0026487177
16250.6590250093
16590.8968806676
16294.0888916210
16575.2618042292
16259.1037005801
15911.1631162050
15812.8447172274
15550.8859865050
15479.8170565131
15867.5113978224
15425.8194385809
15827.4542252508
15164.4071526877
16160.4084624636
16248.6707594456
15823.6858642469
16027.7936817298
15851.8904071084
15988.5956516228
15871.9352928454
15430.6967187726
15854.4405621964
15118.5079888132
15878.8655942859
15428.2344915742
15719.8724772781
15795.7956990805
16093.8115875194
15783.4054829786
15811.7403594706
15490.3127390484
16029.5088673768
15106.3064318292
15569.7139701493
15846.8573380507
15489.5283012502
15724.3266626889
15497.1451517175
15276.3125310826
15142.3584373630
15621.3229269816
15495.2684124473
15382.1498327990
15055.0061455841
15396.8867559793
15721.0935040424
15189.5776744027
15221.0248218292
15268.5474185864
15131.2427706472
15448.6948052445
15222.6544111133
15325.4151553999
15340.8115329587
14883.7548848703
15402.1329368863
15080.7756192734
15855.3659633778
15154.8194502883
15145.2695198782
15320.2788817797
15497.6334543989
15736.1526808017
15570.5899787644
15000.7480686396
15287.2778564964
16168.1577913773
15331.4936167623
15002.2717294576
16535.2452537836
15053.2074490343
15842.2550368427
16046.6292744071
15676.0433661683
15566.9705507054
15809.8472863216
15344.8979788064
15865.7577229893
15701.7042862174
15203.4324115256
15341.7401344165
15426.4275232222
15546.5705615972
15441.2478128604
15808.5715315648
15824.8085534193
15930.4336908079
15718.0928559510
15971.5617461827
16001.4238376829
15829.1219016872
15198.9686615378
15764.2381497982
15730.1560661418
15952.0904561294
15461.6958318527
15776.8604534392
16065.3562420857
16050.4903913158
15296.7295775866
15878.4740970534
16121.8005161126
16354.6737875293
15677.0798719190
15866.4210885810
15783.7416132413
15554.6842810535
14878.3783601895
15933.8369491476
15551.2844920214
15218.3526608329
15267.7992272486
15046.2355069962
16334.7073516448
15734.5575184083
15663.6647452960
15777.0226309681
15587.1696840466
15440.2344645698
15724.2094240318
15606.5621373085
15673.8610795631
15492.3177440236
15842.4113935187
15035.9736608820
15427.8358065750
14390.3028677467
15435.2690932131
15226.6823997244
15250.2690713174
15029.2296403351
14783.3571157647
15051.1727269673
14458.4047102796