最优解为:364.4709
最优解路径:

Best_route =

     3     2     4     5     1     6     0
     0     0     0     0     0     0     0

本次运算用时:2.954秒
算法在第1代时收敛

best
364.470905098131
364.470905098131
364.470905098131
364.470905098131
364.470905098131
364.470905098131
364.470905098131
364.470905098131
364.470905098131
364.470905098131
364.470905098131
364.470905098131
364.470905098131
364.470905098131
364.470905098131
364.470905098131
364.470905098131
364.470905098131
364.470905098131
364.470905098131
364.470905098131
364.470905098131
364.470905098131
364.470905098131
364.470905098131
364.470905098131
364.470905098131
364.470905098131
364.470905098131
364.470905098131
364.470905098131
364.470905098131
364.470905098131
364.470905098131
364.470905098131
364.470905098131
364.470905098131
364.470905098131
364.470905098131
364.470905098131
364.470905098131
364.470905098131
364.470905098131
364.470905098131
364.470905098131
364.470905098131
364.470905098131
364.470905098131
364.470905098131
364.470905098131
364.470905098131
364.470905098131
364.470905098131
364.470905098131
364.470905098131
364.470905098131
364.470905098131
364.470905098131
364.470905098131
364.470905098131
364.470905098131
364.470905098131
364.470905098131
364.470905098131
364.470905098131
364.470905098131
364.470905098131
364.470905098131
364.470905098131
364.470905098131
364.470905098131
364.470905098131
364.470905098131
364.470905098131
364.470905098131
364.470905098131
364.470905098131
364.470905098131
364.470905098131
364.470905098131
364.470905098131
364.470905098131
364.470905098131
364.470905098131
364.470905098131
364.470905098131
364.470905098131
364.470905098131
364.470905098131
364.470905098131
364.470905098131
364.470905098131
364.470905098131
364.470905098131
364.470905098131
364.470905098131
364.470905098131
364.470905098131
364.470905098131
364.470905098131
364.470905098131
364.470905098131
364.470905098131
364.470905098131
364.470905098131
364.470905098131
364.470905098131
364.470905098131
364.470905098131
364.470905098131
364.470905098131
364.470905098131
364.470905098131
364.470905098131
364.470905098131
364.470905098131
364.470905098131
364.470905098131
364.470905098131
364.470905098131
364.470905098131
364.470905098131
364.470905098131
364.470905098131
364.470905098131
364.470905098131
364.470905098131
364.470905098131
364.470905098131
364.470905098131
364.470905098131
364.470905098131
364.470905098131
364.470905098131
364.470905098131
364.470905098131
364.470905098131
364.470905098131
364.470905098131
364.470905098131
364.470905098131
364.470905098131
364.470905098131
364.470905098131
364.470905098131
364.470905098131
364.470905098131
364.470905098131
364.470905098131
364.470905098131
364.470905098131
364.470905098131
364.470905098131
364.470905098131
364.470905098131
364.470905098131
364.470905098131
364.470905098131
364.470905098131
364.470905098131
364.470905098131
364.470905098131
364.470905098131
364.470905098131
364.470905098131
364.470905098131
364.470905098131
364.470905098131
364.470905098131
364.470905098131
364.470905098131
364.470905098131
364.470905098131
364.470905098131
364.470905098131
364.470905098131
364.470905098131
364.470905098131
364.470905098131
364.470905098131
364.470905098131
364.470905098131
364.470905098131
364.470905098131
364.470905098131
364.470905098131
364.470905098131
364.470905098131
364.470905098131
364.470905098131
364.470905098131
364.470905098131
364.470905098131
364.470905098131
364.470905098131
364.470905098131
364.470905098131
364.470905098131
364.470905098131
364.470905098131

ave
394.579111009992
380.543730206898
365.560731451711
394.358802941430
379.621321744330
394.578668033119
409.375630988575
395.125727087676
380.856489786972
364.852178877818
380.408065095851
395.302759412788
379.677735731147
394.366065473161
408.739459790345
395.152526401649
379.928802384861
365.314097615772
394.045109324139
379.347115375608
394.040815202947
395.676179066724
409.456445318000
393.851617416596
365.308996088835
379.164604925471
379.325016861026
379.869355425146
394.929725981770
364.678981061105
378.950693582508
365.176245854810
394.019378407959
364.470905098131
364.684816441094
378.940360691767
378.971520002932
364.470905098131
379.020665270193
379.706071826975
364.496229029308
364.470905098131
364.470905098131
365.012371999636
364.485896138566
364.470905098131
364.470905098131
379.677390545614
364.470905098131
364.470905098131
364.470905098131
364.470905098131
364.470905098131
364.470905098131
364.470905098131
364.470905098131
364.470905098131
364.470905098131
379.340739483048
364.470905098131
364.831771129594
364.470905098131
364.470905098131
378.950693582508
364.470905098131
364.641649924428
364.470905098131
364.831771129594
364.470905098131
364.470905098131
364.491731518555
364.470905098131
364.470905098131
364.470905098131
364.470905098131
364.470905098131
364.470905098131
364.470905098131
364.470905098131
364.470905098131
378.940360691767
364.470905098131
364.470905098131
364.470905098131
393.420149176144
364.470905098131
364.470905098131
364.470905098131
364.470905098131
364.470905098131
364.810913510882
364.470905098131
364.470905098131
364.470905098131
378.950693582508
364.485896138566
364.470905098131
364.470905098131
364.470905098131
364.496229029308
364.470905098131
364.810913510882
364.470905098131
379.340739483048
364.470905098131
364.470905098131
364.470905098131
364.470905098131
364.502064409296
379.677390545614
364.470905098131
364.470905098131
364.470905098131
364.470905098131
364.470905098131
364.502064409296
364.470905098131
364.470905098131
364.470905098131
364.470905098131
364.470905098131
379.299462428916
378.935632680080
364.831771129594
378.935632680080
364.470905098131
379.280369104518
364.470905098131
364.470905098131
364.470905098131
364.470905098131
364.470905098131
364.470905098131
364.470905098131
364.496229029308
364.470905098131
364.470905098131
364.470905098131
364.470905098131
364.470905098131
379.340739483048
364.470905098131
364.470905098131
364.470905098131
364.470905098131
364.470905098131
364.470905098131
364.470905098131
364.470905098131
364.470905098131
364.470905098131
364.470905098131
364.470905098131
364.470905098131
364.470905098131
364.470905098131
364.502064409296
364.470905098131
364.470905098131
364.470905098131
364.470905098131
364.470905098131
364.470905098131
364.470905098131
364.470905098131
364.470905098131
364.470905098131
364.470905098131
364.470905098131
379.340739483048
364.485896138566
364.831771129594
364.470905098131
364.470905098131
364.470905098131
364.470905098131
364.684816441094
364.470905098131
364.470905098131
364.470905098131
364.470905098131
364.470905098131
364.470905098131
364.470905098131
378.940360691767
364.470905098131
364.470905098131
364.470905098131
364.470905098131
364.470905098131
364.470905098131
364.470905098131
364.470905098131
379.677390545614
364.470905098131
364.470905098131
364.470905098131
364.470905098131
364.470905098131
364.470905098131