最优解为:324.4331
最优解路径:

Best_route =

     0     0     0     0     0     0     0
     5     4     3     2     1     6     0

本次运算用时:3.033秒
算法在第1代时收敛

best
324.433127383185
324.433127383185
324.433127383185
324.433127383185
324.433127383185
324.433127383185
324.433127383185
324.433127383185
324.433127383185
324.433127383185
324.433127383185
324.433127383185
324.433127383185
324.433127383185
324.433127383185
324.433127383185
324.433127383185
324.433127383185
324.433127383185
324.433127383185
324.433127383185
324.433127383185
324.433127383185
324.433127383185
324.433127383185
324.433127383185
324.433127383185
324.433127383185
324.433127383185
324.433127383185
324.433127383185
324.433127383185
324.433127383185
324.433127383185
324.433127383185
324.433127383185
324.433127383185
324.433127383185
324.433127383185
324.433127383185
324.433127383185
324.433127383185
324.433127383185
324.433127383185
324.433127383185
324.433127383185
324.433127383185
324.433127383185
324.433127383185
324.433127383185
324.433127383185
324.433127383185
324.433127383185
324.433127383185
324.433127383185
324.433127383185
324.433127383185
324.433127383185
324.433127383185
324.433127383185
324.433127383185
324.433127383185
324.433127383185
324.433127383185
324.433127383185
324.433127383185
324.433127383185
324.433127383185
324.433127383185
324.433127383185
324.433127383185
324.433127383185
324.433127383185
324.433127383185
324.433127383185
324.433127383185
324.433127383185
324.433127383185
324.433127383185
324.433127383185
324.433127383185
324.433127383185
324.433127383185
324.433127383185
324.433127383185
324.433127383185
324.433127383185
324.433127383185
324.433127383185
324.433127383185
324.433127383185
324.433127383185
324.433127383185
324.433127383185
324.433127383185
324.433127383185
324.433127383185
324.433127383185
324.433127383185
324.433127383185
324.433127383185
324.433127383185
324.433127383185
324.433127383185
324.433127383185
324.433127383185
324.433127383185
324.433127383185
324.433127383185
324.433127383185
324.433127383185
324.433127383185
324.433127383185
324.433127383185
324.433127383185
324.433127383185
324.433127383185
324.433127383185
324.433127383185
324.433127383185
324.433127383185
324.433127383185
324.433127383185
324.433127383185
324.433127383185
324.433127383185
324.433127383185
324.433127383185
324.433127383185
324.433127383185
324.433127383185
324.433127383185
324.433127383185
324.433127383185
324.433127383185
324.433127383185
324.433127383185
324.433127383185
324.433127383185
324.433127383185
324.433127383185
324.433127383185
324.433127383185
324.433127383185
324.433127383185
324.433127383185
324.433127383185
324.433127383185
324.433127383185
324.433127383185
324.433127383185
324.433127383185
324.433127383185
324.433127383185
324.433127383185
324.433127383185
324.433127383185
324.433127383185
324.433127383185
324.433127383185
324.433127383185
324.433127383185
324.433127383185
324.433127383185
324.433127383185
324.433127383185
324.433127383185
324.433127383185
324.433127383185
324.433127383185
324.433127383185
324.433127383185
324.433127383185
324.433127383185
324.433127383185
324.433127383185
324.433127383185
324.433127383185
324.433127383185
324.433127383185
324.433127383185
324.433127383185
324.433127383185
324.433127383185
324.433127383185
324.433127383185
324.433127383185
324.433127383185
324.433127383185
324.433127383185
324.433127383185
324.433127383185
324.433127383185
324.433127383185
324.433127383185
324.433127383185
324.433127383185
324.433127383185
324.433127383185
324.433127383185

ave
328.100027096477
372.595452811339
327.421207234667
327.176575373155
342.364665954678
328.016558559645
341.860000565489
326.784681563746
342.073193783942
326.464548638361
326.628300911781
327.007100220208
325.961640049224
326.561561554138
341.361973825685
339.539011395591
325.325342573185
326.596548726946
356.395160254882
339.939908358696
324.864028767907
339.625900862070
340.307482903067
325.019130898833
324.615707695315
339.502036761844
339.600576930893
324.968552898473
339.502036761844
340.155721498303
324.458381452368
324.590313902145
339.075815867562
339.443390411933
324.798459727112
339.060754965133
324.433127383185
354.027283591531
324.458451314361
324.443390411933
324.433127383185
324.443390411933
324.448118423619
324.433127383185
324.443390411933
324.433127383185
324.433127383185
324.448118423619
324.433127383185
324.443390411933
324.433127383185
324.433127383185
324.443390411933
324.968552898473
324.458451314361
324.433127383185
324.941859899773
324.433127383185
324.433127383185
324.433127383185
324.947695279761
339.433127383185
324.458451314361
324.941859899773
324.433127383185
324.433127383185
324.433127383185
324.433127383185
324.458451314361
324.433127383185
324.968552898473
324.433127383185
324.968552898473
324.433127383185
324.433127383185
324.443390411933
324.458381452368
324.433127383185
324.458451314361
324.433127383185
324.433127383185
324.433127383185
324.433127383185
324.433127383185
324.433127383185
324.433127383185
339.075815867562
324.433127383185
324.433127383185
324.433127383185
354.119401315045
324.433127383185
324.433127383185
324.433127383185
324.433127383185
324.433127383185
324.433127383185
324.433127383185
324.433127383185
324.433127383185
324.433127383185
324.433127383185
324.968552898473
324.433127383185
324.433127383185
324.433127383185
324.458451314361
324.433127383185
324.433127383185
324.433127383185
324.433127383185
324.433127383185
324.595041913832
324.590383764139
324.947695279761
324.433127383185
324.575322861710
324.433127383185
324.448118423620
324.433127383185
324.433127383185
324.433127383185
324.433127383185
324.433127383185
324.433127383185
324.433127383185
324.433127383185
324.443390411933
324.433127383185
324.433127383185
324.433127383185
324.433127383185
324.433127383185
324.433127383185
324.433127383185
324.433127383185
324.433127383185
324.433127383185
324.433127383185
324.433127383185
324.433127383185
324.433127383185
324.947695279761
324.433127383185
324.433127383185
324.448118423620
324.433127383185
324.433127383185
339.060754965133
324.433127383185
324.433127383185
324.433127383185
324.433127383185
324.433127383185
324.433127383185
324.448118423620
339.476712830667
324.433127383185
324.433127383185
324.433127383185
324.448118423619
324.433127383185
324.433127383185
324.433127383185
324.433127383185
324.941859899773
339.065482976820
324.433127383185
339.433127383185
324.433127383185
324.433127383185
324.433127383185
324.433127383185
324.433127383185
324.433127383185
324.458451314361
324.433127383185
324.433127383185
339.433127383185
324.433127383185
324.433127383185
324.433127383185
324.433127383185
324.433127383185
324.433127383185
324.433127383185
324.433127383185
324.433127383185
324.433127383185
324.448118423620
324.433127383185
324.433127383185
324.433127383185
324.433127383185
324.433127383185
324.433127383185
324.433127383185
324.433127383185
324.968552898473
324.433127383185