最优解为:3357.7179
最优解路径:

Best_route =

  1 至 24 列

    27    28    37    43    44    51    52    55    56     0     0     0     0     0     0     0     0     0     0     0     0     0     0     0
    33    45    39    40    15    35     3     4    59    60    16     0     0     0     0     0     0     0     0     0     0     0     0     0
    53    19    23     2    14    11    12     0     0     0     0     0     0     0     0     0     0     0     0     0     0     0     0     0
    47    17    13    54    48    38     0     0     0     0     0     0     0     0     0     0     0     0     0     0     0     0     0     0
    34    25    26    20    57    58    36     5     6     0     0     0     0     0     0     0     0     0     0     0     0     0     0     0
     0     0     0     0     0     0     0     0     0     0     0     0     0     0     0     0     0     0     0     0     0     0     0     0
    21    22    31    32    49    50     7     8    41    42     0     0     0     0     0     0     0     0     0     0     0     0     0     0
     1    46     9    10    18    29    30    24     0     0     0     0     0     0     0     0     0     0     0     0     0     0     0     0
     0     0     0     0     0     0     0     0     0     0     0     0     0     0     0     0     0     0     0     0     0     0     0     0

  25 至 48 列

     0     0     0     0     0     0     0     0     0     0     0     0     0     0     0     0     0     0     0     0     0     0     0     0
     0     0     0     0     0     0     0     0     0     0     0     0     0     0     0     0     0     0     0     0     0     0     0     0
     0     0     0     0     0     0     0     0     0     0     0     0     0     0     0     0     0     0     0     0     0     0     0     0
     0     0     0     0     0     0     0     0     0     0     0     0     0     0     0     0     0     0     0     0     0     0     0     0
     0     0     0     0     0     0     0     0     0     0     0     0     0     0     0     0     0     0     0     0     0     0     0     0
     0     0     0     0     0     0     0     0     0     0     0     0     0     0     0     0     0     0     0     0     0     0     0     0
     0     0     0     0     0     0     0     0     0     0     0     0     0     0     0     0     0     0     0     0     0     0     0     0
     0     0     0     0     0     0     0     0     0     0     0     0     0     0     0     0     0     0     0     0     0     0     0     0
     0     0     0     0     0     0     0     0     0     0     0     0     0     0     0     0     0     0     0     0     0     0     0     0

  49 至 61 列

     0     0     0     0     0     0     0     0     0     0     0     0     0
     0     0     0     0     0     0     0     0     0     0     0     0     0
     0     0     0     0     0     0     0     0     0     0     0     0     0
     0     0     0     0     0     0     0     0     0     0     0     0     0
     0     0     0     0     0     0     0     0     0     0     0     0     0
     0     0     0     0     0     0     0     0     0     0     0     0     0
     0     0     0     0     0     0     0     0     0     0     0     0     0
     0     0     0     0     0     0     0     0     0     0     0     0     0
     0     0     0     0     0     0     0     0     0     0     0     0     0

本次运算用时:421.637秒
算法在第474代时收敛

best
3892.28307327142
3892.28307327142
3892.28307327142
3892.28307327142
3892.28307327142
3892.28307327142
3892.28307327142
3870.35469797564
3870.35469797564
3542.79789330383
3542.79789330383
3542.79789330383
3542.79789330383
3542.79789330383
3542.79789330383
3542.79789330383
3542.79789330383
3542.79789330383
3542.79789330383
3542.79789330383
3542.79789330383
3485.21087066302
3485.21087066302
3485.21087066302
3485.21087066302
3485.21087066302
3485.21087066302
3485.21087066302
3485.21087066302
3485.21087066302
3485.21087066302
3485.21087066302
3485.21087066302
3485.21087066302
3485.21087066302
3485.21087066302
3485.21087066302
3485.21087066302
3485.21087066302
3485.21087066302
3485.21087066302
3485.21087066302
3485.21087066302
3485.21087066302
3485.21087066302
3472.04158596218
3472.04158596218
3472.04158596218
3472.04158596218
3472.04158596218
3472.04158596218
3472.04158596218
3472.04158596218
3472.04158596218
3472.04158596218
3472.04158596218
3472.04158596218
3472.04158596218
3472.04158596218
3472.04158596218
3472.04158596218
3472.04158596218
3472.04158596218
3472.04158596218
3472.04158596218
3472.04158596218
3472.04158596218
3472.04158596218
3472.04158596218
3472.04158596218
3472.04158596218
3472.04158596218
3472.04158596218
3472.04158596218
3472.04158596218
3472.04158596218
3472.04158596218
3472.04158596218
3472.04158596218
3472.04158596218
3472.04158596218
3472.04158596218
3472.04158596218
3472.04158596218
3472.04158596218
3472.04158596218
3472.04158596218
3472.04158596218
3472.04158596218
3472.04158596218
3472.04158596218
3472.04158596218
3472.04158596218
3472.04158596218
3472.04158596218
3472.04158596218
3472.04158596218
3472.04158596218
3472.04158596218
3472.04158596218
3472.04158596218
3472.04158596218
3472.04158596218
3472.04158596218
3472.04158596218
3472.04158596218
3472.04158596218
3472.04158596218
3472.04158596218
3472.04158596218
3472.04158596218
3472.04158596218
3472.04158596218
3472.04158596218
3472.04158596218
3472.04158596218
3472.04158596218
3472.04158596218
3472.04158596218
3472.04158596218
3472.04158596218
3472.04158596218
3472.04158596218
3472.04158596218
3472.04158596218
3472.04158596218
3472.04158596218
3472.04158596218
3472.04158596218
3472.04158596218
3472.04158596218
3472.04158596218
3472.04158596218
3472.04158596218
3470.02072172111
3470.02072172111
3470.02072172111
3470.02072172111
3470.02072172111
3470.02072172111
3470.02072172111
3470.02072172111
3470.02072172111
3470.02072172111
3459.02257084449
3459.02257084449
3459.02257084449
3459.02257084449
3459.02257084449
3459.02257084449
3459.02257084449
3459.02257084449
3459.02257084449
3459.02257084449
3459.02257084449
3459.02257084449
3459.02257084449
3455.71119065057
3455.71119065057
3449.00077411601
3449.00077411601
3449.00077411601
3449.00077411601
3449.00077411601
3449.00077411601
3449.00077411601
3449.00077411601
3449.00077411601
3449.00077411601
3449.00077411601
3449.00077411601
3449.00077411601
3449.00077411601
3449.00077411601
3449.00077411601
3449.00077411601
3449.00077411601
3449.00077411601
3449.00077411601
3449.00077411601
3449.00077411601
3417.40735194978
3417.40735194978
3417.40735194978
3417.40735194978
3400.03775470045
3400.03775470045
3400.03775470045
3400.03775470045
3400.03775470045
3393.58329910201
3393.58329910201
3393.58329910201
3393.58329910201
3393.58329910201
3393.58329910201
3393.58329910201
3393.58329910201
3393.58329910201
3393.58329910201
3386.62064711754
3386.62064711754
3386.62064711754
3386.62064711754
3386.62064711754
3386.62064711754
3386.62064711754
3386.62064711754
3386.62064711754
3386.62064711754
3386.62064711754
3386.62064711754
3386.62064711754
3386.62064711754
3386.62064711754
3386.62064711754
3386.62064711754
3386.62064711754
3386.62064711754
3386.62064711754
3386.62064711754
3386.62064711754
3386.62064711754
3386.62064711754
3386.62064711754
3386.62064711754
3386.62064711754
3386.62064711754
3386.62064711754
3386.62064711754
3386.62064711754
3386.62064711754
3386.62064711754
3386.62064711754
3386.62064711754
3386.62064711754
3386.62064711754
3386.62064711754
3386.62064711754
3386.62064711754
3386.62064711754
3386.62064711754
3386.62064711754
3386.62064711754
3386.62064711754
3386.62064711754
3386.62064711754
3386.62064711754
3386.62064711754
3386.62064711754
3386.62064711754
3386.62064711754
3386.62064711754
3386.62064711754
3386.62064711754
3386.62064711754
3386.62064711754
3386.62064711754
3386.62064711754
3386.62064711754
3386.62064711754
3386.62064711754
3386.62064711754
3386.62064711754
3386.62064711754
3386.62064711754
3386.62064711754
3386.62064711754
3385.38041436924
3385.38041436924
3385.38041436924
3385.38041436924
3385.38041436924
3385.38041436924
3385.38041436924
3385.38041436924
3385.38041436924
3385.38041436924
3385.38041436924
3385.38041436924
3385.38041436924
3385.38041436924
3385.38041436924
3385.38041436924
3385.38041436924
3385.38041436924
3385.38041436924
3385.38041436924
3385.38041436924
3385.38041436924
3385.38041436924
3385.38041436924
3385.38041436924
3385.38041436924
3385.38041436924
3385.38041436924
3373.32275844843
3373.32275844843
3373.32275844843
3373.32275844843
3373.32275844843
3373.32275844843
3373.32275844843
3373.32275844843
3373.32275844843
3373.32275844843
3373.32275844843
3373.32275844843
3373.32275844843
3373.32275844843
3373.32275844843
3373.32275844843
3373.32275844843
3370.74934315331
3370.74934315331
3370.74934315331
3370.74934315331
3370.74934315331
3370.74934315331
3370.74934315331
3370.74934315331
3370.74934315331
3370.74934315331
3370.74934315331
3370.74934315331
3370.74934315331
3370.74934315331
3370.74934315331
3370.74934315331
3370.74934315331
3370.74934315331
3370.74934315331
3370.74934315331
3364.80986240422
3364.80986240422
3364.80986240422
3364.80986240422
3364.80986240422
3364.80986240422
3364.80986240422
3364.80986240422
3364.80986240422
3364.80986240422
3364.80986240422
3364.80986240422
3364.80986240422
3364.80986240422
3364.60763109858
3364.60763109858
3364.60763109858
3364.60763109858
3364.60763109858
3364.60763109858
3364.60763109858
3364.60763109858
3364.60763109858
3364.60763109858
3364.60763109858
3364.60763109858
3364.60763109858
3364.60763109858
3364.60763109858
3364.60763109858
3364.60763109858
3364.60763109858
3364.60763109858
3364.60763109858
3364.60763109858
3364.60763109858
3364.60763109858
3364.60763109858
3364.60763109858
3364.60763109858
3362.44778975407
3362.44778975407
3362.44778975407
3362.44778975407
3362.44778975407
3362.44778975407
3362.44778975407
3362.44778975407
3362.39981084340
3362.39981084340
3362.39981084340
3362.39981084340
3362.39981084340
3362.39981084340
3362.39981084340
3362.39981084340
3362.39981084340
3362.39981084340
3362.39981084340
3362.39981084340
3362.39981084340
3362.39981084340
3362.39981084340
3362.39981084340
3362.39981084340
3362.39981084340
3362.39981084340
3362.39981084340
3362.39981084340
3362.39981084340
3362.39981084340
3362.39981084340
3362.39981084340
3362.39981084340
3362.39981084340
3362.39981084340
3362.39981084340
3362.39981084340
3362.39981084340
3362.39981084340
3362.39981084340
3362.39981084340
3362.39981084340
3362.39981084340
3362.39981084340
3362.39981084340
3362.39981084340
3362.39981084340
3362.39981084340
3362.39981084340
3362.39981084340
3362.39981084340
3362.39981084340
3362.39981084340
3362.39981084340
3362.39981084340
3362.39981084340
3362.39981084340
3362.39981084340
3362.39981084340
3362.39981084340
3362.39981084340
3362.39981084340
3362.39981084340
3362.39981084340
3362.39981084340
3362.39981084340
3362.39981084340
3362.39981084340
3362.39981084340
3362.39981084340
3362.39981084340
3362.39981084340
3362.39981084340
3362.39981084340
3362.39981084340
3362.39981084340
3362.39981084340
3362.39981084340
3362.39981084340
3362.39981084340
3362.39981084340
3362.39981084340
3362.39981084340
3362.39981084340
3362.39981084340
3362.39981084340
3362.39981084340
3362.39981084340
3362.39981084340
3362.39981084340
3362.39981084340
3362.39981084340
3362.39981084340
3362.39981084340
3362.39981084340
3362.39981084340
3362.39981084340
3362.39981084340
3362.39981084340
3357.71791190104
3357.71791190104
3357.71791190104
3357.71791190104
3357.71791190104
3357.71791190104
3357.71791190104
3357.71791190104
3357.71791190104
3357.71791190104
3357.71791190104
3357.71791190104
3357.71791190104
3357.71791190104
3357.71791190104
3357.71791190104
3357.71791190104
3357.71791190104
3357.71791190104
3357.71791190104
3357.71791190104
3357.71791190104
3357.71791190104
3357.71791190104
3357.71791190104
3357.71791190104
3357.71791190104

ave
5179.59893593769
5199.39270490013
5221.97453111622
5251.16647607713
5209.88450270504
5039.39412011773
5311.64641286905
5372.26338743204
5422.61078173953
5059.35466867247
5504.77939036582
5414.27137388119
5134.46615366901
5081.68476261015
5084.31559856600
5289.50498352037
5488.73181749116
5536.69508459943
5037.09537291316
5255.91329352935
5500.22356309594
5215.33090999267
5131.42237807369
5304.37365669091
5192.74486873205
5181.56867334853
5368.69879973092
5138.75993382184
5029.53576985136
5104.06468195305
5041.81372237061
5207.82684315136
5079.60619001273
5134.42580417903
5040.66655446919
5093.58416305648
5096.26207635561
5075.44777322853
4877.51964195013
4831.69954673281
4986.59416598254
4853.32103188019
4780.66680579866
5059.17921384824
4916.56551607247
4883.06068055549
4653.72706797136
4974.92773830878
4865.12461023431
5063.97605900348
4977.73210601444
4976.84185165430
4822.41597309117
4820.08673967628
4655.66625013915
4883.50038207006
4780.21453099188
4741.14172527879
4656.91459363515
4552.33237887356
5055.86492502526
4772.51143090861
4944.55384384789
5057.96326500151
4730.78660047363
4775.99722711827
4790.75760947164
4777.02133564314
4833.15926714501
4623.04001219618
4667.15487830519
4639.25659006817
4759.50671753422
4762.83329699412
4557.54576807475
4398.13862929640
4867.84147105283
4733.12691235208
4642.82917706818
4698.33582891117
4826.07322883142
4764.47472686703
4488.12123485407
4652.37738735909
4741.72646082701
4622.48164209222
4715.98161850337
4824.27096301461
4670.45300027595
4436.87942439614
4827.91658389554
4681.77481438093
4739.83574887146
4371.71699908426
4577.81101360079
4658.66210684440
4594.75730694205
4599.24568225032
4743.15463527770
4778.65755782599
4407.28861272222
4780.36305041894
4466.82858262527
4847.43846679703
4660.82290022306
4544.94587396117
4473.62511677669
4565.73970580354
4677.00485219791
4213.18417015894
4565.81484052915
4712.63642826561
4693.51991980117
4814.64802877789
4696.63631229344
4771.47760626981
4680.92712473757
5037.79086668477
5033.04576659385
4858.54623348455
4573.84757132424
4448.32690930712
4695.43865084178
4667.08930733748
4952.78950374835
4752.25475244888
4632.06952043718
4741.92077147099
4631.46428357886
4900.37840164108
4614.33997483566
4764.64176386152
4598.09259516538
4915.87731393703
4791.24779463396
4610.55065259712
4681.90257033873
4751.68189246978
4570.09200237855
4551.01759786832
4472.30980839680
4788.70348194980
4447.65381695623
5028.23048238271
4568.61884635059
4357.46038899972
4550.91182066362
4544.02129627524
4380.96946207992
4782.05178806473
4852.50128615992
4411.06631393460
4627.75973562882
4426.88513376105
4607.62201242514
4670.34566102879
4556.17355486472
4416.91115536448
4562.42989897026
4353.07773144801
4437.86103519114
4485.28763847719
4835.45842348648
4543.12970212174
4619.67642380417
4592.70608012037
4321.36951846861
4441.06065055321
4303.33255805440
3945.93768909820
4221.11637628536
4651.15541668665
4586.97420944484
4340.79065253500
4355.68545967654
4453.57185954265
4155.57616780276
4445.61176080538
4469.96078376321
4697.37017998032
4539.96309761962
4312.44008231729
4543.62315378873
4945.73031314059
4404.12498401827
4389.92733505084
4573.38109355672
4395.07019732441
4419.31832142071
4440.17271730370
4260.41632252300
4074.71237999879
4496.70231340506
4354.38857430398
4638.94512159367
4138.52309201601
4181.06093895394
4576.39279942322
4304.30663337134
4509.85935672192
4401.10668788117
4764.44755858616
4831.92127985614
4824.81514247434
4520.45498846634
4302.42487396033
4207.94609127331
4598.98441155682
4436.94720623394
4368.84464383941
4550.21717595094
4831.62842140393
4277.46287079508
4058.46296068425
4258.72751886531
4473.27329465841
3957.81938892592
3949.25760641050
4454.36453783495
4387.51304530770
4249.83619110632
4477.14884305564
4505.01678758218
4363.56296452689
4479.20556659523
4210.04692579127
4858.44424925710
4477.44247516117
4540.07725455092
4413.67555739387
4432.91614824010
4235.46267734405
4308.07537637016
4085.71763245001
4392.05035488104
4345.06805512455
4491.57114819181
4121.45655365517
4557.45838812962
4558.17239604035
4343.12937240115
4702.92229992694
4561.12201118136
4294.93634344782
4221.33043905751
4349.63620961975
4543.57351038418
4358.53980262009
4337.87009270430
4339.98566544244
4284.34343135788
4091.33526965246
4716.31437436597
4007.15657923141
4395.72569994904
4330.32004843851
4268.11360861536
4640.85510937901
4426.48856587451
4731.47670327048
4282.67337697137
4252.04730457916
4083.26792349464
4516.46886565319
4635.78430697948
4897.53693074722
4563.05340148227
4409.08813110300
4417.90859503640
4830.65696969918
4580.24945078430
4334.69594592485
4635.73613857851
4600.47175440516
4595.74189644384
4390.23642505394
4407.18882235479
4085.53415290411
4330.20690301351
4510.16153767891
4233.25797493437
4313.02244286533
4308.13783092167
4228.65112879055
4113.97751603547
4555.93499954767
4251.10487358557
4818.27137377138
4178.58370172438
4304.79510721076
4270.62680747427
4142.99863497820
4273.13461298251
4348.19857460192
4108.42786073194
4384.05913916143
4442.02394088023
3918.76986823137
4347.04968270119
4070.66195467875
4166.02694286451
4303.45730225276
3978.78177295632
4433.68917193118
4254.80883116854
3788.85819590415
4268.03638055252
3928.70492499723
3908.99068968090
4126.21186655474
4184.34218715912
4091.81012870214
4320.94948950650
4147.05066852997
4271.13267780188
4301.73889000288
4391.80988421809
4348.24454465985
4127.23940857480
4316.07753323607
4124.99761023567
4435.55625213736
4261.64893982396
4312.79181786255
4128.50482274156
4388.08240643916
3904.76555987476
4338.19196067770
4115.93659229537
4259.43749058370
3991.97736139759
3949.46566452370
3961.11391531269
4239.60625892265
4239.91791705573
4148.24768653801
4243.26015691602
4123.26117222443
4164.55594663199
4269.82934083627
4030.56168283706
4207.57835598085
4228.60115886903
4196.87115898967
4418.90412424472
4326.04877687500
4230.27515579016
4368.97112417714
3962.83018123541
4175.76664165546
3858.94505223411
4484.41275442839
4402.32818980437
4430.10108312417
4244.85688609542
4117.03452703381
4215.10965978611
3875.36057250044
4260.88874218613
4355.03502729981
3907.04766927593
4247.86114153497
4315.46638591655
4414.79228581839
4590.95081362281
4327.80712164380
4441.20163749170
4319.35381561182
4351.94283072068
4199.99441948772
4417.19296629538
4507.81923593911
4444.81668016254
4245.01506574043
4110.99224190278
4231.11063878609
4553.72448047109
4376.92496173927
4202.64330683932
4041.48347701417
4186.72953184776
4074.19722594524
4540.07340703852
4223.38919819827
4550.02039873435
3990.13723521280
4036.96914159298
4339.91112856311
4132.76328064523
4415.32939086814
4153.30275771881
4279.71534445170
4224.43129570139
4215.06581864577
4086.14471816295
4348.52168820979
4403.75136593264
4205.15725074163
4476.31754852223
4480.50113096851
4268.59189219892
4077.25788392673
4290.04763345187
4373.23273071543
4333.07342444098
4686.89013510358
4373.57132190322
4485.69346412334
4370.35866136142
4480.67641079869
4345.98048691260
4053.13327632804
4145.65841751924
4134.09015321232
4763.82690040709
4387.46680827140
4322.83825713268
4414.83414257058
3880.44563420026
4336.13168398523
4153.06039191996
4228.84229452966
4165.43002442021
4412.13128314855
4596.97410590120
3999.89309604540
4235.47338771474
4475.18667607975
4661.14649238847
4367.44988060450
3848.18370004189
4508.83801959081
4474.65119993039
4024.76639846081
4443.44174423140
4271.61760557264
4161.26274916012
4252.53018793431
4159.66141061006
4476.01050410379
4286.82132151161
4006.41494398620
4032.09682204014
3930.16916594721
4557.36098127573
4444.01359294632
4403.72948728874
4376.44989733132
4514.37317033120
4251.37103322178
4546.81583323467
3921.80088288596
4399.06426795848
4092.69383544435
4425.54066088378
4011.86285216282
4172.80826697899
4207.60462539353
4204.53553599096
4320.76625725774
3996.77782966053
3984.16316799297
4503.36305310937
4198.14992581870
4264.66693285084
4334.65145887745
4286.48019447006
4305.32712814929
4177.19859755536
4149.73805636291
4317.98769542681
4455.37653306713
4273.83912829179
3934.96361586019
4218.87171432363
3945.73298898003
3722.40324005338
4450.17181340081
4069.14129454763
4335.74788417141
4254.14607587001
4114.72611236031
3991.51272394837
4283.80036796087
4153.03848733094
4290.11443982242
4155.83200090732
4035.14404972285
3926.15333415075
4016.03444023903
4013.89320374614
4181.45160923103
4420.07643106257
4149.97561833515
4222.87714750878
4357.59466547534
3896.79910340694
3869.18603626540
4217.81666464078
3954.37733425654