最优解为:309.0449
最优解路径:

Best_route =

     4     1     3     2     0
     0     0     0     0     0

本次运算用时:1.108秒
算法在第1代时收敛

best
309.044892652703
309.044892652703
309.044892652703
309.044892652703
309.044892652703
309.044892652703
309.044892652703
309.044892652703
309.044892652703
309.044892652703
309.044892652703
309.044892652703
309.044892652703
309.044892652703
309.044892652703
309.044892652703
309.044892652703
309.044892652703
309.044892652703
309.044892652703
309.044892652703
309.044892652703
309.044892652703
309.044892652703
309.044892652703
309.044892652703
309.044892652703
309.044892652703
309.044892652703
309.044892652703
309.044892652703
309.044892652703
309.044892652703
309.044892652703
309.044892652703
309.044892652703
309.044892652703
309.044892652703
309.044892652703
309.044892652703
309.044892652703
309.044892652703
309.044892652703
309.044892652703
309.044892652703
309.044892652703
309.044892652703
309.044892652703
309.044892652703
309.044892652703
309.044892652703
309.044892652703
309.044892652703
309.044892652703
309.044892652703
309.044892652703
309.044892652703
309.044892652703
309.044892652703
309.044892652703
309.044892652703
309.044892652703
309.044892652703
309.044892652703
309.044892652703
309.044892652703
309.044892652703
309.044892652703
309.044892652703
309.044892652703
309.044892652703
309.044892652703
309.044892652703
309.044892652703
309.044892652703
309.044892652703
309.044892652703
309.044892652703
309.044892652703
309.044892652703
309.044892652703
309.044892652703
309.044892652703
309.044892652703
309.044892652703
309.044892652703
309.044892652703
309.044892652703
309.044892652703
309.044892652703
309.044892652703
309.044892652703
309.044892652703
309.044892652703
309.044892652703
309.044892652703
309.044892652703
309.044892652703
309.044892652703
309.044892652703

ave
313.059921304834
312.415413248661
312.066559686251
323.977473007436
311.153221860707
311.807376999085
310.377231953992
311.654179704457
311.788202446152
335.630540061228
311.156535079077
311.051723203921
322.980241521036
322.710123369176
310.521591530888
310.257862492542
311.322214993153
309.676992313844
309.745098688630
310.077532731256
321.459063952529
309.263311990797
309.195205616012
309.475449868092
321.150726925690
309.150726925690
309.044892652703
309.307790681119
321.051174113503
321.732461718538
309.195205616012
321.044423321381
320.826003983287
321.513082072343
309.044892652703
309.044892652703
309.263311990798
309.044892652703
309.044892652703
309.044892652703
309.044892652703
321.271023091020
309.044892652703
309.044892652703
320.931838256273
309.044892652703
309.044892652703
309.044892652703
309.044892652703
321.044892652703
321.044892652703
309.044892652703
309.044892652703
309.044892652703
309.044892652703
309.044892652703
309.044892652703
309.044892652703
309.044892652703
309.150726925690
309.044892652703
309.044892652703
309.044892652703
309.044892652703
309.044892652703
309.044892652703
309.044892652703
309.044892652703
309.044892652703
309.044892652703
309.044892652703
309.044892652703
309.044892652703
309.044892652703
309.044892652703
309.044892652703
321.044892652703
309.044892652703
321.158438025913
309.044892652703
309.044892652703
309.044892652703
309.044892652703
309.044892652703
309.044892652703
321.044892652703
309.044892652703
309.044892652703
309.044892652703
309.044892652703
309.044892652703
309.044892652703
309.044892652703
309.044892652703
309.044892652703
309.044892652703
309.044892652703
309.044892652703
309.044892652703
309.044892652703