最优解为:847.4272
最优解路径:

Best_route =

     5     9    10     7    11    12     3     4     0     0     0     0     0
     1     6     2     8     0     0     0     0     0     0     0     0     0

本次运算用时:7.436秒
算法在第1代时收敛

best
847.427196098444
847.427196098444
847.427196098444
847.427196098444
847.427196098444
847.427196098444
847.427196098444
847.427196098444
847.427196098444
847.427196098444
847.427196098444
847.427196098444
847.427196098444
847.427196098444
847.427196098444
847.427196098444
847.427196098444
847.427196098444
847.427196098444
847.427196098444
847.427196098444
847.427196098444
847.427196098444
847.427196098444
847.427196098444
847.427196098444
847.427196098444
847.427196098444
847.427196098444
847.427196098444
847.427196098444
847.427196098444
847.427196098444
847.427196098444
847.427196098444
847.427196098444
847.427196098444
847.427196098444
847.427196098444
847.427196098444
847.427196098444
847.427196098444
847.427196098444
847.427196098444
847.427196098444
847.427196098444
847.427196098444
847.427196098444
847.427196098444
847.427196098444
847.427196098444
847.427196098444
847.427196098444
847.427196098444
847.427196098444
847.427196098444
847.427196098444
847.427196098444
847.427196098444
847.427196098444
847.427196098444
847.427196098444
847.427196098444
847.427196098444
847.427196098444
847.427196098444
847.427196098444
847.427196098444
847.427196098444
847.427196098444
847.427196098444
847.427196098444
847.427196098444
847.427196098444
847.427196098444
847.427196098444
847.427196098444
847.427196098444
847.427196098444
847.427196098444
847.427196098444
847.427196098444
847.427196098444
847.427196098444
847.427196098444
847.427196098444
847.427196098444
847.427196098444
847.427196098444
847.427196098444
847.427196098444
847.427196098444
847.427196098444
847.427196098444
847.427196098444
847.427196098444
847.427196098444
847.427196098444
847.427196098444
847.427196098444
847.427196098444
847.427196098444
847.427196098444
847.427196098444

ave
847.427196098444
847.427196098444
847.427196098444
847.427196098444
847.427196098444
847.427196098444
847.427196098444
847.427196098444
847.427196098444
847.427196098444
847.427196098444
847.427196098444
847.427196098444
847.427196098444
847.427196098444
847.427196098444
847.427196098444
847.427196098444
847.427196098444
847.427196098444
847.427196098444
847.427196098444
847.427196098444
847.427196098444
847.427196098444
847.427196098444
847.427196098444
847.427196098444
847.427196098444
847.427196098444
847.427196098444
847.427196098444
847.427196098444
847.427196098444
847.427196098444
847.427196098444
847.427196098444
847.427196098444
847.427196098444
847.427196098444
847.427196098444
847.427196098444
847.427196098444
847.427196098444
847.427196098444
847.427196098444
847.427196098444
847.427196098444
847.427196098444
847.427196098444
847.427196098444
847.427196098444
847.427196098444
847.427196098444
847.427196098444
847.427196098444
847.427196098444
847.427196098444
847.427196098444
847.427196098444
847.427196098444
847.427196098444
847.427196098444
847.427196098444
847.427196098444
847.427196098444
847.427196098444
847.427196098444
847.427196098444
847.427196098444
847.427196098444
847.427196098444
847.427196098444
847.427196098444
847.427196098444
847.427196098444
847.427196098444
847.427196098444
847.427196098444
847.427196098444
847.427196098444
847.427196098444
847.427196098444
847.427196098444
847.427196098444
847.427196098444
847.427196098444
847.427196098444
847.427196098444
847.427196098444
847.427196098444
847.427196098444
847.427196098444
847.427196098444
847.427196098444
847.427196098444
847.427196098444
847.427196098444
847.427196098444
847.427196098444
847.427196098444
847.427196098444
847.427196098444
847.427196098444