实验环境：
VeiNum = 2
Q_ant =130（空重箱分开时，70）
AntNum = 25 
iter_max = 200

cus：
40	50
40	50
40	50
25	35
35	66
95	30
50	35
2	40
95	35

task：
3	4	3	0	1
4	2	4	1	0
2	5	1	0	1
5	3	2	3	0
2	6	1	0	1
6	3	2	5	0
3	7	3	0	1
7	2	4	7	0
2	8	1	0	1
8	3	2	9	0
2	9	1	0	1
9	3	2	11	0
抽取的客户节点编号为

Cus_select =

    52    10    70    62    37    71

各任务对应的的客户节点编号为

Task_Cus =

    52    10    70    62    37    71


Task_size: 12

vNum:2

Tasktime:
0
0.166666666666667
1.19699675255658
1.08574303202267
0.166666666666667
2.12975415550662
0.166666666666667
0.166666666666667
1.11736057609967
1.64901080188609
0.166666666666667
2.09188594804059
0.166666666666667

Linktime:
0	1.03033008588991	0.530330085889911	0	0.419076365356005	0	1.46308748883995	0.950693909432999	0.450693909432999	0	0.982344135219425	0	1.42521928137392
0.530330085889911	1.72732683844649	0	0.696996752556577	0.814324873745117	0.696996752556577	1.75445860595228	1.64769066198958	0.625000000000000	0.696996752556577	0.588430114796991	0.696996752556577	1.75000000000000
0	1.03033008588991	0.696996752556577	0	0.585743032022672	0	1.62975415550662	0.950693909432999	0.617360576099665	0	1.14901080188609	0	1.59188594804059
0.419076365356005	1.61607311791258	0.814324873745117	0.585743032022672	0	0.585743032022672	69.9714227381436	1.53643694145567	0.860958767886128	0.585743032022672	42.0119030752000	0.585743032022672	67.5351760196122
0.919076365356005	0.814324873745117	1.61607311791258	0.919076365356005	1.50481939737868	0.919076365356005	2.54883052086263	0.860958767886128	1.53643694145567	0.919076365356005	2.06808716724210	0.919076365356005	2.51096231339659
1.46308748883995	2.66008424139653	1.75445860595228	1.62975415550662	69.9714227381436	1.62975415550662	0	2.58044806493962	1.13192314226718	1.62975415550662	93.5360892917809	1.62975415550662	5
1.96308748883995	1.75445860595228	2.66008424139653	1.96308748883995	2.54883052086263	1.96308748883995	3.59284164434657	1.13192314226718	2.58044806493962	1.96308748883995	3.11209829072604	1.96308748883995	3.55497343688054
0.450693909432999	1.64769066198958	0.625000000000000	0.617360576099665	0.860958767886128	0.617360576099665	1.13192314226718	1.56805448553266	0	0.617360576099665	1.20649285120137	0.617360576099665	1.12500000000000
0	1.03033008588991	0.696996752556577	0	0.585743032022672	0	1.62975415550662	0.950693909432999	0.617360576099665	0	1.14901080188609	0	1.59188594804059
0.982344135219425	2.17934088777600	0.588430114796991	1.14901080188609	42.0119030752000	1.14901080188609	93.5360892917809	2.09970471131909	1.20649285120137	1.14901080188609	0	1.14901080188609	93.1343116150004
1.48234413521942	0.588430114796991	2.17934088777600	1.48234413521942	2.06808716724210	1.48234413521942	3.11209829072604	1.20649285120137	2.09970471131909	1.48234413521942	2.63135493710552	1.48234413521942	3.07423008326001
1.42521928137392	2.62221603393050	1.75000000000000	1.59188594804059	67.5351760196122	1.59188594804059	5	2.54257985747359	1.12500000000000	1.59188594804059	93.1343116150004	1.59188594804059	0
1.92521928137392	1.75000000000000	2.62221603393050	1.92521928137392	2.51096231339659	1.92521928137392	3.55497343688054	1.12500000000000	2.54257985747359	1.92521928137392	3.07423008326001	1.92521928137392	3.51710522941451

linktime（task1）
0	0.530330085889911	0	0	0.450693909432999	0	0
0	0.696996752556577	0	0	0.617360576099665	0	0
0.419076365356005	0.814324873745117	0.585743032022672	0.585743032022672	0.860958767886128	0.585743032022672	0.585743032022672
1.46308748883995	1.75445860595228	1.62975415550662	1.62975415550662	1.13192314226718	1.62975415550662	1.62975415550662
0	0.696996752556577	0	0	0.617360576099665	0	0
0.982344135219425	0.588430114796991	1.14901080188609	1.14901080188609	1.20649285120137	1.14901080188609	1.14901080188609
1.42521928137392	1.75000000000000	1.59188594804059	1.59188594804059	1.12500000000000	1.59188594804059	1.59188594804059


linktime（task2）
0	1.03033008588991	0.419076365356005	1.46308748883995	0.950693909432999	0.982344135219425	1.42521928137392
0.530330085889911	1.72732683844649	0.814324873745117	1.75445860595228	1.64769066198958	0.588430114796991	1.75000000000000
0.919076365356005	0.814324873745117	1.50481939737868	2.54883052086263	0.860958767886128	2.06808716724210	2.51096231339659
1.96308748883995	1.75445860595228	2.54883052086263	3.59284164434657	1.13192314226718	3.11209829072604	3.55497343688054
0.450693909432999	1.64769066198958	0.860958767886128	1.13192314226718	1.56805448553266	1.20649285120137	1.12500000000000
1.48234413521942	0.588430114796991	2.06808716724210	3.11209829072604	1.20649285120137	2.63135493710552	3.07423008326001
1.92521928137392	1.75000000000000	2.51096231339659	3.55497343688054	1.12500000000000	3.07423008326001	3.51710522941451


tasktime（1）
0
1.19699675255658
1.08574303202267
2.12975415550662
1.11736057609967
1.64901080188609
2.09188594804059


tasktime（2）
0
0.166666666666667
0.166666666666667
0.166666666666667
0.166666666666667
0.166666666666667
0.166666666666667