最优解为:348.8045
最优解路径:

Best_route =

     3     7     5     4     8     6     2     1     0
     0     0     0     0     0     0     0     0     0

本次运算用时:4.282秒
算法在第7代时收敛

best
352.581623907227
351.808676020315
351.808676020315
351.808676020315
351.808676020315
351.808676020315
348.804450063344
348.804450063344
348.804450063344
348.804450063344
348.804450063344
348.804450063344
348.804450063344
348.804450063344
348.804450063344
348.804450063344
348.804450063344
348.804450063344
348.804450063344
348.804450063344
348.804450063344
348.804450063344
348.804450063344
348.804450063344
348.804450063344
348.804450063344
348.804450063344
348.804450063344
348.804450063344
348.804450063344
348.804450063344
348.804450063344
348.804450063344
348.804450063344
348.804450063344
348.804450063344
348.804450063344
348.804450063344
348.804450063344
348.804450063344
348.804450063344
348.804450063344
348.804450063344
348.804450063344
348.804450063344
348.804450063344
348.804450063344
348.804450063344
348.804450063344
348.804450063344
348.804450063344
348.804450063344
348.804450063344
348.804450063344
348.804450063344
348.804450063344
348.804450063344
348.804450063344
348.804450063344
348.804450063344
348.804450063344
348.804450063344
348.804450063344
348.804450063344
348.804450063344
348.804450063344
348.804450063344
348.804450063344
348.804450063344
348.804450063344
348.804450063344
348.804450063344
348.804450063344
348.804450063344
348.804450063344
348.804450063344
348.804450063344
348.804450063344
348.804450063344
348.804450063344
348.804450063344
348.804450063344
348.804450063344
348.804450063344
348.804450063344
348.804450063344
348.804450063344
348.804450063344
348.804450063344
348.804450063344
348.804450063344
348.804450063344
348.804450063344
348.804450063344
348.804450063344
348.804450063344
348.804450063344
348.804450063344
348.804450063344
348.804450063344
348.804450063344
348.804450063344
348.804450063344
348.804450063344
348.804450063344
348.804450063344
348.804450063344
348.804450063344
348.804450063344
348.804450063344
348.804450063344
348.804450063344
348.804450063344
348.804450063344
348.804450063344
348.804450063344
348.804450063344
348.804450063344
348.804450063344
348.804450063344
348.804450063344
348.804450063344
348.804450063344
348.804450063344
348.804450063344
348.804450063344
348.804450063344
348.804450063344
348.804450063344
348.804450063344
348.804450063344
348.804450063344
348.804450063344
348.804450063344
348.804450063344
348.804450063344
348.804450063344
348.804450063344
348.804450063344
348.804450063344
348.804450063344
348.804450063344
348.804450063344
348.804450063344
348.804450063344
348.804450063344
348.804450063344
348.804450063344
348.804450063344
348.804450063344
348.804450063344
348.804450063344
348.804450063344
348.804450063344
348.804450063344
348.804450063344
348.804450063344
348.804450063344
348.804450063344
348.804450063344
348.804450063344
348.804450063344
348.804450063344
348.804450063344
348.804450063344
348.804450063344
348.804450063344
348.804450063344
348.804450063344
348.804450063344
348.804450063344
348.804450063344
348.804450063344
348.804450063344
348.804450063344
348.804450063344
348.804450063344
348.804450063344
348.804450063344
348.804450063344
348.804450063344
348.804450063344
348.804450063344
348.804450063344
348.804450063344
348.804450063344
348.804450063344
348.804450063344
348.804450063344
348.804450063344
348.804450063344
348.804450063344
348.804450063344
348.804450063344
348.804450063344
348.804450063344
348.804450063344
348.804450063344
348.804450063344
348.804450063344

ave
391.565361175323
380.877717623399
379.475576337578
391.070962127576
409.160586965877
377.907850499153
366.740649446074
397.228084940428
367.351917821763
377.151672727657
394.357684099854
383.159196149194
384.645738290947
374.857367554307
382.577674435801
385.205436930713
361.912398822470
360.650674424135
360.160931132341
402.048403301320
370.970454220788
351.210682106698
360.205541522971
370.631446868281
380.633708130708
389.440242336962
379.669330804178
360.498292860774
359.490771939585
349.352798735559
390.556403598172
369.658706908155
349.677090536421
349.750397169790
360.174455100529
368.853850072386
348.804450063344
349.491114821972
349.024287054742
349.357112679791
369.389271689234
358.544365427873
359.088341706079
359.368366091436
348.804450063344
359.262852376012
348.996927570054
348.804450063344
348.804450063344
348.804450063344
358.894097716459
348.804450063344
349.319447632228
349.624005653846
348.804450063344
348.804450063344
348.804450063344
348.804450063344
349.352798735559
358.544365427873
358.894097716459
348.804450063344
348.804450063344
358.544365427873
358.896094645755
348.804450063344
348.804450063344
348.804450063344
348.804450063344
359.386917898095
358.896094645755
349.325172269701
348.804450063344
348.804450063344
349.691240035667
348.804450063344
348.804450063344
348.804450063344
348.804450063344
348.804450063344
348.804450063344
358.890663009870
348.804450063344
348.804450063344
348.804450063344
348.804450063344
348.804450063344
348.804450063344
348.804450063344
348.804450063344
348.804450063344
348.804450063344
348.804450063344
348.804450063344
348.804450063344
348.804450063344
348.804450063344
348.804450063344
348.804450063344
348.804450063344
348.804450063344
348.804450063344
349.357215913016
359.647044545394
348.804450063344
358.894097716459
358.742325734599
349.554062938034
348.804450063344
348.804450063344
348.804450063344
348.804450063344
358.742325734599
348.804450063344
348.804450063344
348.804450063344
348.804450063344
348.804450063344
348.804450063344
348.804450063344
349.138577419221
348.804450063344
348.804450063344
348.804450063344
348.804450063344
348.804450063344
358.896094645755
349.357112679791
348.804450063344
358.894097716459
348.804450063344
348.804450063344
348.804450063344
349.342814519790
348.804450063344
348.804450063344
348.804450063344
348.804450063344
348.804450063344
348.804450063344
348.804450063344
348.804450063344
359.134204402747
348.804450063344
348.804450063344
348.804450063344
348.804450063344
348.804450063344
348.804450063344
349.357112679791
349.534430057318
348.804450063344
348.804450063344
348.804450063344
348.804450063344
348.804450063344
349.024287054742
348.804450063344
348.804450063344
348.804450063344
348.804450063344
349.441271356912
349.024287054742
348.804450063344
348.804450063344
348.804450063344
348.804450063344
349.024287054742
348.804450063344
358.544365427873
348.804450063344
348.804450063344
348.804450063344
348.804450063344
348.804450063344
349.305621852990
359.092714100088
348.804450063344
358.894097716459
348.804450063344
348.804450063344
358.899227659061
348.804450063344
348.804450063344
348.804450063344
348.804450063344
348.804450063344
348.804450063344
348.804450063344
348.804450063344
348.804450063344
358.742325734599
348.996927570054
370.001351130892
348.804450063344
348.804450063344
368.988875312176
348.804450063344
348.804450063344
348.804450063344