最优解为:320.6332
最优解路径:

Best_route =

     0     0     0     0     0     0     0     0     0
     8     4     5     2     1     7     3     6     0

本次运算用时:4.436秒
算法在第2代时收敛

best
321.372135745840
320.633203302959
320.633203302959
320.633203302959
320.633203302959
320.633203302959
320.633203302959
320.633203302959
320.633203302959
320.633203302959
320.633203302959
320.633203302959
320.633203302959
320.633203302959
320.633203302959
320.633203302959
320.633203302959
320.633203302959
320.633203302959
320.633203302959
320.633203302959
320.633203302959
320.633203302959
320.633203302959
320.633203302959
320.633203302959
320.633203302959
320.633203302959
320.633203302959
320.633203302959
320.633203302959
320.633203302959
320.633203302959
320.633203302959
320.633203302959
320.633203302959
320.633203302959
320.633203302959
320.633203302959
320.633203302959
320.633203302959
320.633203302959
320.633203302959
320.633203302959
320.633203302959
320.633203302959
320.633203302959
320.633203302959
320.633203302959
320.633203302959
320.633203302959
320.633203302959
320.633203302959
320.633203302959
320.633203302959
320.633203302959
320.633203302959
320.633203302959
320.633203302959
320.633203302959
320.633203302959
320.633203302959
320.633203302959
320.633203302959
320.633203302959
320.633203302959
320.633203302959
320.633203302959
320.633203302959
320.633203302959
320.633203302959
320.633203302959
320.633203302959
320.633203302959
320.633203302959
320.633203302959
320.633203302959
320.633203302959
320.633203302959
320.633203302959
320.633203302959
320.633203302959
320.633203302959
320.633203302959
320.633203302959
320.633203302959
320.633203302959
320.633203302959
320.633203302959
320.633203302959
320.633203302959
320.633203302959
320.633203302959
320.633203302959
320.633203302959
320.633203302959
320.633203302959
320.633203302959
320.633203302959
320.633203302959
320.633203302959
320.633203302959
320.633203302959
320.633203302959
320.633203302959
320.633203302959
320.633203302959
320.633203302959
320.633203302959
320.633203302959
320.633203302959
320.633203302959
320.633203302959
320.633203302959
320.633203302959
320.633203302959
320.633203302959
320.633203302959
320.633203302959
320.633203302959
320.633203302959
320.633203302959
320.633203302959
320.633203302959
320.633203302959
320.633203302959
320.633203302959
320.633203302959
320.633203302959
320.633203302959
320.633203302959
320.633203302959
320.633203302959
320.633203302959
320.633203302959
320.633203302959
320.633203302959
320.633203302959
320.633203302959
320.633203302959
320.633203302959
320.633203302959
320.633203302959
320.633203302959
320.633203302959
320.633203302959
320.633203302959
320.633203302959
320.633203302959
320.633203302959
320.633203302959
320.633203302959
320.633203302959
320.633203302959
320.633203302959
320.633203302959
320.633203302959
320.633203302959
320.633203302959
320.633203302959
320.633203302959
320.633203302959
320.633203302959
320.633203302959
320.633203302959
320.633203302959
320.633203302959
320.633203302959
320.633203302959
320.633203302959
320.633203302959
320.633203302959
320.633203302959
320.633203302959
320.633203302959
320.633203302959
320.633203302959
320.633203302959
320.633203302959
320.633203302959
320.633203302959
320.633203302959
320.633203302959
320.633203302959
320.633203302959
320.633203302959
320.633203302959
320.633203302959
320.633203302959
320.633203302959
320.633203302959
320.633203302959
320.633203302959
320.633203302959
320.633203302959
320.633203302959
320.633203302959
320.633203302959
320.633203302959
320.633203302959

ave
419.022668535889
356.179653238231
374.905607231914
405.470547321297
344.408145053064
343.564215817883
385.175936881483
342.834599391772
362.725540501569
373.705228351417
404.194913531314
352.790966134266
372.692737522400
341.624068533816
341.879291963303
342.008777595563
351.968818555150
331.276520447260
361.940058095086
331.172099970549
341.300811818388
362.176857326168
341.115495108264
341.597274628020
330.657834384389
351.110465012195
361.432657900366
351.007241038180
331.068344706906
341.256719867639
330.767141578883
340.846476641826
351.248732679046
320.633203302959
330.846476641826
320.633203302959
320.657834384389
331.070760639700
320.633203302959
320.633203302959
320.633203302959
330.657834384389
320.731845167146
330.638882037503
320.633203302959
320.633203302959
320.633203302959
320.633203302959
320.633203302959
320.633203302959
330.669514472350
320.633203302959
321.180923640563
340.852155376370
320.633203302959
320.633203302959
320.633203302959
320.633203302959
320.633203302959
320.633203302959
320.633203302959
320.633203302959
320.633203302959
320.633203302959
320.633203302959
320.633203302959
330.754391975174
320.633203302959
320.633203302959
330.633203302959
320.633203302959
320.633203302959
320.633203302959
320.633203302959
320.633203302959
330.731845167146
320.633203302959
320.633203302959
320.633203302959
330.669514472350
320.633203302959
330.731845167146
320.633203302959
320.633203302959
320.633203302959
320.633203302959
320.633203302959
320.633203302959
320.633203302959
320.633203302959
320.633203302959
340.669514472350
320.633203302959
320.633203302959
320.633203302959
320.633203302959
320.633203302959
320.633203302959
320.633203302959
330.633203302959
320.633203302959
320.633203302959
320.633203302959
320.633203302959
330.866302113913
320.633203302959
320.633203302959
320.633203302959
320.633203302959
320.633203302959
320.633203302959
320.633203302959
330.638882037503
330.846476641826
330.754391975174
320.633203302959
320.803341578883
320.633203302959
330.966460278458
320.633203302959
320.633203302959
330.846476641826
330.846476641826
320.633203302959
330.966460278458
320.633203302959
320.633203302959
320.633203302959
320.633203302959
331.115256781936
320.835764566795
320.907063471761
320.633203302959
330.866302113913
320.633203302959
320.633203302959
330.866302113913
330.966460278458
340.846476641826
330.638882037503
320.633203302959
320.633203302959
320.633203302959
320.633203302959
320.633203302959
320.633203302959
320.633203302959
330.633203302959
340.638882037503
330.633203302959
330.697580260368
320.633203302959
320.633203302959
320.633203302959
330.846476641826
330.966460278458
340.675193206894
320.633203302959
320.633203302959
320.633203302959
330.597003302959
341.240320447260
320.633203302959
330.846476641826
330.669514472350
320.633203302959
320.633203302959
320.633203302959
320.633203302959
320.633203302959
320.633203302959
320.633203302959
320.633203302959
320.633203302959
320.633203302959
320.731845167146
320.633203302959
320.633203302959
320.633203302959
320.633203302959
320.633203302959
320.633203302959
320.633203302959
321.044151963080
320.907063471761
320.633203302959
320.633203302959
330.966460278458
320.633203302959
320.633203302959
320.633203302959
320.633203302959
320.633203302959
320.633203302959
330.866302113913
320.633203302959
320.633203302959
320.633203302959
320.633203302959
320.633203302959