最优解为:320.5413
最优解路径:

Best_route =

     3     2     1     0
     0     0     0     0

本次运算用时:0.829秒
算法在第1代时收敛

best
320.541337902315
320.541337902315
320.541337902315
320.541337902315
320.541337902315
320.541337902315
320.541337902315
320.541337902315
320.541337902315
320.541337902315
320.541337902315
320.541337902315
320.541337902315
320.541337902315
320.541337902315
320.541337902315
320.541337902315
320.541337902315
320.541337902315
320.541337902315
320.541337902315
320.541337902315
320.541337902315
320.541337902315
320.541337902315
320.541337902315
320.541337902315
320.541337902315
320.541337902315
320.541337902315
320.541337902315
320.541337902315
320.541337902315
320.541337902315
320.541337902315
320.541337902315
320.541337902315
320.541337902315
320.541337902315
320.541337902315
320.541337902315
320.541337902315
320.541337902315
320.541337902315
320.541337902315
320.541337902315
320.541337902315
320.541337902315
320.541337902315
320.541337902315
320.541337902315
320.541337902315
320.541337902315
320.541337902315
320.541337902315
320.541337902315
320.541337902315
320.541337902315
320.541337902315
320.541337902315
320.541337902315
320.541337902315
320.541337902315
320.541337902315
320.541337902315
320.541337902315
320.541337902315
320.541337902315
320.541337902315
320.541337902315
320.541337902315
320.541337902315
320.541337902315
320.541337902315
320.541337902315
320.541337902315
320.541337902315
320.541337902315
320.541337902315
320.541337902315
320.541337902315
320.541337902315
320.541337902315
320.541337902315
320.541337902315
320.541337902315
320.541337902315
320.541337902315
320.541337902315
320.541337902315
320.541337902315
320.541337902315
320.541337902315
320.541337902315
320.541337902315
320.541337902315
320.541337902315
320.541337902315
320.541337902315
320.541337902315

ave
322.159502010796
323.246377566181
337.561681178171
321.579516747423
335.955714589050
337.919081753185
336.735127657557
322.711056443929
323.034752241687
321.532376295316
335.619821271932
321.367891422930
320.558809368689
320.945878929436
321.532376295316
320.752963226809
336.933317307199
320.558809368689
321.497433362568
320.558809368689
321.252103260820
320.558809368689
320.735491760435
335.977221846946
335.977221846946
320.718020294061
351.413105791576
320.541337902315
320.541337902315
320.541337902315
320.541337902315
320.945878929436
335.977221846946
320.541337902315
320.541337902315
320.541337902315
335.197808778438
320.541337902315
320.541337902315
320.541337902315
320.541337902315
320.541337902315
320.541337902315
320.541337902315
320.541337902315
320.541337902315
320.541337902315
320.541337902315
320.541337902315
320.541337902315
320.541337902315
320.541337902315
320.541337902315
320.541337902315
320.541337902315
320.541337902315
320.541337902315
320.541337902315
320.541337902315
320.541337902315
320.541337902315
320.541337902315
320.541337902315
320.541337902315
320.541337902315
320.541337902315
320.541337902315
320.541337902315
320.541337902315
320.541337902315
335.197808778438
320.541337902315
335.197808778438
335.197808778438
320.541337902315
320.541337902315
320.541337902315
320.541337902315
320.541337902315
320.541337902315
320.945878929436
320.541337902315
320.541337902315
320.541337902315
320.541337902315
320.541337902315
320.541337902315
320.541337902315
320.541337902315
320.541337902315
320.541337902315
320.541337902315
320.541337902315
320.541337902315
320.541337902315
320.541337902315
320.541337902315
320.541337902315
320.541337902315
320.541337902315