最优解为:5590.0064
最优解路径:

Best_route =

  1 至 24 列

     0     0     0     0     0     0     0     0     0     0     0     0     0     0     0     0     0     0     0     0     0     0     0     0
     0     0     0     0     0     0     0     0     0     0     0     0     0     0     0     0     0     0     0     0     0     0     0     0
    17    18     9    10    73    74    75    76     0     0     0     0     0     0     0     0     0     0     0     0     0     0     0     0
     3     4    31    32    27    28    15    16    63    64    29    30    87    88     0     0     0     0     0     0     0     0     0     0
    13    14    91    92    47    48    41    42    61    62     0     0     0     0     0     0     0     0     0     0     0     0     0     0
     0     0     0     0     0     0     0     0     0     0     0     0     0     0     0     0     0     0     0     0     0     0     0     0
     0     0     0     0     0     0     0     0     0     0     0     0     0     0     0     0     0     0     0     0     0     0     0     0
    51    52    33    34    89    90    79    80    37    38    49    50    39    40     0     0     0     0     0     0     0     0     0     0
    97    98    19    20    65    66    53    54     7     8     5     6     0     0     0     0     0     0     0     0     0     0     0     0
    69    70    83    84    95    96    35    36    93    94     0     0     0     0     0     0     0     0     0     0     0     0     0     0
    21    22    43    44    45    46     1     2    57    58    23    24     0     0     0     0     0     0     0     0     0     0     0     0
     0     0     0     0     0     0     0     0     0     0     0     0     0     0     0     0     0     0     0     0     0     0     0     0
     0     0     0     0     0     0     0     0     0     0     0     0     0     0     0     0     0     0     0     0     0     0     0     0
    25    26    67    68    77    78    99   100    81    82     0     0     0     0     0     0     0     0     0     0     0     0     0     0
    59    60    55    56    11    12    71    72    85    86     0     0     0     0     0     0     0     0     0     0     0     0     0     0

  25 至 48 列

     0     0     0     0     0     0     0     0     0     0     0     0     0     0     0     0     0     0     0     0     0     0     0     0
     0     0     0     0     0     0     0     0     0     0     0     0     0     0     0     0     0     0     0     0     0     0     0     0
     0     0     0     0     0     0     0     0     0     0     0     0     0     0     0     0     0     0     0     0     0     0     0     0
     0     0     0     0     0     0     0     0     0     0     0     0     0     0     0     0     0     0     0     0     0     0     0     0
     0     0     0     0     0     0     0     0     0     0     0     0     0     0     0     0     0     0     0     0     0     0     0     0
     0     0     0     0     0     0     0     0     0     0     0     0     0     0     0     0     0     0     0     0     0     0     0     0
     0     0     0     0     0     0     0     0     0     0     0     0     0     0     0     0     0     0     0     0     0     0     0     0
     0     0     0     0     0     0     0     0     0     0     0     0     0     0     0     0     0     0     0     0     0     0     0     0
     0     0     0     0     0     0     0     0     0     0     0     0     0     0     0     0     0     0     0     0     0     0     0     0
     0     0     0     0     0     0     0     0     0     0     0     0     0     0     0     0     0     0     0     0     0     0     0     0
     0     0     0     0     0     0     0     0     0     0     0     0     0     0     0     0     0     0     0     0     0     0     0     0
     0     0     0     0     0     0     0     0     0     0     0     0     0     0     0     0     0     0     0     0     0     0     0     0
     0     0     0     0     0     0     0     0     0     0     0     0     0     0     0     0     0     0     0     0     0     0     0     0
     0     0     0     0     0     0     0     0     0     0     0     0     0     0     0     0     0     0     0     0     0     0     0     0
     0     0     0     0     0     0     0     0     0     0     0     0     0     0     0     0     0     0     0     0     0     0     0     0

  49 至 72 列

     0     0     0     0     0     0     0     0     0     0     0     0     0     0     0     0     0     0     0     0     0     0     0     0
     0     0     0     0     0     0     0     0     0     0     0     0     0     0     0     0     0     0     0     0     0     0     0     0
     0     0     0     0     0     0     0     0     0     0     0     0     0     0     0     0     0     0     0     0     0     0     0     0
     0     0     0     0     0     0     0     0     0     0     0     0     0     0     0     0     0     0     0     0     0     0     0     0
     0     0     0     0     0     0     0     0     0     0     0     0     0     0     0     0     0     0     0     0     0     0     0     0
     0     0     0     0     0     0     0     0     0     0     0     0     0     0     0     0     0     0     0     0     0     0     0     0
     0     0     0     0     0     0     0     0     0     0     0     0     0     0     0     0     0     0     0     0     0     0     0     0
     0     0     0     0     0     0     0     0     0     0     0     0     0     0     0     0     0     0     0     0     0     0     0     0
     0     0     0     0     0     0     0     0     0     0     0     0     0     0     0     0     0     0     0     0     0     0     0     0
     0     0     0     0     0     0     0     0     0     0     0     0     0     0     0     0     0     0     0     0     0     0     0     0
     0     0     0     0     0     0     0     0     0     0     0     0     0     0     0     0     0     0     0     0     0     0     0     0
     0     0     0     0     0     0     0     0     0     0     0     0     0     0     0     0     0     0     0     0     0     0     0     0
     0     0     0     0     0     0     0     0     0     0     0     0     0     0     0     0     0     0     0     0     0     0     0     0
     0     0     0     0     0     0     0     0     0     0     0     0     0     0     0     0     0     0     0     0     0     0     0     0
     0     0     0     0     0     0     0     0     0     0     0     0     0     0     0     0     0     0     0     0     0     0     0     0

  73 至 96 列

     0     0     0     0     0     0     0     0     0     0     0     0     0     0     0     0     0     0     0     0     0     0     0     0
     0     0     0     0     0     0     0     0     0     0     0     0     0     0     0     0     0     0     0     0     0     0     0     0
     0     0     0     0     0     0     0     0     0     0     0     0     0     0     0     0     0     0     0     0     0     0     0     0
     0     0     0     0     0     0     0     0     0     0     0     0     0     0     0     0     0     0     0     0     0     0     0     0
     0     0     0     0     0     0     0     0     0     0     0     0     0     0     0     0     0     0     0     0     0     0     0     0
     0     0     0     0     0     0     0     0     0     0     0     0     0     0     0     0     0     0     0     0     0     0     0     0
     0     0     0     0     0     0     0     0     0     0     0     0     0     0     0     0     0     0     0     0     0     0     0     0
     0     0     0     0     0     0     0     0     0     0     0     0     0     0     0     0     0     0     0     0     0     0     0     0
     0     0     0     0     0     0     0     0     0     0     0     0     0     0     0     0     0     0     0     0     0     0     0     0
     0     0     0     0     0     0     0     0     0     0     0     0     0     0     0     0     0     0     0     0     0     0     0     0
     0     0     0     0     0     0     0     0     0     0     0     0     0     0     0     0     0     0     0     0     0     0     0     0
     0     0     0     0     0     0     0     0     0     0     0     0     0     0     0     0     0     0     0     0     0     0     0     0
     0     0     0     0     0     0     0     0     0     0     0     0     0     0     0     0     0     0     0     0     0     0     0     0
     0     0     0     0     0     0     0     0     0     0     0     0     0     0     0     0     0     0     0     0     0     0     0     0
     0     0     0     0     0     0     0     0     0     0     0     0     0     0     0     0     0     0     0     0     0     0     0     0

  97 至 101 列

     0     0     0     0     0
     0     0     0     0     0
     0     0     0     0     0
     0     0     0     0     0
     0     0     0     0     0
     0     0     0     0     0
     0     0     0     0     0
     0     0     0     0     0
     0     0     0     0     0
     0     0     0     0     0
     0     0     0     0     0
     0     0     0     0     0
     0     0     0     0     0
     0     0     0     0     0
     0     0     0     0     0

本次运算用时:1319.8秒
算法在第315代时收敛

best
6151.38865131853
6151.38865131853
6151.38865131853
6151.38865131853
6151.38865131853
6151.38865131853
6151.38865131853
6151.38865131853
6151.38865131853
6151.38865131853
6151.38865131853
6150.35374514368
6150.35374514368
5905.63685535132
5905.63685535132
5905.63685535132
5800.77141973808
5800.77141973808
5800.77141973808
5800.77141973808
5800.77141973808
5800.77141973808
5800.77141973808
5800.77141973808
5800.77141973808
5800.77141973808
5800.77141973808
5800.77141973808
5800.77141973808
5800.77141973808
5800.77141973808
5800.77141973808
5800.77141973808
5800.77141973808
5800.77141973808
5800.77141973808
5800.77141973808
5800.77141973808
5706.06061075087
5706.06061075087
5706.06061075087
5706.06061075087
5706.06061075087
5706.06061075087
5706.06061075087
5706.06061075087
5706.06061075087
5706.06061075087
5706.06061075087
5706.06061075087
5706.06061075087
5706.06061075087
5706.06061075087
5706.06061075087
5706.06061075087
5706.06061075087
5706.06061075087
5706.06061075087
5706.06061075087
5706.06061075087
5706.06061075087
5706.06061075087
5706.06061075087
5706.06061075087
5706.06061075087
5706.06061075087
5706.06061075087
5706.06061075087
5706.06061075087
5706.06061075087
5706.06061075087
5706.06061075087
5706.06061075087
5706.06061075087
5706.06061075087
5706.06061075087
5706.06061075087
5706.06061075087
5706.06061075087
5706.06061075087
5706.06061075087
5706.06061075087
5706.06061075087
5706.06061075087
5706.06061075087
5706.06061075087
5706.06061075087
5706.06061075087
5706.06061075087
5706.06061075087
5706.06061075087
5706.06061075087
5706.06061075087
5706.06061075087
5706.06061075087
5706.06061075087
5706.06061075087
5706.06061075087
5706.06061075087
5706.06061075087
5706.06061075087
5706.06061075087
5706.06061075087
5706.06061075087
5706.06061075087
5706.06061075087
5706.06061075087
5706.06061075087
5706.06061075087
5706.06061075087
5706.06061075087
5706.06061075087
5706.06061075087
5706.06061075087
5706.06061075087
5706.06061075087
5671.84966417848
5671.84966417848
5671.84966417848
5671.84966417848
5671.84966417848
5671.84966417848
5671.84966417848
5671.84966417848
5671.84966417848
5671.84966417848
5671.84966417848
5671.84966417848
5671.84966417848
5671.84966417848
5671.84966417848
5671.84966417848
5671.84966417848
5671.84966417848
5671.84966417848
5671.84966417848
5671.84966417848
5671.84966417848
5671.84966417848
5671.84966417848
5671.84966417848
5671.84966417848
5671.84966417848
5671.84966417848
5671.84966417848
5671.84966417848
5671.84966417848
5671.84966417848
5671.84966417848
5671.84966417848
5671.84966417848
5671.84966417848
5671.84966417848
5671.84966417848
5671.84966417848
5671.84966417848
5671.84966417848
5671.84966417848
5671.84966417848
5671.84966417848
5671.84966417848
5671.84966417848
5671.84966417848
5671.84966417848
5671.84966417848
5671.84966417848
5671.84966417848
5671.84966417848
5671.84966417848
5671.84966417848
5671.84966417848
5671.84966417848
5671.84966417848
5671.84966417848
5671.84966417848
5671.84966417848
5671.84966417848
5671.84966417848
5671.84966417848
5671.84966417848
5671.84966417848
5671.84966417848
5671.84966417848
5671.84966417848
5661.29148486995
5661.29148486995
5661.29148486995
5661.29148486995
5661.29148486995
5661.29148486995
5661.29148486995
5661.29148486995
5661.29148486995
5661.29148486995
5661.29148486995
5661.29148486995
5661.29148486995
5661.29148486995
5661.29148486995
5661.29148486995
5661.29148486995
5661.29148486995
5661.29148486995
5661.29148486995
5661.29148486995
5635.05326484241
5635.05326484241
5635.05326484241
5635.05326484241
5635.05326484241
5635.05326484241
5635.05326484241
5635.05326484241
5635.05326484241
5635.05326484241
5635.05326484241
5635.05326484241
5635.05326484241
5635.05326484241
5635.05326484241
5635.05326484241
5635.05326484241
5635.05326484241
5635.05326484241
5635.05326484241
5635.05326484241
5635.05326484241
5635.05326484241
5635.05326484241
5635.05326484241
5635.05326484241
5635.05326484241
5635.05326484241
5635.05326484241
5635.05326484241
5635.05326484241
5635.05326484241
5635.05326484241
5635.05326484241
5635.05326484241
5635.05326484241
5635.05326484241
5635.05326484241
5635.05326484241
5635.05326484241
5635.05326484241
5635.05326484241
5635.05326484241
5635.05326484241
5635.05326484241
5635.05326484241
5635.05326484241
5635.05326484241
5635.05326484241
5635.05326484241
5635.05326484241
5635.05326484241
5635.05326484241
5635.05326484241
5635.05326484241
5635.05326484241
5635.05326484241
5635.05326484241
5635.05326484241
5635.05326484241
5635.05326484241
5635.05326484241
5635.05326484241
5635.05326484241
5635.05326484241
5635.05326484241
5635.05326484241
5635.05326484241
5635.05326484241
5635.05326484241
5635.05326484241
5635.05326484241
5635.05326484241
5635.05326484241
5635.05326484241
5635.05326484241
5635.05326484241
5635.05326484241
5635.05326484241
5635.05326484241
5635.05326484241
5635.05326484241
5635.05326484241
5635.05326484241
5635.05326484241
5635.05326484241
5635.05326484241
5635.05326484241
5635.05326484241
5635.05326484241
5635.05326484241
5635.05326484241
5635.05326484241
5635.05326484241
5635.05326484241
5635.05326484241
5635.05326484241
5635.05326484241
5635.05326484241
5635.05326484241
5635.05326484241
5635.05326484241
5620.58482011499
5620.58482011499
5620.58482011499
5620.58482011499
5620.58482011499
5620.58482011499
5620.58482011499
5590.00644345569
5590.00644345569
5590.00644345569
5590.00644345569
5590.00644345569
5590.00644345569
5590.00644345569
5590.00644345569
5590.00644345569
5590.00644345569
5590.00644345569
5590.00644345569
5590.00644345569
5590.00644345569
5590.00644345569
5590.00644345569
5590.00644345569
5590.00644345569
5590.00644345569
5590.00644345569
5590.00644345569
5590.00644345569
5590.00644345569
5590.00644345569
5590.00644345569
5590.00644345569
5590.00644345569
5590.00644345569
5590.00644345569
5590.00644345569
5590.00644345569
5590.00644345569
5590.00644345569
5590.00644345569
5590.00644345569
5590.00644345569
5590.00644345569
5590.00644345569
5590.00644345569
5590.00644345569
5590.00644345569
5590.00644345569
5590.00644345569
5590.00644345569
5590.00644345569
5590.00644345569
5590.00644345569
5590.00644345569
5590.00644345569
5590.00644345569
5590.00644345569
5590.00644345569
5590.00644345569
5590.00644345569
5590.00644345569
5590.00644345569
5590.00644345569
5590.00644345569
5590.00644345569
5590.00644345569
5590.00644345569
5590.00644345569
5590.00644345569
5590.00644345569
5590.00644345569
5590.00644345569
5590.00644345569
5590.00644345569
5590.00644345569
5590.00644345569
5590.00644345569
5590.00644345569
5590.00644345569
5590.00644345569
5590.00644345569
5590.00644345569
5590.00644345569
5590.00644345569
5590.00644345569
5590.00644345569
5590.00644345569
5590.00644345569
5590.00644345569
5590.00644345569
5590.00644345569
5590.00644345569
5590.00644345569
5590.00644345569
5590.00644345569
5590.00644345569
5590.00644345569
5590.00644345569
5590.00644345569
5590.00644345569
5590.00644345569
5590.00644345569
5590.00644345569
5590.00644345569
5590.00644345569
5590.00644345569
5590.00644345569
5590.00644345569
5590.00644345569
5590.00644345569
5590.00644345569
5590.00644345569
5590.00644345569
5590.00644345569
5590.00644345569
5590.00644345569
5590.00644345569
5590.00644345569
5590.00644345569
5590.00644345569
5590.00644345569
5590.00644345569
5590.00644345569
5590.00644345569
5590.00644345569
5590.00644345569
5590.00644345569
5590.00644345569
5590.00644345569
5590.00644345569
5590.00644345569
5590.00644345569
5590.00644345569
5590.00644345569
5590.00644345569
5590.00644345569
5590.00644345569
5590.00644345569
5590.00644345569
5590.00644345569
5590.00644345569
5590.00644345569
5590.00644345569
5590.00644345569
5590.00644345569
5590.00644345569
5590.00644345569
5590.00644345569
5590.00644345569
5590.00644345569
5590.00644345569
5590.00644345569
5590.00644345569
5590.00644345569
5590.00644345569
5590.00644345569
5590.00644345569
5590.00644345569
5590.00644345569
5590.00644345569
5590.00644345569
5590.00644345569
5590.00644345569
5590.00644345569
5590.00644345569
5590.00644345569
5590.00644345569
5590.00644345569
5590.00644345569
5590.00644345569
5590.00644345569
5590.00644345569
5590.00644345569
5590.00644345569
5590.00644345569
5590.00644345569
5590.00644345569
5590.00644345569
5590.00644345569
5590.00644345569
5590.00644345569
5590.00644345569
5590.00644345569
5590.00644345569
5590.00644345569
5590.00644345569
5590.00644345569
5590.00644345569
5590.00644345569
5590.00644345569
5590.00644345569
5590.00644345569

ave
8375.92969346636
8220.37968584663
8510.42200449577
8360.39935174254
8630.56621967841
8597.69051836963
8538.69105496717
8239.91172297212
8485.49939602700
8113.33974205863
8865.54730752550
8174.03422125199
8214.59338665143
8135.32844359210
8591.40734691862
7998.25681952131
8174.08463463617
7955.94069066962
8020.18022382305
8180.79688537359
7839.76752464857
7846.20311990581
7777.59565970348
8001.27235498327
7613.68103655453
7911.69586624889
7327.26205347424
7348.84510581938
8308.22585817489
7132.24955991137
7754.05836287468
7349.11625387331
7832.22481322633
7031.75221653698
7277.57450417257
7874.37632429345
7786.25595221399
7915.22961577999
7370.16524485032
7507.04639204914
7827.59850466428
7105.64127498785
7523.38296477881
7606.66088280600
7700.41693328327
7572.69205792955
7373.81924512884
7298.95589986454
7705.45280351376
7381.71492798310
7230.82356038527
7413.35796363801
7487.84664702654
6927.79020741538
7368.23891730116
7026.88843654741
7131.80976404157
7290.23127656546
7440.06901093114
7258.43860956816
7313.50710272025
7220.89426691153
7220.91883121700
7829.71953498687
7471.86932845450
7469.73744517878
7031.35991247688
7316.15159338790
7511.48376267279
7335.91517657464
8190.70883428830
7491.84421801583
7697.52729830364
7348.09579701394
7650.94264748993
7339.41479768548
7188.00432981805
7690.55963676582
7529.92970101616
7496.37291923607
7379.23567378073
7417.57700127672
7628.89376346797
7308.47228305065
7460.57838802471
7274.58362995669
7949.49203326805
7142.27537963080
7595.06705208586
7382.85726668997
7392.13291769393
7072.33244754578
7566.97957739519
7890.78485606463
7639.03442258337
7575.73509614510
7480.86323358060
7318.16491229231
7400.55553087039
7622.00283546205
7355.90310820444
7674.49181234033
7204.73093576237
7352.41321844183
7186.62503696408
8057.55284318459
7200.97491842452
7724.09328755587
7415.08421364005
7657.33900294200
7210.94092464657
7032.96036413093
7499.29829093443
7656.49719318955
7272.04178129147
7617.42631959292
7178.41761740564
7345.94158278901
6961.58905206650
7096.11021683541
7615.70591763206
7141.12128600504
7967.86825131056
7271.22513618035
7501.58697450988
7413.25383963473
7077.25190946246
7142.97167496196
7051.12078966568
7699.46614973047
7117.88076429417
8130.97839812816
7648.53197708964
7037.86050137222
7180.23257840521
7499.45219294108
8182.39735010805
7613.30788091868
7184.06167474971
7443.72543099102
7383.29699814327
7496.74612563887
7720.72706747474
7679.94093068207
7056.26276572064
7302.56969703756
7219.99750262307
7532.53498132739
7452.77796436499
7247.30379310336
7291.88907044640
7218.19231488555
7294.46467710497
7286.07199950445
7091.05463102992
7530.48856111721
7904.50410147763
7491.71600622744
7757.28813855507
7243.61627785310
7849.73957226912
7478.30083029937
7190.59006814502
7625.05750024122
7019.58842909683
7325.87807127845
7410.41952788326
7184.33112075496
7247.66325305174
7758.07935277534
7036.33062363408
7529.02680362945
7182.05287254219
7968.03731215749
7343.06725829848
7502.09301263782
7401.29844246963
7810.46087001008
7320.81108491769
8044.09093674583
7254.56900203482
7280.84959890518
6943.08235177378
7615.36403106683
7121.15683362062
7174.24254629567
7308.68013697996
6933.92450275371
7245.90421381615
7762.61193698763
7312.21266291126
7238.49197234568
6826.40289770108
7738.11074833858
7358.35346351032
7106.15481581447
7211.38484640030
7453.25916467024
7192.70127349114
7234.25155584852
7519.28858473326
7252.20741413839
7234.40582750977
7755.53856609716
7645.90314850873
7073.00058365482
7264.65556096926
7971.60939433059
8052.97574228342
7844.24117388020
7183.47626899652
7500.48902889057
7467.79756466891
7496.65803299398
7377.09605540392
7053.98398083725
7242.36104796513
7843.98285876048
7409.91648143893
7016.67665104980
7055.15008023368
7486.94124621933
7602.97888597690
7299.10566541616
6876.21803939446
7208.04146484093
6933.92945416012
7354.18388087905
7614.51078659647
7136.22404489370
7556.43741824899
7150.54255066265
7289.39747962646
6992.04023054554
7382.49838413706
7490.53178877434
7941.01822020077
7239.28953137488
7143.98026981514
7034.52830198685
7402.33045668233
6988.93606586480
7396.60512005737
7108.89709062078
7383.68848609568
7323.17054295873
7489.37779775659
7263.92922320769
7162.48627899499
8103.99932715776
7194.22919984593
7213.76226768900
7159.36249220000
7277.58227702872
7019.97368408943
6843.25456082592
7354.81867283216
7490.13048462268
6899.16578549884
7046.73428788082
7402.17339428702
7543.50045353120
7531.95868624342
7367.42549630362
7065.82637492802
7519.45849815750
7712.07023961502
7780.46367686741
7488.84062239672
7033.06177386822
7397.50942789420
7716.61927690910
7238.37800414694
7363.51110029718
7476.49042431399
7188.19992392279
7069.16396035379
7355.62637415168
7270.56792184916
7126.43817766147
7876.04555896933
7286.95041098682
7662.77836898478
7310.01496748395
7693.32522123395
7615.53541167126
7474.21055335409
7035.52287019056
7072.61977088913
7576.84974873525
7291.84408453258
7597.79016670371
6924.60870470720
7948.07635950674
7233.41701971636
7556.80223678409
7484.39552746495
7456.08244249679
7795.70650024535
7143.39782592314
7670.62104015306
7190.39366791614
7301.49352628942
7587.68856663705
7294.28215384297
7179.44417468725
6936.85875306485
7721.50701423472
7274.83385783796
7370.72556787717
7530.67492951022
7225.87620411786
7710.84322919555
6942.63696662843
7551.80038093288
7646.07084226482
7536.55462382706
7651.58245695494
7643.42870120332
7466.80334304007
7209.31887035850
7130.91840474040
7102.66707799324
7866.74514839110
7294.91527182420
7282.54663245028
8083.35999168344
7226.86893323479
7440.13895081323
7194.89606981553
7672.72222065621
7779.56225052403
7605.87676230873
7343.35989689549
7096.42424235918
7406.74868900166
7193.65407174902
6669.30259560507
7367.35965209060
7564.29758152364
6955.20224549130
7396.74728888970
7289.97978243639
7353.64700536212
7078.29176869013
7551.96086602929
7485.34311609407
7717.20687402470
7761.47945736792
8072.44413583230
7346.96653166480
7173.77455761842
7222.87298762254
6937.49722034464
7008.69475487327
7324.08089647634
7354.08178063102
7222.55019461115
7387.71365091701
7422.92739252493
7652.83622889084
7368.49736669572
7796.89380606080
7196.80116309243
7749.40085278772
8062.73950192073
7601.00593085588
7235.67432826297
7566.83060747931
7352.68253302059
7254.15428899773
7375.26496267190
7576.35001177351
7057.13546633996
7473.28920020750
7379.30157605475
7187.15092332461
7079.61625445402
7448.52468970227
7568.08548333995
7247.22305080193
7201.83677132898
7198.97579584458
7166.64245510236
7306.50896430855
7074.20493281040
7427.50339145613
6827.70846424668
7195.29632239306
7249.61099336190
7460.34134383465
7106.12443019467
7243.76530966166
7458.02600009790
7481.69638441010
7094.48401843845
7387.85633672755
7852.02139819050
7507.49307541062
6882.73024817331
7356.97502597053
7272.00103932561
7287.94755036113
7704.97078098278
7511.20308298162
7103.78488010447
7449.54112013175
7608.80921291778
7423.58903965058
6899.17577226890
7326.48908654384
6930.99643429121
7304.88725726070
6992.87768367593
7251.75939118336
7236.92924889160
7109.63270540708
7706.90624405206
7347.03558806493
7326.15812637769
7201.12489136296
7104.48795648919
7367.24752250727
7190.19091168183
7486.31840448750
7524.74397026220
7426.89270640185
7487.47806242425
7538.88004585292
7248.36189402859
7513.69583122750
7149.85138221878
7424.29161237269
6988.67400736679
7213.71085180240
7512.22061232710
7212.94108187646
6993.53039920057
7339.11394311756
7118.04288579797
7497.93167051917
7859.44436241537
7509.53080873535
7296.91781399231
7305.95281289576
7523.67487902538
6897.05676967367
7610.30702724175
7114.52706415257
7292.92062803155
7614.65894684015
7566.25955209966
7334.53501743916
7292.46416504466
7380.57882811621
7549.70755180351
7137.67882075205
7363.14485051209
7727.95526028847
7401.30924959658
7089.41315824716
7215.30176949354
7340.87405208748
7457.51998365942
7019.09286683151
7397.85942813069
7227.03611249413
7398.59451117875
7492.58374379553
7657.51427486414
7511.33920155584
7064.33591957933
7476.04446426525
7453.34097535610
7042.69467783365
7316.89902246568
7347.89559034011
7414.03839273015
7694.89611511674
7012.77860107277
7256.50614083288
7114.60019916162
7461.28965475660
7333.38208892304
7312.45736457516
7170.97740350167
7888.66530769686
7236.25458512961
7804.56374154950
7353.57453718275
7502.40863637510
7339.70597406858
7061.00198689979
7285.74239876465
7246.85808112244
7410.96736053205
6827.64875091439
7480.50028840407
7412.89865610445
7018.26684415631