最优解为:332.7091
最优解路径:

Best_route =

     0     0     0     0     0     0
     1     4     5     3     2     0

本次运算用时:1.359秒
算法在第2代时收敛

best
333.523566931035
332.709066931035
332.709066931035
332.709066931035
332.709066931035
332.709066931035
332.709066931035
332.709066931035
332.709066931035
332.709066931035
332.709066931035
332.709066931035
332.709066931035
332.709066931035
332.709066931035
332.709066931035
332.709066931035
332.709066931035
332.709066931035
332.709066931035
332.709066931035
332.709066931035
332.709066931035
332.709066931035
332.709066931035
332.709066931035
332.709066931035
332.709066931035
332.709066931035
332.709066931035
332.709066931035
332.709066931035
332.709066931035
332.709066931035
332.709066931035
332.709066931035
332.709066931035
332.709066931035
332.709066931035
332.709066931035
332.709066931035
332.709066931035
332.709066931035
332.709066931035
332.709066931035
332.709066931035
332.709066931035
332.709066931035
332.709066931035
332.709066931035
332.709066931035
332.709066931035
332.709066931035
332.709066931035
332.709066931035
332.709066931035
332.709066931035
332.709066931035
332.709066931035
332.709066931035
332.709066931035
332.709066931035
332.709066931035
332.709066931035
332.709066931035
332.709066931035
332.709066931035
332.709066931035
332.709066931035
332.709066931035
332.709066931035
332.709066931035
332.709066931035
332.709066931035
332.709066931035
332.709066931035
332.709066931035
332.709066931035
332.709066931035
332.709066931035
332.709066931035
332.709066931035
332.709066931035
332.709066931035
332.709066931035
332.709066931035
332.709066931035
332.709066931035
332.709066931035
332.709066931035
332.709066931035
332.709066931035
332.709066931035
332.709066931035
332.709066931035
332.709066931035
332.709066931035
332.709066931035
332.709066931035
332.709066931035

ave
353.441873148193
350.622809532655
348.488579149278
361.193901702278
338.140447388085
352.029814814485
359.955836701192
349.045342812260
335.744301412342
350.528905646976
383.490467482715
383.396299729472
334.825563336578
350.053629431876
334.296366263731
358.884209362429
346.606407665480
334.900892360025
345.921585274361
348.077007087444
346.521961751790
347.334471312171
334.770919733641
345.295079707624
356.813638109133
357.501392883142
345.434170276602
345.155540641183
357.411188929644
344.769300439638
332.709066931035
332.709066931035
332.878409261910
333.190562987776
332.709066931035
332.709066931035
332.709066931035
333.188185833377
344.813833597491
332.709066931035
332.741646931035
332.709066931035
332.709066931035
332.709066931035
332.709066931035
344.676291442678
332.709066931035
332.709066931035
332.709066931035
344.813833597491
332.709066931035
333.190562987776
332.709066931035
332.709066931035
344.676291442678
332.709066931035
332.709066931035
332.709066931035
332.709066931035
332.709066931035
332.709066931035
332.709066931035
344.676291442678
332.709066931035
332.709066931035
332.709066931035
332.709066931035
344.813833597491
332.709066931035
332.709066931035
332.709066931035
333.376829977575
344.676291442678
332.709066931035
332.709066931035
344.676291442678
332.709066931035
332.709066931035
332.709066931035
332.709066931035
332.709066931035
332.709066931035
332.709066931035
332.709066931035
332.709066931035
332.709066931035
332.709066931035
332.709066931035
344.921094227147
332.709066931035
332.709066931035
332.709066931035
332.709066931035
333.190562987776
332.709066931035
333.344712701404
332.709066931035
332.709066931035
332.878409261910
332.709066931035