最优解为:322.1737
最优解路径:

Best_route =

     0     0     0     0     0
     3     4     2     1     0

本次运算用时:1.109秒
算法在第6代时收敛

best
322.442636134141
322.442636134141
322.442636134141
322.442636134141
322.442636134141
322.173674529809
322.173674529809
322.173674529809
322.173674529809
322.173674529809
322.173674529809
322.173674529809
322.173674529809
322.173674529809
322.173674529809
322.173674529809
322.173674529809
322.173674529809
322.173674529809
322.173674529809
322.173674529809
322.173674529809
322.173674529809
322.173674529809
322.173674529809
322.173674529809
322.173674529809
322.173674529809
322.173674529809
322.173674529809
322.173674529809
322.173674529809
322.173674529809
322.173674529809
322.173674529809
322.173674529809
322.173674529809
322.173674529809
322.173674529809
322.173674529809
322.173674529809
322.173674529809
322.173674529809
322.173674529809
322.173674529809
322.173674529809
322.173674529809
322.173674529809
322.173674529809
322.173674529809
322.173674529809
322.173674529809
322.173674529809
322.173674529809
322.173674529809
322.173674529809
322.173674529809
322.173674529809
322.173674529809
322.173674529809
322.173674529809
322.173674529809
322.173674529809
322.173674529809
322.173674529809
322.173674529809
322.173674529809
322.173674529809
322.173674529809
322.173674529809
322.173674529809
322.173674529809
322.173674529809
322.173674529809
322.173674529809
322.173674529809
322.173674529809
322.173674529809
322.173674529809
322.173674529809
322.173674529809
322.173674529809
322.173674529809
322.173674529809
322.173674529809
322.173674529809
322.173674529809
322.173674529809
322.173674529809
322.173674529809
322.173674529809
322.173674529809
322.173674529809
322.173674529809
322.173674529809
322.173674529809
322.173674529809
322.173674529809
322.173674529809
322.173674529809

ave
325.478507264762
339.909541935518
341.563153628593
338.600123325853
324.063350215588
339.674863990929
354.238073942078
337.855087854481
352.520895095015
324.848468954614
353.981060965479
324.742375710274
324.074687803201
324.472255810581
322.724647014799
322.919597882510
338.229348350133
322.449160772304
352.194957448654
352.627679260076
322.523726288221
322.200570690242
322.818136206159
322.288584286376
323.449149802294
323.007611478645
337.055612692087
322.173674529809
322.422264611870
337.852400431288
351.352357094108
365.911139658407
322.173674529809
337.299571206159
322.173674529809
336.719009013891
322.173674529809
322.261688125943
322.187122610025
322.173674529809
322.173674529809
322.422264611870
336.967599095953
322.173674529809
322.173674529809
322.173674529809
322.173674529809
322.173674529809
322.173674529809
322.173674529809
322.173674529809
322.173674529809
336.719009013891
322.173674529809
322.173674529809
322.173674529809
322.173674529809
322.173674529809
337.286123125943
322.173674529809
322.173674529809
322.173674529809
322.173674529809
322.173674529809
322.173674529809
322.173674529809
322.173674529809
322.173674529809
322.173674529809
337.286123125943
322.173674529809
322.173674529809
322.173674529809
322.173674529809
322.173674529809
322.173674529809
322.173674529809
322.173674529809
322.173674529809
322.173674529809
322.173674529809
322.173674529809
322.173674529809
337.336574529809
322.173674529809
322.173674529809
322.173674529809
322.173674529809
322.173674529809
337.286123125943
322.173674529809
337.336574529809
322.173674529809
322.173674529809
322.173674529809
322.173674529809
322.173674529809
322.173674529809
322.173674529809
322.173674529809