最优解为:1817.6946
最优解路径:

Best_route =

  1 至 24 列

     1    18    25    26    23     4    16     9    10    11    12     0     0     0     0     0     0     0     0     0     0     0     0     0
    17     0     0     0     0     0     0     0     0     0     0     0     0     0     0     0     0     0     0     0     0     0     0     0
     3    15    13     2    21    22    27    28    14     0     0     0     0     0     0     0     0     0     0     0     0     0     0     0
    29    30     7     8    24     5     6    19    20     0     0     0     0     0     0     0     0     0     0     0     0     0     0     0
     0     0     0     0     0     0     0     0     0     0     0     0     0     0     0     0     0     0     0     0     0     0     0     0

  25 至 31 列

     0     0     0     0     0     0     0
     0     0     0     0     0     0     0
     0     0     0     0     0     0     0
     0     0     0     0     0     0     0
     0     0     0     0     0     0     0

本次运算用时:112.825秒
算法在第367代时收敛

best
2088.66438327418
1862.13860522973
1862.13860522973
1862.13860522973
1862.13860522973
1862.13860522973
1862.13860522973
1862.13860522973
1862.13860522973
1862.13860522973
1862.13860522973
1862.13860522973
1862.13860522973
1862.13860522973
1862.13860522973
1862.13860522973
1862.13860522973
1862.13860522973
1862.13860522973
1862.13860522973
1862.13860522973
1862.13860522973
1862.13860522973
1862.13860522973
1862.13860522973
1862.13860522973
1862.13860522973
1862.13860522973
1862.13860522973
1862.13860522973
1862.13860522973
1862.13860522973
1862.13860522973
1862.13860522973
1862.13860522973
1862.13860522973
1862.13860522973
1862.13860522973
1862.13860522973
1862.13860522973
1862.13860522973
1862.13860522973
1862.13860522973
1862.13860522973
1862.13860522973
1862.13860522973
1862.13860522973
1862.13860522973
1862.13860522973
1862.13860522973
1862.13860522973
1862.13860522973
1862.13860522973
1862.13860522973
1862.13860522973
1862.13860522973
1862.13860522973
1862.13860522973
1862.13860522973
1862.13860522973
1862.13860522973
1862.13860522973
1862.13860522973
1862.13860522973
1862.13860522973
1862.13860522973
1862.13860522973
1862.13860522973
1862.13860522973
1862.13860522973
1862.13860522973
1862.13860522973
1862.13860522973
1862.13860522973
1862.13860522973
1862.13860522973
1862.13860522973
1862.13860522973
1862.13860522973
1862.13860522973
1862.13860522973
1862.13860522973
1862.13860522973
1862.13860522973
1862.13860522973
1862.13860522973
1862.13860522973
1862.13860522973
1862.13860522973
1862.13860522973
1862.13860522973
1862.13860522973
1862.13860522973
1862.13860522973
1862.13860522973
1862.13860522973
1862.13860522973
1862.13860522973
1862.13860522973
1862.13860522973
1862.13860522973
1862.13860522973
1862.13860522973
1862.13860522973
1862.13860522973
1862.13860522973
1862.13860522973
1862.13860522973
1862.13860522973
1862.13860522973
1862.13860522973
1862.13860522973
1862.13860522973
1862.13860522973
1862.13860522973
1862.13860522973
1862.13860522973
1862.13860522973
1862.13860522973
1862.13860522973
1862.13860522973
1862.13860522973
1862.13860522973
1862.13860522973
1862.13860522973
1862.13860522973
1862.13860522973
1862.13860522973
1862.13860522973
1862.13860522973
1862.13860522973
1862.13860522973
1862.13860522973
1862.13860522973
1862.13860522973
1862.13860522973
1862.13860522973
1862.13860522973
1862.13860522973
1862.13860522973
1862.13860522973
1862.13860522973
1862.13860522973
1862.13860522973
1862.13860522973
1862.13860522973
1862.13860522973
1862.13860522973
1862.13860522973
1862.13860522973
1862.13860522973
1862.13860522973
1862.13860522973
1862.13860522973
1862.13860522973
1862.13860522973
1862.13860522973
1862.13860522973
1862.13860522973
1862.13860522973
1862.13860522973
1832.04689359465
1832.04689359465
1832.04689359465
1832.04689359465
1832.04689359465
1832.04689359465
1832.04689359465
1832.04689359465
1832.04689359465
1832.04689359465
1832.04689359465
1832.04689359465
1832.04689359465
1832.04689359465
1832.04689359465
1824.45782555490
1824.45782555490
1824.45782555490
1824.45782555490
1824.45782555490
1824.45782555490
1824.45782555490
1824.45782555490
1824.45782555490
1824.45782555490
1824.45782555490
1824.45782555490
1824.45782555490
1824.45782555490
1824.45782555490
1824.45782555490
1824.45782555490
1824.45782555490
1824.45782555490
1824.45782555490
1824.45782555490
1824.45782555490
1824.45782555490
1824.45782555490
1824.45782555490
1824.45782555490
1824.45782555490
1824.45782555490
1824.45782555490
1824.45782555490
1824.45782555490
1824.45782555490
1824.45782555490
1824.45782555490
1824.45782555490
1824.45782555490
1824.45782555490
1824.45782555490
1824.45782555490
1824.45782555490
1824.45782555490
1824.45782555490
1824.45782555490
1824.45782555490
1824.45782555490
1824.45782555490
1824.45782555490
1824.45782555490
1824.45782555490
1824.45782555490
1824.45782555490
1824.45782555490
1824.45782555490
1824.45782555490
1824.45782555490
1824.45782555490
1824.45782555490
1824.45782555490
1824.45782555490
1824.45782555490
1824.45782555490
1824.45782555490
1824.45782555490
1824.45782555490
1824.45782555490
1824.45782555490
1824.45782555490
1824.45782555490
1824.45782555490
1824.45782555490
1824.45782555490
1824.45782555490
1824.45782555490
1824.45782555490
1824.45782555490
1824.45782555490
1824.45782555490
1824.45782555490
1824.45782555490
1824.45782555490
1824.45782555490
1824.45782555490
1824.45782555490
1824.45782555490
1824.45782555490
1824.45782555490
1824.45782555490
1824.45782555490
1824.45782555490
1824.45782555490
1824.45782555490
1824.45782555490
1824.45782555490
1824.45782555490
1824.45782555490
1824.45782555490
1824.45782555490
1824.45782555490
1824.45782555490
1824.45782555490
1824.45782555490
1824.45782555490
1824.45782555490
1824.45782555490
1824.45782555490
1824.45782555490
1824.45782555490
1824.45782555490
1824.45782555490
1824.45782555490
1824.45782555490
1824.45782555490
1824.45782555490
1824.45782555490
1824.45782555490
1824.45782555490
1824.45782555490
1824.45782555490
1824.45782555490
1824.45782555490
1824.45782555490
1824.45782555490
1824.45782555490
1824.45782555490
1824.45782555490
1824.45782555490
1824.45782555490
1824.45782555490
1824.45782555490
1824.45782555490
1824.45782555490
1824.45782555490
1824.45782555490
1824.45782555490
1824.45782555490
1824.45782555490
1824.45782555490
1824.45782555490
1824.45782555490
1824.45782555490
1824.45782555490
1824.45782555490
1824.45782555490
1824.45782555490
1824.45782555490
1824.45782555490
1824.45782555490
1824.45782555490
1824.45782555490
1824.45782555490
1824.45782555490
1824.45782555490
1824.45782555490
1824.45782555490
1824.45782555490
1824.45782555490
1824.45782555490
1824.45782555490
1824.45782555490
1824.45782555490
1824.45782555490
1824.45782555490
1824.45782555490
1824.45782555490
1824.45782555490
1824.45782555490
1824.45782555490
1824.45782555490
1824.45782555490
1824.45782555490
1824.45782555490
1824.45782555490
1824.45782555490
1824.45782555490
1824.45782555490
1824.45782555490
1824.45782555490
1824.45782555490
1824.45782555490
1824.45782555490
1824.45782555490
1824.45782555490
1824.45782555490
1824.45782555490
1824.45782555490
1824.45782555490
1824.45782555490
1824.45782555490
1824.45782555490
1824.45782555490
1817.69456059277
1817.69456059277
1817.69456059277
1817.69456059277
1817.69456059277
1817.69456059277
1817.69456059277
1817.69456059277
1817.69456059277
1817.69456059277
1817.69456059277
1817.69456059277
1817.69456059277
1817.69456059277
1817.69456059277
1817.69456059277
1817.69456059277
1817.69456059277
1817.69456059277
1817.69456059277
1817.69456059277
1817.69456059277
1817.69456059277
1817.69456059277
1817.69456059277
1817.69456059277
1817.69456059277
1817.69456059277
1817.69456059277
1817.69456059277
1817.69456059277
1817.69456059277
1817.69456059277
1817.69456059277
1817.69456059277
1817.69456059277
1817.69456059277
1817.69456059277
1817.69456059277
1817.69456059277
1817.69456059277
1817.69456059277
1817.69456059277
1817.69456059277
1817.69456059277
1817.69456059277
1817.69456059277
1817.69456059277
1817.69456059277
1817.69456059277
1817.69456059277
1817.69456059277
1817.69456059277
1817.69456059277
1817.69456059277
1817.69456059277
1817.69456059277
1817.69456059277
1817.69456059277
1817.69456059277
1817.69456059277
1817.69456059277
1817.69456059277
1817.69456059277
1817.69456059277
1817.69456059277
1817.69456059277
1817.69456059277
1817.69456059277
1817.69456059277
1817.69456059277
1817.69456059277
1817.69456059277
1817.69456059277
1817.69456059277
1817.69456059277
1817.69456059277
1817.69456059277
1817.69456059277
1817.69456059277
1817.69456059277
1817.69456059277
1817.69456059277
1817.69456059277
1817.69456059277
1817.69456059277
1817.69456059277
1817.69456059277
1817.69456059277
1817.69456059277
1817.69456059277
1817.69456059277
1817.69456059277
1817.69456059277
1817.69456059277
1817.69456059277
1817.69456059277
1817.69456059277
1817.69456059277
1817.69456059277
1817.69456059277
1817.69456059277
1817.69456059277
1817.69456059277
1817.69456059277
1817.69456059277
1817.69456059277
1817.69456059277
1817.69456059277
1817.69456059277
1817.69456059277
1817.69456059277
1817.69456059277
1817.69456059277
1817.69456059277
1817.69456059277
1817.69456059277
1817.69456059277
1817.69456059277
1817.69456059277
1817.69456059277
1817.69456059277
1817.69456059277
1817.69456059277
1817.69456059277
1817.69456059277
1817.69456059277
1817.69456059277
1817.69456059277
1817.69456059277
1817.69456059277
1817.69456059277
1817.69456059277
1817.69456059277

ave
3025.94385408854
3008.09633550715
2875.10405600377
2857.26049441635
3169.30484657418
2996.55872466587
2960.16316850891
2783.61178465998
3106.48015386094
3082.32305713540
2782.76097499632
3062.46221612997
3059.43408850087
2761.75779635578
2926.97556702082
2940.83125669876
2855.35560951123
2954.67751928346
2918.80838346201
2810.22273484120
2927.24092003446
2705.13725224414
2742.88214943517
2773.53032154198
2513.54597497906
2998.98051808035
2998.48291402568
3262.42458768455
2731.83478498055
2965.67769056787
3137.74738415250
2633.39016920342
2770.84129975304
2734.97285574221
2708.76321982039
2732.09033412879
2758.08086146500
2520.24172106317
2770.87232153655
2532.44168609030
2906.92105015393
2622.64250084453
2874.14132213035
2627.42206476859
2669.80409679154
2489.17527495963
2709.85434629715
2469.52488133949
2605.96103244655
2502.57760056320
2475.26063885791
2476.83977807252
2413.94626325966
2416.28957370864
2226.08375083708
2414.51293828514
2557.21138112021
2252.59571101963
2426.74437454995
2229.62746254060
2265.76949696261
2268.15942257773
2355.86699019948
2279.47844627799
2278.87080179639
2351.65878357565
2230.75565423004
2231.15955161696
2172.02741591131
2404.06068538706
2341.35818001222
2306.34050227101
2051.11692498796
2115.89581676376
2167.27888887930
2292.48442880095
2042.26725183063
2364.48733400556
2239.07826247371
2332.61835347433
2274.14264054256
2181.18960653449
2482.44747367463
2056.10020789944
2227.13502855414
2338.80628999073
2172.57968555613
2294.78116286165
2158.14918923705
2245.57162316469
2191.08371346110
2149.93806326108
2390.28740266036
2328.60402239783
2127.46086805510
2438.82921751734
2201.15174739579
2464.55848626976
2174.37484029445
2360.14892913950
2255.98182406407
2191.04835524733
2089.51129611660
2065.73508677968
2215.99901489428
2091.66226085048
2267.56410845737
2176.50326728004
2062.90502416604
2122.74941445844
2098.70099359765
1982.41785363489
2168.56666248409
1992.90730938105
2188.50811037504
2157.92319014792
2341.95233024642
2166.34828246761
2128.02540928698
2189.28696526762
2079.47762148837
2260.76257167989
2287.19458693846
2129.57286687931
2035.62803508269
2018.95867908338
2038.06103660188
2160.11117212897
2088.76029660865
2127.35748248650
2113.78099679778
2046.85541250343
2003.78283796292
2027.36805917063
2061.81823864519
2052.43036834352
2127.19809784136
2130.02802513155
2204.50275963261
2057.84367533451
2057.18788232754
2043.98368233641
1989.64153428605
2001.60998919112
1990.64406459870
1982.38302766268
2079.64862115128
1922.46175897402
1974.45652032582
1899.21092072051
2103.38898360450
2024.97844240920
2132.47179242211
2098.30079087330
1998.83053053737
2116.12431524580
1992.88674253800
2158.66902193543
2108.94453700183
2255.62999965302
2014.36239648413
2041.20723066355
2036.27990098304
2084.04429126554
2100.32636885689
2150.45751829377
2201.30400420645
1996.04933635942
1920.71521114078
2037.77120054134
2076.84226900401
2084.84930831149
2061.60381426357
2019.30558469331
2187.39975089475
2149.95257998887
2185.11442488041
2267.70169865510
2087.05594726481
2018.55822977982
2080.12727583263
2123.94816236580
1980.57163971353
2051.52695674247
2182.01069435770
2001.34364946755
2070.90131021216
1984.29188110317
2076.55523989135
1994.06644780786
2080.00135326929
2156.17787840071
2028.75258510173
2133.14729294281
2298.29042699411
2267.48135293555
2215.40225802713
2013.42092687313
2223.66172392443
2172.02101331561
2067.82209279991
1971.55978409565
2139.58106888272
2094.19345236323
2129.86879817001
2151.67009326117
2012.67852086138
2164.26242725398
2218.28613438538
2147.18304371750
2108.22576137156
2167.86338042122
2324.04007506667
2341.99872171282
2245.72080625618
2094.30439964435
2274.51714771634
2228.56954174928
2246.51397084742
2159.79544277522
2261.90366935484
2250.47781806050
2224.52210589129
2205.10950239350
2192.06974409145
2211.65348456426
2005.21760524498
2178.42791290134
2143.52610656931
2170.11995473395
2030.08390145679
2032.30337927115
2085.05874081290
1991.72596358844
2062.09318043094
2289.16770946659
2102.30786055283
1971.67393284260
2149.90064528256
2169.80598939421
2021.78425189879
2068.56247673353
2090.68023771242
2059.70275200984
2073.26195222607
2112.43885298190
2076.99943610616
2076.16385031187
2109.63548872876
2216.85834179142
2010.47089060705
2103.06367733583
2158.08004715445
2008.34204559617
2248.66914606733
2401.38204035141
2251.20389880138
2022.40144040017
2261.03960545358
2051.60178894151
2015.73949522293
2205.47294883026
2271.88462196344
2152.04820452440
2229.49594371961
1985.12558384589
2243.41348978620
2184.69236766074
2141.77985675832
2140.91006702412
2338.91210916398
2001.78173173077
2069.94877318460
1944.37715027622
2115.97919743028
2153.23269164514
2119.04486695216
2257.92809405515
2126.31424879709
1989.44755511986
2036.59473389555
2113.07440351146
2131.63790712343
2092.97677316978
2222.51986776773
2116.27947881632
2270.87676278450
2012.17296389933
2034.76002548741
2103.10087291391
2113.67403198713
2060.92535784537
2368.87301849108
1999.05283328475
2062.71283830958
2094.03758257138
2200.14999721104
2052.31365135764
2048.12004575976
2203.76942551874
2133.50822410549
2113.63723875800
2223.93515573878
2014.94544750736
2044.30434597917
2201.21229086297
2399.07120228258
2198.53065888941
2122.43097270283
2045.41122689439
2361.51786288859
2074.45688135380
2149.98826560629
2202.93962749552
2042.98451458300
2026.93744362087
2055.61986851032
2156.21850035602
2154.21711677779
2133.31208111429
2035.91384412559
2198.80563905223
2045.44148561257
2113.51295675579
2224.65120856551
2184.62553872203
2123.54650139740
1998.23765765238
2348.00406998561
2222.43257660677
2151.78509284058
2226.89856716308
2262.30363038512
2073.42087693518
2001.17981706598
2035.48293646004
2018.94389272057
2051.46023119558
2217.15132924002
2166.73807283564
2204.39746449303
2090.01361820263
2193.54268385012
2171.19801952618
2083.24267706968
2115.42795445917
2042.86715446587
2234.62524758833
2060.27026607475
2145.24456799430
2142.51118746123
1960.13549751327
2087.55341387481
1973.67460287288
2190.29408330770
2054.66322991240
2164.52949618123
2097.63841541558
2034.39844107901
2105.57493456742
2074.28862814980
1981.82883436253
1903.41173273005
2104.77246150747
2128.49127801460
1984.60036075131
2140.81683210845
2309.97935015893
2264.58826866145
2101.48549514250
2108.50740941916
2293.60465956192
2068.77158987903
2107.47841903645
2016.44442438311
2125.64194056198
2082.84108376174
1932.83426635543
2198.67606486592
2228.83097801418
1967.73857376172
2197.28136204271
2124.37039898068
2064.19584339223
2012.68452595100
2087.24721744660
2030.91473724460
2051.48858622578
2094.75268792424
2235.94213232068
2215.62448547019
2110.80906821475
2158.82242200351
2047.53474268969
2143.11854009960
2010.37325537215
2007.71620348895
2063.91277841291
2215.45691752344
2192.15511415764
2080.20984538989
2039.97753773332
2057.32530388657
2237.17938496282
2143.90551459757
1974.96747639973
2141.16177572098
1993.03828079468
2232.96526305304
2085.71218222540
2206.97336624968
2074.83271884918
2200.11598502492
2088.76466206732
2149.40810168822
2102.32310324697
2103.39177336476
2089.58806053268
1991.06864880887
1977.17879207530
2137.29827395627
2162.70362846511
1976.87889842678
2101.25594000227
2082.09352012274
2106.82982843994
2226.26355228668
1977.26414591286
2172.89854174825
1993.85947216602
2107.98438443801
1993.53521618648
2052.88295036115
1962.90352460326
2161.48805779425
2205.31646416325
2089.22624204112
2034.71534210293
2243.07767100964
2093.61806507810
2084.89205888504
2092.28460617595
2134.60618153474
2217.38579406224
2292.60471277169
2300.57283452200
2235.56241364847
2238.74748611181
2008.49645070438
1989.59892070393
2217.88588248862
2053.19669275758
1997.11613323124
2008.11435337576
2073.41135822563
2238.66835588646
2050.48141289837
1983.48387196715
2191.79432086231
2179.26116563055
2223.01130307594
2181.11097145886
2061.37652521113
2172.17171343059
2151.96133522497
2222.09690481496
2176.13708965517
2005.88909441474
1988.12471979680
2194.55864841345
2028.83516879084
2040.67153026482
2150.94554307772
2019.28371045560
2147.69292051947
2142.40720454587
2061.48805179485
2116.23155427315
2217.84367040629
2272.13740448903
2036.39338989825
2327.37163114618
2059.90876191649
2021.33618212796
2173.28267357152
2100.74034716666
2176.68490608306
1981.20726090542
2154.27733508542
2019.22735275955
2195.62364292453
1997.10999704468
2257.67343824198
2025.21134858768
2085.11827224162
2048.14030149320
2075.06493401499
2211.50144091074
2185.49404297037
1955.29420624980