最优解为:1624.8537
最优解路径:

Best_route =

  1 至 24 列

    29    30    15     3     4    17    18     9    10    21    22     0     0     0     0     0     0     0     0     0     0     0     0     0
     0     0     0     0     0     0     0     0     0     0     0     0     0     0     0     0     0     0     0     0     0     0     0     0
     1     7     8    16    25    26     6    11    12     0     0     0     0     0     0     0     0     0     0     0     0     0     0     0
    27    28    13     2    23    24     5    14    19    20     0     0     0     0     0     0     0     0     0     0     0     0     0     0
     0     0     0     0     0     0     0     0     0     0     0     0     0     0     0     0     0     0     0     0     0     0     0     0

  25 至 31 列

     0     0     0     0     0     0     0
     0     0     0     0     0     0     0
     0     0     0     0     0     0     0
     0     0     0     0     0     0     0
     0     0     0     0     0     0     0

本次运算用时:473.66秒
算法在第466代时收敛

best
1918.94162318306
1918.94162318306
1630.09753542637
1630.09753542637
1630.09753542637
1630.09753542637
1630.09753542637
1630.09753542637
1630.09753542637
1630.09753542637
1630.09753542637
1630.09753542637
1630.09753542637
1630.09753542637
1630.09753542637
1630.09753542637
1630.09753542637
1630.09753542637
1630.09753542637
1630.09753542637
1630.09753542637
1630.09753542637
1630.09753542637
1630.09753542637
1630.09753542637
1630.09753542637
1630.09753542637
1630.09753542637
1630.09753542637
1630.09753542637
1630.09753542637
1630.09753542637
1630.09753542637
1630.09753542637
1630.09753542637
1630.09753542637
1630.09753542637
1630.09753542637
1630.09753542637
1630.09753542637
1630.09753542637
1630.09753542637
1630.09753542637
1630.09753542637
1630.09753542637
1630.09753542637
1630.09753542637
1630.09753542637
1630.09753542637
1630.09753542637
1630.09753542637
1630.09753542637
1630.09753542637
1630.09753542637
1630.09753542637
1630.09753542637
1630.09753542637
1630.09753542637
1630.09753542637
1630.09753542637
1630.09753542637
1630.09753542637
1630.09753542637
1630.09753542637
1630.09753542637
1630.09753542637
1630.09753542637
1630.09753542637
1630.09753542637
1630.09753542637
1630.09753542637
1630.09753542637
1630.09753542637
1630.09753542637
1630.09753542637
1630.09753542637
1630.09753542637
1630.09753542637
1630.09753542637
1630.09753542637
1630.09753542637
1630.09753542637
1630.09753542637
1630.09753542637
1630.09753542637
1630.09753542637
1630.09753542637
1630.09753542637
1630.09753542637
1630.09753542637
1630.09753542637
1630.09753542637
1630.09753542637
1630.09753542637
1630.09753542637
1630.09753542637
1630.09753542637
1630.09753542637
1630.09753542637
1630.09753542637
1630.09753542637
1630.09753542637
1630.09753542637
1630.09753542637
1630.09753542637
1630.09753542637
1630.09753542637
1630.09753542637
1630.09753542637
1630.09753542637
1630.09753542637
1630.09753542637
1630.09753542637
1630.09753542637
1630.09753542637
1630.09753542637
1630.09753542637
1630.09753542637
1630.09753542637
1630.09753542637
1630.09753542637
1630.09753542637
1630.09753542637
1630.09753542637
1630.09753542637
1630.09753542637
1630.09753542637
1630.09753542637
1630.09753542637
1630.09753542637
1630.09753542637
1630.09753542637
1630.09753542637
1630.09753542637
1630.09753542637
1630.09753542637
1630.09753542637
1630.09753542637
1630.09753542637
1630.09753542637
1630.09753542637
1630.09753542637
1630.09753542637
1630.09753542637
1630.09753542637
1630.09753542637
1630.09753542637
1630.09753542637
1630.09753542637
1630.09753542637
1630.09753542637
1630.09753542637
1630.09753542637
1630.09753542637
1630.09753542637
1630.09753542637
1630.09753542637
1630.09753542637
1630.09753542637
1630.09753542637
1630.09753542637
1630.09753542637
1630.09753542637
1630.09753542637
1630.09753542637
1630.09753542637
1630.09753542637
1630.09753542637
1630.09753542637
1630.09753542637
1630.09753542637
1630.09753542637
1630.09753542637
1630.09753542637
1630.09753542637
1630.09753542637
1630.09753542637
1630.09753542637
1630.09753542637
1630.09753542637
1630.09753542637
1630.09753542637
1630.09753542637
1630.09753542637
1630.09753542637
1630.09753542637
1630.09753542637
1630.09753542637
1630.09753542637
1630.09753542637
1630.09753542637
1630.09753542637
1630.09753542637
1630.09753542637
1630.09753542637
1630.09753542637
1630.09753542637
1630.09753542637
1630.09753542637
1630.09753542637
1630.09753542637
1630.09753542637
1630.09753542637
1630.09753542637
1630.09753542637
1630.09753542637
1630.09753542637
1630.09753542637
1630.09753542637
1630.09753542637
1630.09753542637
1630.09753542637
1630.09753542637
1630.09753542637
1630.09753542637
1630.09753542637
1630.09753542637
1630.09753542637
1630.09753542637
1630.09753542637
1630.09753542637
1630.09753542637
1630.09753542637
1630.09753542637
1630.09753542637
1630.09753542637
1630.09753542637
1630.09753542637
1630.09753542637
1630.09753542637
1630.09753542637
1630.09753542637
1630.09753542637
1630.09753542637
1630.09753542637
1630.09753542637
1630.09753542637
1630.09753542637
1630.09753542637
1630.09753542637
1630.09753542637
1630.09753542637
1630.09753542637
1630.09753542637
1630.09753542637
1630.09753542637
1630.09753542637
1630.09753542637
1630.09753542637
1630.09753542637
1630.09753542637
1630.09753542637
1630.09753542637
1630.09753542637
1630.09753542637
1630.09753542637
1630.09753542637
1630.09753542637
1630.09753542637
1630.09753542637
1630.09753542637
1630.09753542637
1630.09753542637
1630.09753542637
1630.09753542637
1630.09753542637
1630.09753542637
1630.09753542637
1630.09753542637
1630.09753542637
1630.09753542637
1630.09753542637
1630.09753542637
1630.09753542637
1630.09753542637
1630.09753542637
1630.09753542637
1630.09753542637
1630.09753542637
1630.09753542637
1630.09753542637
1630.09753542637
1630.09753542637
1630.09753542637
1630.09753542637
1630.09753542637
1630.09753542637
1630.09753542637
1630.09753542637
1630.09753542637
1630.09753542637
1630.09753542637
1630.09753542637
1630.09753542637
1630.09753542637
1630.09753542637
1630.09753542637
1630.09753542637
1630.09753542637
1630.09753542637
1630.09753542637
1630.09753542637
1630.09753542637
1630.09753542637
1630.09753542637
1630.09753542637
1630.09753542637
1630.09753542637
1630.09753542637
1630.09753542637
1630.09753542637
1630.09753542637
1630.09753542637
1630.09753542637
1630.09753542637
1630.09753542637
1630.09753542637
1630.09753542637
1630.09753542637
1630.09753542637
1630.09753542637
1630.09753542637
1630.09753542637
1630.09753542637
1630.09753542637
1630.09753542637
1630.09753542637
1630.09753542637
1630.09753542637
1630.09753542637
1630.09753542637
1630.09753542637
1630.09753542637
1630.09753542637
1630.09753542637
1630.09753542637
1630.09753542637
1630.09753542637
1630.09753542637
1630.09753542637
1630.09753542637
1630.09753542637
1630.09753542637
1630.09753542637
1630.09753542637
1630.09753542637
1630.09753542637
1630.09753542637
1630.09753542637
1630.09753542637
1630.09753542637
1630.09753542637
1630.09753542637
1630.09753542637
1630.09753542637
1630.09753542637
1630.09753542637
1630.09753542637
1630.09753542637
1630.09753542637
1630.09753542637
1630.09753542637
1630.09753542637
1630.09753542637
1630.09753542637
1630.09753542637
1630.09753542637
1630.09753542637
1630.09753542637
1630.09753542637
1630.09753542637
1630.09753542637
1630.09753542637
1630.09753542637
1630.09753542637
1630.09753542637
1630.09753542637
1630.09753542637
1630.09753542637
1630.09753542637
1630.09753542637
1630.09753542637
1630.09753542637
1630.09753542637
1630.09753542637
1630.09753542637
1630.09753542637
1630.09753542637
1630.09753542637
1630.09753542637
1630.09753542637
1630.09753542637
1630.09753542637
1630.09753542637
1630.09753542637
1630.09753542637
1630.09753542637
1630.09753542637
1630.09753542637
1630.09753542637
1630.09753542637
1630.09753542637
1630.09753542637
1630.09753542637
1630.09753542637
1630.09753542637
1630.09753542637
1630.09753542637
1630.09753542637
1630.09753542637
1630.09753542637
1630.09753542637
1630.09753542637
1630.09753542637
1630.09753542637
1630.09753542637
1630.09753542637
1630.09753542637
1630.09753542637
1630.09753542637
1630.09753542637
1630.09753542637
1630.09753542637
1630.09753542637
1630.09753542637
1630.09753542637
1630.09753542637
1630.09753542637
1630.09753542637
1630.09753542637
1630.09753542637
1630.09753542637
1630.09753542637
1630.09753542637
1630.09753542637
1630.09753542637
1630.09753542637
1630.09753542637
1630.09753542637
1630.09753542637
1630.09753542637
1630.09753542637
1630.09753542637
1630.09753542637
1630.09753542637
1630.09753542637
1630.09753542637
1630.09753542637
1630.09753542637
1630.09753542637
1630.09753542637
1630.09753542637
1630.09753542637
1630.09753542637
1630.09753542637
1630.09753542637
1630.09753542637
1630.09753542637
1630.09753542637
1630.09753542637
1630.09753542637
1630.09753542637
1630.09753542637
1630.09753542637
1630.09753542637
1624.85366626140
1624.85366626140
1624.85366626140
1624.85366626140
1624.85366626140
1624.85366626140
1624.85366626140
1624.85366626140
1624.85366626140
1624.85366626140
1624.85366626140
1624.85366626140
1624.85366626140
1624.85366626140
1624.85366626140
1624.85366626140
1624.85366626140
1624.85366626140
1624.85366626140
1624.85366626140
1624.85366626140
1624.85366626140
1624.85366626140
1624.85366626140
1624.85366626140
1624.85366626140
1624.85366626140
1624.85366626140
1624.85366626140
1624.85366626140
1624.85366626140
1624.85366626140
1624.85366626140
1624.85366626140
1624.85366626140

ave
3003.34537895144
3042.87501625161
2865.19911763373
2873.26175700129
3009.83870474442
2970.33941165289
2881.21571653271
3150.78465423125
3067.81373671095
3145.16880358439
3240.24297884575
3134.87858955122
2840.83906997282
3169.37269859289
2975.85856789780
3084.88095115675
2879.01500552203
2981.43423698520
2850.58357562438
3016.94568493410
2610.59390718342
2807.34657089586
2972.44428539754
3073.36555344742
3018.74125560628
2822.78477090316
2821.57477519478
2869.21337200446
2976.83933344360
2997.23192845863
2821.01987084282
2920.22694924965
3007.76233144113
2886.39194385664
2837.56337957757
3009.40296773858
2788.70126039766
2727.05190694986
3005.21822966812
2975.50993652707
2585.56684604523
2775.26017819497
2905.13731099853
2845.38361898541
2698.37065853026
2686.04043895043
2658.26632696682
2901.11368104451
2739.14760347694
2734.17474958536
2852.83035783222
2585.88804281000
2609.12423965119
2603.04106565947
2711.16473931135
2496.42260139566
2801.76971408651
2630.65281990701
2405.32267579046
2480.56545328025
2503.04251983947
2336.47827176563
2512.28944673312
2552.89006891733
2386.01392153278
2697.07623847529
2629.89818419538
2374.51255978487
2533.57658128601
2269.72078849585
2576.94568335150
2651.38418575994
2586.57127375075
2526.77466489571
2313.57404278546
2484.36241699330
2393.35717980003
2455.95617417329
2558.03645742941
2404.28041423011
2570.62370973607
2505.50862919130
2531.20003545618
2522.93407811828
2486.61697760459
2397.42003153747
2462.43985834479
2534.48273998904
2713.63482005029
2376.39127709154
2485.55681005562
2321.12243210334
2374.68260707874
2329.61604261636
2169.92297256896
2280.13584494993
2387.93345648045
2250.89778710692
2086.21828936888
2090.66238095577
2072.17061020625
2192.30027315336
2265.03447235260
2171.04494772236
2075.06317955915
2063.42904348276
2163.75578801669
2176.73319347639
2077.55082279636
2114.71172729795
2156.43369115612
2086.96792162601
2110.61792393107
2220.51375083141
2047.21421990896
2126.84152739038
2028.97284926430
2149.50723321400
2079.03292769107
2029.37698604209
2087.96843798707
2156.73043772276
2293.19790689246
2121.76139752901
2087.48823064588
2175.50647540833
2000.13256689301
2170.78451839123
2171.07852770448
2012.59109290077
2158.00141391939
2143.58802269729
2125.10434966367
2510.65561942803
2432.37042177917
2489.01716650577
2255.00899854624
2172.12858132910
2323.58917994670
2160.00051432751
2240.00968955893
2307.09079145462
2175.96809500137
2263.84894849184
2321.36119580605
2238.32769855689
2517.73151615600
2241.52161803012
2361.48594483340
2434.39198365273
2363.58223603177
2215.95423822684
2407.55785414830
2307.83852318038
2275.50012857224
2550.92258547920
2470.07475510050
2398.06423635539
2387.40893100700
2427.56806874690
2416.83325555600
2395.03612115418
2379.30134478462
2339.34882008975
2505.06455889739
2365.76115433488
2305.12257814095
2393.16052266857
2196.28627419710
2257.48927532584
2425.33098806590
2264.85958639969
2363.78832502672
2112.00277786505
2294.03285585991
2088.87464595847
2229.26680482343
2102.65231959167
2300.20888099345
2059.67106346310
2130.87991951963
2403.08525302749
2371.95832648043
2096.13627229521
2179.32302229390
2428.06789688961
2066.90266668709
2176.22960920741
2050.13618164158
2113.47981802773
2026.35628307625
2244.33397098646
2267.47207048443
2112.53378632925
2082.71707654215
2160.66358121193
2228.83009005142
2271.37169981149
2009.87017163478
2003.78162922462
2222.17833051854
2047.23474576849
2029.03700900322
2279.26052579883
2207.94633841308
2168.62227974657
2111.97142188400
2167.43826090409
2088.47111052075
2207.40824491993
2053.52696011684
2080.65851533683
2013.16881635889
2221.94603471254
2121.59289096243
2021.06229269885
2052.13651091019
2186.90342153519
2029.71228715596
2084.15226709366
2167.75244078043
2113.22503814304
2175.08265921132
2138.29214793198
2166.43855738982
2185.55404734361
2194.29662763741
2151.93046072515
2233.02149484404
2254.14934741211
2207.24112049620
2199.77630595376
2242.08923830785
2054.24301253780
2090.19144635225
2172.41384414709
2139.61131343781
2096.74741625623
2077.96794881408
2140.83404374078
2358.11001096623
2111.00550315863
2219.54973935492
2267.85161935763
2240.06134283203
2318.67287774868
2143.56117044617
2108.44166190075
2109.97558570694
2114.27371652078
2142.49452813667
2148.05750562427
2111.62237184375
2118.66458495909
2314.07930831893
2083.70878694125
2097.60521561380
2099.38006574189
2186.71892544952
2092.28881083131
2028.49833805488
2185.57870241259
2410.75071530872
2267.68669267312
2178.06816051175
2360.27823489663
2055.87232926602
2145.44924143124
2083.77527320356
2142.60093054543
2156.89965622355
2061.84070169473
2129.70736610777
2086.63800410802
2052.00850361246
2037.66511706761
2162.05266966081
2036.67446368913
2011.16303143712
2208.51392400676
2228.20481408873
2085.67388690457
2363.53361209479
1980.49993158326
2117.28689073738
2178.14303416735
2120.29403545003
2191.12612695263
2091.29373236003
2162.39862085966
2162.45103125313
2133.51293599628
2055.87945927815
2182.67244455174
2123.28711597170
2223.39364717204
2135.20649919938
2124.89482110611
2037.57823424285
2091.58054868992
2008.44445022479
2201.72384020951
2163.34835588454
2189.50747880049
2186.10138776729
2193.54494211144
2108.21095577404
2192.23092013483
2130.29084204493
2070.86175105845
2161.40608120441
2137.89079890371
2127.05514891922
2059.51070987813
2046.85676999109
1990.19859348494
2205.24633894794
2164.75070632325
2113.37584860406
2053.60087613054
2175.35256430876
2187.50205204075
2215.69316460734
2310.76726975006
2018.65231919807
2142.38492546852
2051.09984811597
2105.72781205484
2053.50114627674
2156.84313121136
2109.22237826573
2112.70806457033
2049.44043796127
2098.48233749766
2143.50981900517
2125.84142942955
2347.91253335491
2219.27789663197
2378.16331546256
2356.99504969232
2286.63408610937
2316.14142236076
2365.90357878062
2350.78329464395
2494.67353952681
2313.03905266000
2253.40539310394
2281.97292682862
2374.23445317571
2237.58286897011
2463.76525179328
2406.28446685550
2279.35296861996
2369.26853913203
2457.48326404904
2299.08641982698
2536.97700278260
2296.23016447084
2367.06709583561
2351.51902653230
2373.72615792058
2326.06659676057
2181.76239555371
2261.18994036359
2144.79684719966
2069.77476647960
2063.59518470539
2083.73082407448
2022.64233470630
2173.41653196147
2164.05742774644
2082.81414721419
2168.55474218958
2336.55342367659
2150.10942062014
2101.17253870015
2278.04345249497
2282.09189297213
2159.47959112048
2146.04746342772
2112.90933704266
2172.34408464765
2187.38871725623
2176.25141025689
1912.34179701757
2004.42053206484
1968.12223213492
2182.84472927069
2349.69700096965
2045.00174243875
1911.57113979586
2199.82798595590
2279.54996925078
2192.06976419277
2175.83302847037
2116.68281176890
2101.75783260521
2218.14389459561
2353.40664930175
2113.88749910607
2043.16873102112
2011.67032290185
2246.32513787864
2393.06241565504
2087.59611600327
2107.19940554488
2215.79305903969
2096.77445593565
2083.77522443355
2034.74523560892
2222.03279492597
2082.96377416959
2049.55889451878
2137.50187279660
2046.78835212316
2064.18513549285
2158.99225888414
2212.87983980177
2062.96460352406
2245.15377472084
2224.12919695902
2116.67521244778
2134.48505380845
1983.46298521872
2031.81436270996
2074.01000704952
2089.45608066836
2234.94003978084
2059.36939827495
2253.15969297470
2290.45214956088
2519.90240954574
2265.25904908305
2414.49336543026
2340.26917619419
2490.45901880035
2222.78724452809
2450.13380264675
2186.34235258116
2298.28345783120
2192.41124750984
2331.52558058737
2239.68837457250
2033.91499573892
2126.65961047084
2228.57144656095
2116.78945331205
2125.89538283485
2088.64094421992
2093.69811452138
2115.85167714670
2190.26190195710
2293.84293999115
2097.09254923683
2315.36514923207
2117.72167996925
2159.47732609344
2095.56316859713
2213.43183766151
2024.42727851680
1923.20711021391
2341.05455156256
2293.57904950387
2213.21023898019
1936.58993849462
2232.44606980534
2105.72633757181
2147.56123872982
2271.88323064057
2063.13180971395
2000.52059352232
2129.97142426842
2406.03677622153
2232.41774042500
1980.36151809784
2169.78257773162
2339.52106981490
2149.18208946853
2076.44236125767
2262.11192397693
1901.76291536371
2017.59609760868
2207.32192818204
2104.71051017611
2223.38265861779
1988.58638137129
2234.22179537859
2269.32897505458
2164.35964112302
2439.94759220095
2197.52436030540
2250.29230038767
2252.05848862996
2226.09976997808
2251.72121318592
2325.18200357926
2252.05258817352
2261.71590381339
2237.21132000506
2128.43210866039