最优解为:1569.5217
最优解路径:

Best_route =

  1 至 24 列

     0     0     0     0     0     0     0     0     0     0     0     0     0     0     0     0     0     0     0     0     0     0     0     0
    29    30     3     4    24    27    28    18     0     0     0     0     0     0     0     0     0     0     0     0     0     0     0     0
    23    17     5     6    13    26    14    19    20     7     8     0     0     0     0     0     0     0     0     0     0     0     0     0
     1     2    15    25    16     9    10    21    22    11    12     0     0     0     0     0     0     0     0     0     0     0     0     0
     0     0     0     0     0     0     0     0     0     0     0     0     0     0     0     0     0     0     0     0     0     0     0     0

  25 至 31 列

     0     0     0     0     0     0     0
     0     0     0     0     0     0     0
     0     0     0     0     0     0     0
     0     0     0     0     0     0     0
     0     0     0     0     0     0     0

本次运算用时:283.721秒
算法在第13代时收敛

best
1946.06787585725
1922.94745100257
1850.14635789250
1850.14635789250
1850.14635789250
1850.14635789250
1830.25983530030
1830.25983530030
1830.25983530030
1830.25983530030
1830.25983530030
1830.25983530030
1569.52166690615
1569.52166690615
1569.52166690615
1569.52166690615
1569.52166690615
1569.52166690615
1569.52166690615
1569.52166690615
1569.52166690615
1569.52166690615
1569.52166690615
1569.52166690615
1569.52166690615
1569.52166690615
1569.52166690615
1569.52166690615
1569.52166690615
1569.52166690615
1569.52166690615
1569.52166690615
1569.52166690615
1569.52166690615
1569.52166690615
1569.52166690615
1569.52166690615
1569.52166690615
1569.52166690615
1569.52166690615
1569.52166690615
1569.52166690615
1569.52166690615
1569.52166690615
1569.52166690615
1569.52166690615
1569.52166690615
1569.52166690615
1569.52166690615
1569.52166690615
1569.52166690615
1569.52166690615
1569.52166690615
1569.52166690615
1569.52166690615
1569.52166690615
1569.52166690615
1569.52166690615
1569.52166690615
1569.52166690615
1569.52166690615
1569.52166690615
1569.52166690615
1569.52166690615
1569.52166690615
1569.52166690615
1569.52166690615
1569.52166690615
1569.52166690615
1569.52166690615
1569.52166690615
1569.52166690615
1569.52166690615
1569.52166690615
1569.52166690615
1569.52166690615
1569.52166690615
1569.52166690615
1569.52166690615
1569.52166690615
1569.52166690615
1569.52166690615
1569.52166690615
1569.52166690615
1569.52166690615
1569.52166690615
1569.52166690615
1569.52166690615
1569.52166690615
1569.52166690615
1569.52166690615
1569.52166690615
1569.52166690615
1569.52166690615
1569.52166690615
1569.52166690615
1569.52166690615
1569.52166690615
1569.52166690615
1569.52166690615
1569.52166690615
1569.52166690615
1569.52166690615
1569.52166690615
1569.52166690615
1569.52166690615
1569.52166690615
1569.52166690615
1569.52166690615
1569.52166690615
1569.52166690615
1569.52166690615
1569.52166690615
1569.52166690615
1569.52166690615
1569.52166690615
1569.52166690615
1569.52166690615
1569.52166690615
1569.52166690615
1569.52166690615
1569.52166690615
1569.52166690615
1569.52166690615
1569.52166690615
1569.52166690615
1569.52166690615
1569.52166690615
1569.52166690615
1569.52166690615
1569.52166690615
1569.52166690615
1569.52166690615
1569.52166690615
1569.52166690615
1569.52166690615
1569.52166690615
1569.52166690615
1569.52166690615
1569.52166690615
1569.52166690615
1569.52166690615
1569.52166690615
1569.52166690615
1569.52166690615
1569.52166690615
1569.52166690615
1569.52166690615
1569.52166690615
1569.52166690615
1569.52166690615
1569.52166690615
1569.52166690615
1569.52166690615
1569.52166690615
1569.52166690615
1569.52166690615
1569.52166690615
1569.52166690615
1569.52166690615
1569.52166690615
1569.52166690615
1569.52166690615
1569.52166690615
1569.52166690615
1569.52166690615
1569.52166690615
1569.52166690615
1569.52166690615
1569.52166690615
1569.52166690615
1569.52166690615
1569.52166690615
1569.52166690615
1569.52166690615
1569.52166690615
1569.52166690615
1569.52166690615
1569.52166690615
1569.52166690615
1569.52166690615
1569.52166690615
1569.52166690615
1569.52166690615
1569.52166690615
1569.52166690615
1569.52166690615
1569.52166690615
1569.52166690615
1569.52166690615
1569.52166690615
1569.52166690615
1569.52166690615
1569.52166690615
1569.52166690615
1569.52166690615
1569.52166690615
1569.52166690615
1569.52166690615
1569.52166690615
1569.52166690615
1569.52166690615
1569.52166690615
1569.52166690615
1569.52166690615
1569.52166690615
1569.52166690615
1569.52166690615
1569.52166690615
1569.52166690615
1569.52166690615
1569.52166690615
1569.52166690615
1569.52166690615
1569.52166690615
1569.52166690615
1569.52166690615
1569.52166690615
1569.52166690615
1569.52166690615
1569.52166690615
1569.52166690615
1569.52166690615
1569.52166690615
1569.52166690615
1569.52166690615
1569.52166690615
1569.52166690615
1569.52166690615
1569.52166690615
1569.52166690615
1569.52166690615
1569.52166690615
1569.52166690615
1569.52166690615
1569.52166690615
1569.52166690615
1569.52166690615
1569.52166690615
1569.52166690615
1569.52166690615
1569.52166690615
1569.52166690615
1569.52166690615
1569.52166690615
1569.52166690615
1569.52166690615
1569.52166690615
1569.52166690615
1569.52166690615
1569.52166690615
1569.52166690615
1569.52166690615
1569.52166690615
1569.52166690615
1569.52166690615
1569.52166690615
1569.52166690615
1569.52166690615
1569.52166690615
1569.52166690615
1569.52166690615
1569.52166690615
1569.52166690615
1569.52166690615
1569.52166690615
1569.52166690615
1569.52166690615
1569.52166690615
1569.52166690615
1569.52166690615
1569.52166690615
1569.52166690615
1569.52166690615
1569.52166690615
1569.52166690615
1569.52166690615
1569.52166690615
1569.52166690615
1569.52166690615
1569.52166690615
1569.52166690615
1569.52166690615
1569.52166690615
1569.52166690615
1569.52166690615
1569.52166690615
1569.52166690615
1569.52166690615
1569.52166690615
1569.52166690615
1569.52166690615
1569.52166690615
1569.52166690615
1569.52166690615
1569.52166690615
1569.52166690615
1569.52166690615
1569.52166690615
1569.52166690615
1569.52166690615
1569.52166690615
1569.52166690615
1569.52166690615
1569.52166690615
1569.52166690615
1569.52166690615
1569.52166690615
1569.52166690615
1569.52166690615
1569.52166690615
1569.52166690615
1569.52166690615
1569.52166690615
1569.52166690615
1569.52166690615
1569.52166690615
1569.52166690615
1569.52166690615
1569.52166690615
1569.52166690615
1569.52166690615
1569.52166690615
1569.52166690615
1569.52166690615
1569.52166690615
1569.52166690615
1569.52166690615
1569.52166690615
1569.52166690615
1569.52166690615
1569.52166690615
1569.52166690615
1569.52166690615
1569.52166690615
1569.52166690615
1569.52166690615
1569.52166690615
1569.52166690615
1569.52166690615
1569.52166690615
1569.52166690615
1569.52166690615
1569.52166690615
1569.52166690615
1569.52166690615
1569.52166690615
1569.52166690615
1569.52166690615
1569.52166690615
1569.52166690615
1569.52166690615
1569.52166690615
1569.52166690615
1569.52166690615
1569.52166690615
1569.52166690615
1569.52166690615
1569.52166690615
1569.52166690615
1569.52166690615
1569.52166690615
1569.52166690615
1569.52166690615
1569.52166690615
1569.52166690615
1569.52166690615
1569.52166690615
1569.52166690615
1569.52166690615
1569.52166690615
1569.52166690615
1569.52166690615
1569.52166690615
1569.52166690615
1569.52166690615
1569.52166690615
1569.52166690615
1569.52166690615
1569.52166690615
1569.52166690615
1569.52166690615
1569.52166690615
1569.52166690615
1569.52166690615
1569.52166690615
1569.52166690615
1569.52166690615
1569.52166690615
1569.52166690615
1569.52166690615
1569.52166690615
1569.52166690615
1569.52166690615
1569.52166690615
1569.52166690615
1569.52166690615
1569.52166690615
1569.52166690615
1569.52166690615
1569.52166690615
1569.52166690615
1569.52166690615
1569.52166690615
1569.52166690615
1569.52166690615
1569.52166690615
1569.52166690615
1569.52166690615
1569.52166690615
1569.52166690615
1569.52166690615
1569.52166690615
1569.52166690615
1569.52166690615
1569.52166690615
1569.52166690615
1569.52166690615
1569.52166690615
1569.52166690615
1569.52166690615
1569.52166690615
1569.52166690615
1569.52166690615
1569.52166690615
1569.52166690615
1569.52166690615
1569.52166690615
1569.52166690615
1569.52166690615
1569.52166690615
1569.52166690615
1569.52166690615
1569.52166690615
1569.52166690615
1569.52166690615
1569.52166690615
1569.52166690615
1569.52166690615
1569.52166690615
1569.52166690615
1569.52166690615
1569.52166690615
1569.52166690615
1569.52166690615
1569.52166690615
1569.52166690615
1569.52166690615
1569.52166690615
1569.52166690615
1569.52166690615
1569.52166690615
1569.52166690615
1569.52166690615
1569.52166690615
1569.52166690615
1569.52166690615
1569.52166690615
1569.52166690615
1569.52166690615
1569.52166690615
1569.52166690615
1569.52166690615
1569.52166690615
1569.52166690615
1569.52166690615
1569.52166690615
1569.52166690615
1569.52166690615
1569.52166690615
1569.52166690615
1569.52166690615
1569.52166690615
1569.52166690615
1569.52166690615
1569.52166690615
1569.52166690615
1569.52166690615
1569.52166690615
1569.52166690615
1569.52166690615
1569.52166690615
1569.52166690615
1569.52166690615
1569.52166690615
1569.52166690615
1569.52166690615
1569.52166690615
1569.52166690615
1569.52166690615
1569.52166690615
1569.52166690615
1569.52166690615
1569.52166690615
1569.52166690615
1569.52166690615
1569.52166690615
1569.52166690615
1569.52166690615
1569.52166690615

ave
2918.65279108382
2936.29652832828
2875.80709535188
2923.21009937878
2811.96285765657
3011.83773573780
2819.12393685808
3092.64719141900
2975.98082919901
2896.36999728637
3141.50402652937
3040.30381166806
3099.49354134073
2957.91701171440
2809.91689348699
2859.90046394423
3041.26299462023
2986.02869255726
3129.32510604986
3129.18566534964
2774.19622168306
2837.02201500146
2714.98038033282
2916.04202162168
3098.04668877328
3127.43373160836
2960.27379037619
2732.33812109677
3049.04886844786
2798.89687444690
3042.32431465304
2956.83892982610
2878.96529687625
3033.85559122795
2972.76648530046
2725.73370193620
2890.68975854865
2907.99297506341
2831.90468812645
2550.35514790376
2785.79126612665
2780.50643448353
2708.57540515263
2641.62865097775
2675.49218669909
2808.46263966786
2674.12028501822
2605.05747156198
2659.94369567338
2599.57932463416
2592.11894594127
2826.64386210432
2634.05162029587
2561.91226925825
2483.56287652375
2570.17080766388
2384.41559066897
2432.08453966189
2333.67487331964
2519.62105982511
2423.99798494718
2563.36698182334
2592.23535408224
2529.77438649365
2458.44194679985
2775.33988034414
2590.98429185524
2494.47001874390
2407.09696344667
2575.36833691443
2440.59114178641
2486.33654175380
2769.08886452243
2684.71281303465
2645.96740087845
2435.38639541953
2306.45779075351
2642.38600634503
2647.36172836701
2764.17633772137
2679.88145365176
2496.15913581309
2665.46473754109
2513.24161527739
2367.95456326553
2361.55825471646
2249.88212010023
2305.49918013448
2373.94085080352
2327.33840019978
2216.61032590070
2152.12474593431
2285.81027876719
2128.69141462793
2240.33664099757
2296.01035957779
2222.56555309903
2157.04812785031
2280.64931793998
2113.24007683362
2283.09278501234
2142.91144847054
2272.69652006161
2245.62797904244
2286.58542187728
2195.73140006412
2317.72024282280
2306.73175238038
2126.39581466664
2341.10586653880
2204.37675646834
2272.18995684789
2283.39357218733
2275.66178841026
2209.23434494691
2211.79913616321
2184.67038447111
2285.66731131233
2207.65528527402
2342.03355236413
2095.67846782102
2284.45394305156
2260.37053577893
2223.42420148273
2207.35303187449
2281.41670329895
2126.91169604749
2122.87174444245
2223.97943407906
2292.40611714949
2163.90258223238
2317.87829429370
2196.94447277618
2486.06603872839
2332.38201617064
2343.92303551531
2405.71412826401
2410.33909878758
2360.42882720920
2269.88594877150
2177.75206130033
2283.46379341758
2250.48863295868
2190.50552098439
2294.85296383407
2345.77044938702
2169.94147242689
2365.70612792902
2238.44995156919
2281.97794580221
2300.97699237190
2411.59180329023
2359.54401969887
2554.60527353030
2501.62607051419
2492.84337822467
2357.71435129180
2348.52627639324
2399.18870015038
2409.59945534034
2363.42597858244
2434.92491949484
2388.74454402420
2369.51157151383
2310.75750868120
2301.14394862002
2227.41086711829
2253.28479450096
2407.32118725615
2290.80141433050
2255.27888740469
2339.82068140066
2394.90750106102
2256.75622638023
2204.17141296268
2199.90797377621
2386.17108456208
2089.84029176697
2231.24127561413
2331.87296383633
2288.40813300751
2205.14149298099
2321.80255199574
2198.34649341889
2479.87160184805
2269.93816515562
2150.05553074541
2293.51473781526
2121.15499010295
2170.90515685589
2279.83854454105
2276.45330683056
2361.57386107535
2157.97299021092
2234.21012879936
2304.97265696798
2259.80423522514
2290.39714386634
2252.24164353664
2141.38523423699
2334.71786589971
2362.01218660516
2337.91278784435
2494.05103145422
2326.79962766607
2243.38374085776
2242.15884818708
2312.37805782173
2320.90485930278
2336.25269232823
2402.61648468831
2288.72923495157
2232.47897742972
2352.41849740203
2239.04935034726
2310.48890869698
2224.49279756077
2229.87306728494
2294.97048685059
2279.05636491321
2129.37440564532
2232.69380055013
2222.32981387833
2373.50347634985
2238.46734790670
2393.86022561073
2333.29195548236
2350.61998409316
2353.22000720139
2359.53597974808
2163.37927860363
2203.02181258482
2317.61206539992
2230.15607151010
2228.88740448215
2267.60971644200
2194.27436058392
2193.16318304752
2215.65594657395
2299.80438466226
2248.62585227895
2218.29980104189
2217.29773003071
2085.86727856751
2177.39560450059
2131.56898415985
2171.89315537467
2221.91239351723
2147.50922543496
2223.13297315118
2308.17984027837
2133.09609307127
2298.46718343320
2368.18840079520
2308.59975032211
2421.65958530049
2318.30782282288
2207.88820250485
2267.06916837222
2175.74642705306
2228.34786085384
2128.29615268514
2225.54116214680
2300.68935001680
2309.32675502806
2231.34824632844
2335.10221412288
2260.60017198229
2256.02453954254
2174.05392774989
2533.22641481899
2291.83383657696
2228.07511709622
2393.19006239252
2223.14969618530
2257.47040983430
2293.95293628259
2351.77761999396
2375.49676665836
2276.39322836839
2362.64086661119
2277.87772597506
2342.35097404917
2366.59672808019
2256.82306937551
2332.37605476252
2338.86629622970
2519.28360161224
2350.13021196765
2271.15826222608
2354.89355737908
2176.56775118390
2174.67003147462
2397.03007716486
2213.06248453999
2327.69992410927
2319.02557280790
2209.13760187690
2279.67921426724
2112.00286989174
2210.97739535878
2231.05956402739
2421.45194195524
2239.06614489949
2256.29069332959
2281.38161744132
2163.03678096473
2326.32418355029
2158.25320389284
2268.59227218772
2335.48909222992
2242.03348488937
2306.62179632111
2335.92537606180
2204.68208733510
2319.34436048742
2248.97460444668
2302.94994120056
2276.22756733261
2318.00934021620
2249.98841654853
2387.18272625195
2249.50490430161
2251.31739847508
2235.36028543463
2455.00610846052
2179.78571317166
2372.22046231610
2376.49831508291
2231.65221968493
2166.96324717942
2322.57537710109
2324.61611373611
2229.78020559811
2213.39675879989
2197.63897582976
2275.94693621847
2442.96334939611
2197.84547902751
2286.85295593879
2196.98897820423
2344.55291559605
2242.17962298273
2200.61442166600
2211.77635422382
2260.72228837651
2225.25456049695
2257.04969466511
2327.44877991019
2164.77587035692
2196.04881508490
2257.30054090548
2227.61364378281
2325.05470959158
2260.79922593418
2308.88731623759
2413.40188874920
2345.51698416068
2223.70533672084
2363.40814537668
2277.44599392813
2253.64314082348
2297.49016641053
2247.81261988750
2257.22592353874
2206.88293090801
2165.73079161684
2206.33992756387
2271.51499595231
2343.16291214549
2250.58054361738
2265.80842572202
2266.96538804469
2205.18025127518
2416.41658277061
2146.48638535938
2187.46803240587
2350.39179473996
2256.99885651842
2266.74648888775
2179.08517827891
2223.40671159455
2247.88123973119
2385.86921209347
2266.42920785261
2281.62821977670
2186.28527134836
2125.83244988275
2262.23111487647
2225.61681958336
2212.18916905235
2069.95368814705
2453.06628862989
2369.35680956339
2291.89113370173
2299.60270846144
2336.57471349254
2442.56868652066
2411.83231251970
2247.80688556084
2341.07919922797
2263.78026864257
2180.52453192799
2358.53725218695
2503.94447529457
2128.22495196631
2148.27452372424
2340.33966987778
2259.48158011320
2235.73922392060
2372.61329805003
2324.50992766450
2170.46922110315
2294.74872885840
2255.37059249304
2172.31748528258
2192.24078790294
2420.84803927277
2204.75740060597
2239.41291480935
2252.12786946470
2171.26240930212
2208.72024709880
2125.17199191511
2288.83895064671
2332.08894046815
2028.91993555048
2098.40544446967
2152.18085824508
2208.38159829092
2353.00489301569
2298.11150033091
2521.56956256686
2203.19489578511
2140.63289025937
2454.55940681752
2334.00141138866
2213.79240964172
2493.95635939756
2367.55067467681
2240.28811002517
2349.09725074919
2320.94624292921
2200.54028368421
2520.42181739464
2391.59917345338
2443.18049804181
2511.35384485916
2530.95592145465
2391.06967575012
2357.06621554345
2512.91656814564
2485.94240477137
2376.20157597136
2448.87466028320
2497.86135446605
2156.60353921815
2502.69165488010
2343.74650093760
2347.59233834511
2486.94672288443
2206.32085898739
2424.63073780420
2259.47258229011
2303.25391537486
2284.17606439614
2452.74179464743
2256.98137669317
2191.44490953987
2419.97086687384
2508.89084876173
2341.74714187310
2224.05936226350
2559.15696657471
2363.69975124974
2318.02744106060
2316.40652856481
2455.10802064955
2392.40284774428
2243.16152317785
2289.78996445330
2355.61691391248
2301.09409200534
2354.65206825340
2525.67232004648
2330.57430338157
2416.55566327005
2342.64595658035
2517.51252709399
2219.74881927195
2527.73563992407
2353.94281668928
2483.42769640326
2346.17154369090
2383.10263418953
2367.53143166254
2270.19604373663
2269.85697435934
2505.36671449210
2569.60524364588