最优解为:1101.0652
最优解路径:

Best_route =

  1 至 24 列

     0     0     0     0     0     0     0     0     0     0     0     0     0     0     0     0     0     0     0     0     0     0     0     0
     0     0     0     0     0     0     0     0     0     0     0     0     0     0     0     0     0     0     0     0     0     0     0     0
     0     0     0     0     0     0     0     0     0     0     0     0     0     0     0     0     0     0     0     0     0     0     0     0
     0     0     0     0     0     0     0     0     0     0     0     0     0     0     0     0     0     0     0     0     0     0     0     0
     0     0     0     0     0     0     0     0     0     0     0     0     0     0     0     0     0     0     0     0     0     0     0     0
     0     0     0     0     0     0     0     0     0     0     0     0     0     0     0     0     0     0     0     0     0     0     0     0
    17    11    13    77    34    50    38     1    40    79    46     2    37    80    68    76    35    10    18    49    19    73    66    54
     0     0     0     0     0     0     0     0     0     0     0     0     0     0     0     0     0     0     0     0     0     0     0     0
     0     0     0     0     0     0     0     0     0     0     0     0     0     0     0     0     0     0     0     0     0     0     0     0
     0     0     0     0     0     0     0     0     0     0     0     0     0     0     0     0     0     0     0     0     0     0     0     0
     0     0     0     0     0     0     0     0     0     0     0     0     0     0     0     0     0     0     0     0     0     0     0     0
     0     0     0     0     0     0     0     0     0     0     0     0     0     0     0     0     0     0     0     0     0     0     0     0
     0     0     0     0     0     0     0     0     0     0     0     0     0     0     0     0     0     0     0     0     0     0     0     0
     0     0     0     0     0     0     0     0     0     0     0     0     0     0     0     0     0     0     0     0     0     0     0     0
    65    14    36    30    67    29    31    15    58    61    21    53    55    45    39    24    62    57     0     0     0     0     0     0
     0     0     0     0     0     0     0     0     0     0     0     0     0     0     0     0     0     0     0     0     0     0     0     0
     0     0     0     0     0     0     0     0     0     0     0     0     0     0     0     0     0     0     0     0     0     0     0     0
     0     0     0     0     0     0     0     0     0     0     0     0     0     0     0     0     0     0     0     0     0     0     0     0
     0     0     0     0     0     0     0     0     0     0     0     0     0     0     0     0     0     0     0     0     0     0     0     0
     0     0     0     0     0     0     0     0     0     0     0     0     0     0     0     0     0     0     0     0     0     0     0     0
     0     0     0     0     0     0     0     0     0     0     0     0     0     0     0     0     0     0     0     0     0     0     0     0
     0     0     0     0     0     0     0     0     0     0     0     0     0     0     0     0     0     0     0     0     0     0     0     0
     0     0     0     0     0     0     0     0     0     0     0     0     0     0     0     0     0     0     0     0     0     0     0     0
     0     0     0     0     0     0     0     0     0     0     0     0     0     0     0     0     0     0     0     0     0     0     0     0
    71     8    12    47    78    32    33    27    75     5    52    25     4    72    28    16    70    59    56     9    22     3    41     7

  25 至 48 列

     0     0     0     0     0     0     0     0     0     0     0     0     0     0     0     0     0     0     0     0     0     0     0     0
     0     0     0     0     0     0     0     0     0     0     0     0     0     0     0     0     0     0     0     0     0     0     0     0
     0     0     0     0     0     0     0     0     0     0     0     0     0     0     0     0     0     0     0     0     0     0     0     0
     0     0     0     0     0     0     0     0     0     0     0     0     0     0     0     0     0     0     0     0     0     0     0     0
     0     0     0     0     0     0     0     0     0     0     0     0     0     0     0     0     0     0     0     0     0     0     0     0
     0     0     0     0     0     0     0     0     0     0     0     0     0     0     0     0     0     0     0     0     0     0     0     0
    23    48    20    43    69    74    26    60     0     0     0     0     0     0     0     0     0     0     0     0     0     0     0     0
     0     0     0     0     0     0     0     0     0     0     0     0     0     0     0     0     0     0     0     0     0     0     0     0
     0     0     0     0     0     0     0     0     0     0     0     0     0     0     0     0     0     0     0     0     0     0     0     0
     0     0     0     0     0     0     0     0     0     0     0     0     0     0     0     0     0     0     0     0     0     0     0     0
     0     0     0     0     0     0     0     0     0     0     0     0     0     0     0     0     0     0     0     0     0     0     0     0
     0     0     0     0     0     0     0     0     0     0     0     0     0     0     0     0     0     0     0     0     0     0     0     0
     0     0     0     0     0     0     0     0     0     0     0     0     0     0     0     0     0     0     0     0     0     0     0     0
     0     0     0     0     0     0     0     0     0     0     0     0     0     0     0     0     0     0     0     0     0     0     0     0
     0     0     0     0     0     0     0     0     0     0     0     0     0     0     0     0     0     0     0     0     0     0     0     0
     0     0     0     0     0     0     0     0     0     0     0     0     0     0     0     0     0     0     0     0     0     0     0     0
     0     0     0     0     0     0     0     0     0     0     0     0     0     0     0     0     0     0     0     0     0     0     0     0
     0     0     0     0     0     0     0     0     0     0     0     0     0     0     0     0     0     0     0     0     0     0     0     0
     0     0     0     0     0     0     0     0     0     0     0     0     0     0     0     0     0     0     0     0     0     0     0     0
     0     0     0     0     0     0     0     0     0     0     0     0     0     0     0     0     0     0     0     0     0     0     0     0
     0     0     0     0     0     0     0     0     0     0     0     0     0     0     0     0     0     0     0     0     0     0     0     0
     0     0     0     0     0     0     0     0     0     0     0     0     0     0     0     0     0     0     0     0     0     0     0     0
     0     0     0     0     0     0     0     0     0     0     0     0     0     0     0     0     0     0     0     0     0     0     0     0
     0     0     0     0     0     0     0     0     0     0     0     0     0     0     0     0     0     0     0     0     0     0     0     0
    64    63    42    44     6    51     0     0     0     0     0     0     0     0     0     0     0     0     0     0     0     0     0     0

  49 至 72 列

     0     0     0     0     0     0     0     0     0     0     0     0     0     0     0     0     0     0     0     0     0     0     0     0
     0     0     0     0     0     0     0     0     0     0     0     0     0     0     0     0     0     0     0     0     0     0     0     0
     0     0     0     0     0     0     0     0     0     0     0     0     0     0     0     0     0     0     0     0     0     0     0     0
     0     0     0     0     0     0     0     0     0     0     0     0     0     0     0     0     0     0     0     0     0     0     0     0
     0     0     0     0     0     0     0     0     0     0     0     0     0     0     0     0     0     0     0     0     0     0     0     0
     0     0     0     0     0     0     0     0     0     0     0     0     0     0     0     0     0     0     0     0     0     0     0     0
     0     0     0     0     0     0     0     0     0     0     0     0     0     0     0     0     0     0     0     0     0     0     0     0
     0     0     0     0     0     0     0     0     0     0     0     0     0     0     0     0     0     0     0     0     0     0     0     0
     0     0     0     0     0     0     0     0     0     0     0     0     0     0     0     0     0     0     0     0     0     0     0     0
     0     0     0     0     0     0     0     0     0     0     0     0     0     0     0     0     0     0     0     0     0     0     0     0
     0     0     0     0     0     0     0     0     0     0     0     0     0     0     0     0     0     0     0     0     0     0     0     0
     0     0     0     0     0     0     0     0     0     0     0     0     0     0     0     0     0     0     0     0     0     0     0     0
     0     0     0     0     0     0     0     0     0     0     0     0     0     0     0     0     0     0     0     0     0     0     0     0
     0     0     0     0     0     0     0     0     0     0     0     0     0     0     0     0     0     0     0     0     0     0     0     0
     0     0     0     0     0     0     0     0     0     0     0     0     0     0     0     0     0     0     0     0     0     0     0     0
     0     0     0     0     0     0     0     0     0     0     0     0     0     0     0     0     0     0     0     0     0     0     0     0
     0     0     0     0     0     0     0     0     0     0     0     0     0     0     0     0     0     0     0     0     0     0     0     0
     0     0     0     0     0     0     0     0     0     0     0     0     0     0     0     0     0     0     0     0     0     0     0     0
     0     0     0     0     0     0     0     0     0     0     0     0     0     0     0     0     0     0     0     0     0     0     0     0
     0     0     0     0     0     0     0     0     0     0     0     0     0     0     0     0     0     0     0     0     0     0     0     0
     0     0     0     0     0     0     0     0     0     0     0     0     0     0     0     0     0     0     0     0     0     0     0     0
     0     0     0     0     0     0     0     0     0     0     0     0     0     0     0     0     0     0     0     0     0     0     0     0
     0     0     0     0     0     0     0     0     0     0     0     0     0     0     0     0     0     0     0     0     0     0     0     0
     0     0     0     0     0     0     0     0     0     0     0     0     0     0     0     0     0     0     0     0     0     0     0     0
     0     0     0     0     0     0     0     0     0     0     0     0     0     0     0     0     0     0     0     0     0     0     0     0

  73 至 81 列

     0     0     0     0     0     0     0     0     0
     0     0     0     0     0     0     0     0     0
     0     0     0     0     0     0     0     0     0
     0     0     0     0     0     0     0     0     0
     0     0     0     0     0     0     0     0     0
     0     0     0     0     0     0     0     0     0
     0     0     0     0     0     0     0     0     0
     0     0     0     0     0     0     0     0     0
     0     0     0     0     0     0     0     0     0
     0     0     0     0     0     0     0     0     0
     0     0     0     0     0     0     0     0     0
     0     0     0     0     0     0     0     0     0
     0     0     0     0     0     0     0     0     0
     0     0     0     0     0     0     0     0     0
     0     0     0     0     0     0     0     0     0
     0     0     0     0     0     0     0     0     0
     0     0     0     0     0     0     0     0     0
     0     0     0     0     0     0     0     0     0
     0     0     0     0     0     0     0     0     0
     0     0     0     0     0     0     0     0     0
     0     0     0     0     0     0     0     0     0
     0     0     0     0     0     0     0     0     0
     0     0     0     0     0     0     0     0     0
     0     0     0     0     0     0     0     0     0
     0     0     0     0     0     0     0     0     0

本次运算用时:2182.724秒
算法在第498代时收敛

best
1811.91290467445
1811.91290467445
1801.95749842376
1794.08416446653
1784.70583918927
1770.82142362746
1770.82142362746
1770.82142362746
1770.82142362746
1770.82142362746
1770.82142362746
1770.82142362746
1770.82142362746
1770.82142362746
1770.82142362746
1770.82142362746
1770.82142362746
1770.82142362746
1770.82142362746
1770.82142362746
1770.82142362746
1770.82142362746
1770.82142362746
1770.82142362746
1770.82142362746
1770.82142362746
1770.82142362746
1770.82142362746
1770.82142362746
1770.82142362746
1770.82142362746
1770.82142362746
1770.82142362746
1770.82142362746
1770.82142362746
1770.82142362746
1770.82142362746
1770.82142362746
1770.82142362746
1770.82142362746
1770.82142362746
1770.82142362746
1770.82142362746
1770.82142362746
1770.82142362746
1770.82142362746
1770.82142362746
1770.82142362746
1770.82142362746
1770.82142362746
1770.82142362746
1770.82142362746
1770.82142362746
1770.82142362746
1770.82142362746
1770.82142362746
1770.82142362746
1770.82142362746
1770.82142362746
1770.82142362746
1770.82142362746
1770.82142362746
1770.82142362746
1770.82142362746
1770.82142362746
1770.82142362746
1770.82142362746
1770.82142362746
1770.82142362746
1770.82142362746
1770.82142362746
1770.82142362746
1770.82142362746
1770.82142362746
1770.82142362746
1770.82142362746
1770.82142362746
1770.82142362746
1770.82142362746
1770.82142362746
1770.82142362746
1770.82142362746
1770.82142362746
1770.82142362746
1770.82142362746
1717.76375410966
1717.76375410966
1717.76375410966
1717.76375410966
1717.76375410966
1717.76375410966
1717.76375410966
1717.76375410966
1717.76375410966
1717.76375410966
1717.76375410966
1717.76375410966
1717.76375410966
1717.76375410966
1717.76375410966
1717.76375410966
1717.76375410966
1717.76375410966
1717.76375410966
1717.76375410966
1717.76375410966
1717.76375410966
1717.76375410966
1717.76375410966
1717.76375410966
1717.76375410966
1717.76375410966
1717.76375410966
1717.76375410966
1717.76375410966
1717.76375410966
1717.76375410966
1717.76375410966
1717.76375410966
1717.76375410966
1717.76375410966
1717.76375410966
1717.76375410966
1717.76375410966
1717.76375410966
1717.76375410966
1717.76375410966
1717.76375410966
1717.76375410966
1717.76375410966
1717.76375410966
1717.76375410966
1717.76375410966
1717.76375410966
1717.76375410966
1717.76375410966
1717.76375410966
1717.76375410966
1717.76375410966
1717.76375410966
1717.76375410966
1717.76375410966
1717.76375410966
1717.76375410966
1717.76375410966
1717.76375410966
1717.76375410966
1717.76375410966
1717.76375410966
1717.76375410966
1717.76375410966
1717.76375410966
1714.85119235071
1714.85119235071
1714.85119235071
1714.85119235071
1714.85119235071
1714.85119235071
1714.85119235071
1714.85119235071
1714.85119235071
1714.85119235071
1714.85119235071
1714.85119235071
1714.85119235071
1714.85119235071
1714.85119235071
1714.85119235071
1713.11645989454
1713.11645989454
1713.11645989454
1713.11645989454
1713.11645989454
1713.11645989454
1713.11645989454
1713.11645989454
1713.11645989454
1713.11645989454
1713.11645989454
1713.11645989454
1713.11645989454
1713.11645989454
1713.11645989454
1713.11645989454
1713.11645989454
1713.11645989454
1713.11645989454
1713.11645989454
1713.11645989454
1713.11645989454
1713.11645989454
1713.11645989454
1713.11645989454
1713.11645989454
1713.11645989454
1713.11645989454
1713.11645989454
1713.11645989454
1713.11645989454
1710.43092344997
1417.16202345600
1417.16202345600
1417.16202345600
1417.16202345600
1417.16202345600
1417.16202345600
1417.16202345600
1417.16202345600
1417.16202345600
1417.16202345600
1414.14530000690
1414.14530000690
1414.14530000690
1414.14530000690
1414.14530000690
1414.14530000690
1414.14530000690
1414.14530000690
1411.83452447110
1411.33079633869
1411.33079633869
1411.33079633869
1411.33079633869
1411.33079633869
1411.33079633869
1411.33079633869
1411.33079633869
1411.33079633869
1411.33079633869
1411.33079633869
1411.33079633869
1411.33079633869
1411.33079633869
1411.33079633869
1411.33079633869
1411.33079633869
1411.33079633869
1411.33079633869
1411.33079633869
1411.33079633869
1411.33079633869
1411.33079633869
1411.33079633869
1411.33079633869
1411.33079633869
1411.33079633869
1411.33079633869
1411.33079633869
1411.33079633869
1411.33079633869
1411.33079633869
1411.33079633869
1411.33079633869
1411.33079633869
1411.33079633869
1411.33079633869
1411.33079633869
1411.33079633869
1411.33079633869
1411.33079633869
1411.33079633869
1411.33079633869
1411.33079633869
1411.33079633869
1411.33079633869
1411.33079633869
1411.33079633869
1411.33079633869
1411.33079633869
1411.33079633869
1411.33079633869
1411.33079633869
1411.33079633869
1411.33079633869
1411.33079633869
1411.33079633869
1411.33079633869
1411.33079633869
1411.33079633869
1411.33079633869
1411.33079633869
1411.33079633869
1411.33079633869
1411.33079633869
1411.33079633869
1411.33079633869
1411.33079633869
1411.33079633869
1411.33079633869
1411.33079633869
1411.33079633869
1411.33079633869
1411.33079633869
1411.33079633869
1411.33079633869
1411.33079633869
1411.33079633869
1411.33079633869
1411.33079633869
1411.33079633869
1411.33079633869
1411.33079633869
1411.33079633869
1411.33079633869
1411.33079633869
1411.33079633869
1411.33079633869
1411.33079633869
1411.33079633869
1411.33079633869
1411.33079633869
1411.33079633869
1411.33079633869
1411.33079633869
1411.33079633869
1411.33079633869
1411.33079633869
1411.33079633869
1411.33079633869
1411.33079633869
1411.33079633869
1411.33079633869
1411.33079633869
1411.33079633869
1411.33079633869
1411.33079633869
1411.33079633869
1411.33079633869
1411.33079633869
1411.33079633869
1411.33079633869
1411.33079633869
1411.33079633869
1411.33079633869
1411.33079633869
1411.33079633869
1411.33079633869
1411.33079633869
1411.33079633869
1411.33079633869
1411.33079633869
1411.33079633869
1411.33079633869
1411.33079633869
1411.33079633869
1411.33079633869
1411.33079633869
1411.33079633869
1411.33079633869
1411.33079633869
1411.33079633869
1411.33079633869
1411.33079633869
1411.33079633869
1411.33079633869
1411.33079633869
1411.33079633869
1411.33079633869
1411.33079633869
1411.33079633869
1411.33079633869
1411.33079633869
1411.33079633869
1411.33079633869
1411.33079633869
1411.33079633869
1411.33079633869
1411.33079633869
1411.33079633869
1411.33079633869
1411.33079633869
1411.33079633869
1411.33079633869
1411.33079633869
1411.33079633869
1411.33079633869
1411.33079633869
1411.33079633869
1411.33079633869
1411.33079633869
1411.33079633869
1411.33079633869
1411.33079633869
1411.33079633869
1411.33079633869
1411.33079633869
1411.33079633869
1411.33079633869
1411.33079633869
1411.33079633869
1411.33079633869
1411.33079633869
1411.33079633869
1411.33079633869
1411.33079633869
1409.29322201639
1409.29322201639
1409.29322201639
1409.29322201639
1409.29322201639
1409.29322201639
1408.34662893945
1408.34662893945
1408.34662893945
1408.34662893945
1408.34662893945
1407.71620403838
1406.56451720789
1406.56451720789
1406.56451720789
1406.56451720789
1406.56451720789
1406.56451720789
1406.05868421051
1406.05868421051
1406.05868421051
1406.05868421051
1406.05868421051
1406.05868421051
1406.05868421051
1406.05868421051
1406.05868421051
1406.05868421051
1406.05868421051
1406.05868421051
1406.05868421051
1406.05868421051
1405.93345379224
1405.93345379224
1405.93345379224
1405.93345379224
1405.93345379224
1405.69355540674
1405.69355540674
1405.69355540674
1405.69355540674
1405.69355540674
1405.69355540674
1405.69355540674
1405.69355540674
1405.68140646745
1405.68140646745
1405.68140646745
1405.68140646745
1405.68140646745
1405.68140646745
1405.68140646745
1405.68140646745
1405.68140646745
1405.68140646745
1405.68140646745
1405.68140646745
1405.68140646745
1405.13945552886
1405.13945552886
1405.13945552886
1404.76217778580
1404.76217778580
1404.76217778580
1404.76217778580
1404.76217778580
1404.76217778580
1404.50326339759
1404.50326339759
1404.50326339759
1404.50326339759
1404.50326339759
1404.50326339759
1404.50326339759
1403.58403471594
1403.58403471594
1403.58403471594
1403.58403471594
1403.58403471594
1403.58403471594
1403.58403471594
1403.58403471594
1403.58403471594
1403.58403471594
1403.58403471594
1403.58403471594
1403.58403471594
1403.58403471594
1403.58403471594
1403.58403471594
1403.58403471594
1403.58403471594
1403.58403471594
1403.58403471594
1403.58403471594
1403.09100829289
1101.41295205737
1101.41295205737
1101.41295205737
1101.41295205737
1101.41295205737
1101.41295205737
1101.06523617590
1101.06523617590
1101.06523617590

ave
2419.26197398655
2482.15786031599
2296.20694796852
2438.82064296091
2387.08525605399
2341.53492864101
2481.52334708891
2501.32591412770
2553.38765846487
2455.58629147122
2545.92348087201
2621.06942751436
2409.22850283562
2556.79852719193
2555.48553623192
2665.38391367044
2531.73167758648
2701.05108992977
2755.27780213064
2618.34890688049
2905.19468111174
2938.91825648048
2800.92414138760
2942.10782348559
2990.34050684992
2901.67475837469
3054.47646697409
2838.99528528814
2988.04274709915
2898.27159701549
3225.30726269043
2980.75518539704
3188.33804553074
3160.02322775978
3128.56728934469
3134.23934454318
3215.28578235702
3088.17376977207
3299.65198999943
3221.01416261870
3144.40932336489
3301.15824193544
3265.61555852890
3161.89902389990
3171.33444214807
3275.64074644842
3171.64317962802
3260.54112017256
3273.36727380563
3212.71096218243
3121.98071453895
3260.45258635072
3180.03717975058
3181.29825624248
3255.60826592045
3028.83914306000
3088.57208606203
3030.58268884820
2940.88344398406
2982.90408870986
2969.77888770556
3037.01390956169
2983.62191480355
3115.80643443853
2830.88089142670
2833.59153350691
2803.04725322104
2848.98198818358
2755.08687963766
2723.70254247360
2741.16682332607
2694.62640859680
2790.76980889038
2766.62936292720
2769.17387941891
2788.33902205082
2781.88869883784
2740.44633707297
2802.01893744141
2698.74928419005
2814.20501140544
2651.52037874772
2679.79222192374
2784.39820697769
2829.77018542453
2708.53648424663
2588.22453120196
2814.35335555203
2907.18204724139
2739.83817345112
2696.29232611521
2633.08857811246
2687.77100390698
2739.37904522572
2814.98536733690
2722.23993004704
2745.38207431580
2600.69037624027
2636.45084620256
2557.87567118826
2752.18951691694
2614.97167659232
2629.23135527948
2557.18886793724
2512.04662358703
2675.13221345679
2674.31846064455
2631.58958084427
2603.14523653717
2570.04292643178
2632.02793516367
2589.08716525427
2706.78266354340
2600.74595344852
2706.77128222476
2603.51772532905
2585.82719658199
2673.30871736012
2644.36893858972
2763.31533851762
2779.00580102426
2720.84348123131
2734.94316036074
2716.51942955092
2613.81787775716
2706.31236382905
2534.05782902478
2643.66271622889
2704.43480179135
2618.51750964756
2703.06907968244
2508.27126110002
2502.47201223584
2402.90464853573
2613.59765111642
2568.98831227374
2586.99946240158
2538.02866938183
2570.14279096882
2522.76220819665
2387.31067699151
2566.97552465136
2508.28023093965
2359.45845638405
2581.30733097893
2583.05575933886
2491.94550848955
2488.27586885873
2614.39757589793
2534.15305044098
2523.71283639007
2585.54883375317
2493.22545727899
2510.46477844709
2453.65650711584
2525.71817020784
2545.28060068589
2494.51742249155
2450.98695074260
2334.55809831347
2509.68729706412
2427.46785113453
2345.18685203809
2505.44201603498
2502.28615392113
2478.87584025268
2644.59953008067
2468.71403281757
2325.24730525909
2385.79763653175
2550.99757090865
2522.58549668047
2524.09298617239
2535.28427041767
2460.58815836867
2401.37179895625
2307.92475332406
2412.16103837612
2459.94075552382
2507.44291214119
2343.20465761107
2584.56600864100
2398.78169324616
2329.69565789725
2357.51282825702
2179.13102620777
2419.17855452973
2264.17996673744
2316.00175019227
2280.82784373880
2294.34771216349
2433.25325355598
2508.83771491099
2330.46328357098
2373.71547513631
2268.57819481660
2493.23404970717
2374.77998192602
2268.10707348656
2309.87989522750
2279.36196792917
2311.67999668051
2431.48328510017
2396.57797447998
2210.42151708217
2313.36935518299
2238.42888154673
2248.55869366695
2237.77419921953
2223.25516849720
2208.93945288513
2131.33661297748
2179.25552194313
2268.04937628616
2254.54737917595
2310.50794601863
2164.78202764843
2337.05310777729
2265.29094112912
2254.12192055392
2170.90899936286
2233.29215337347
2251.80141686122
2355.01108873309
2325.78647523368
2339.34304536460
2343.88021111588
2281.52516650242
2250.23138544401
2382.24992637346
2225.65954950885
2385.64225209412
2425.74010576072
2387.56166305580
2225.79388828758
2364.07181259993
2450.63770238605
2401.03932556940
2559.54841688680
2438.28401648037
2389.08357806953
2386.35592515619
2537.46408703108
2268.01592759345
2405.81891121021
2365.20426353672
2346.49249153287
2298.09422369469
2273.29987487171
2394.02104958412
2279.54390103267
2270.91044898779
2404.34591036381
2386.58074223832
2386.37283950244
2354.91208532557
2461.32227497394
2265.92883233763
2220.22675179772
2322.39498816790
2218.41398812862
2217.17905840316
2356.89587462277
2282.09588216752
2205.85155646479
2224.34137964467
2255.88644438981
2270.10667567420
2142.81168076739
2190.95182670373
2161.96629630074
2162.24383504267
2169.56718230508
2085.77307236319
2025.78809669447
2113.43924174954
2183.24895125477
2027.35893912850
1983.73029598206
2049.80641981034
2063.78719255612
1923.14091896551
1968.01012333918
1906.60980495961
1895.87475287478
1996.28511263251
1994.07931407661
1946.07536844001
1937.01812555130
2058.33759427642
1998.71720759441
1982.04857384652
2090.66251171520
2026.10379939503
2159.84421625865
1980.55683493158
1967.22162927900
2042.12325195106
2028.01864594278
1966.64168185983
2050.46965083703
2071.03213790132
1969.80323078342
2041.57496858691
1952.65733459566
1982.78439907713
1956.28750842164
1834.79291989146
1883.07547628107
1816.24704484421
1928.84480852412
1964.80310631749
1983.12110119765
1833.36514762847
1965.74851402446
1877.39128280595
1867.36403964322
1790.83370219412
1849.66500982202
1799.73861628431
1817.95272584800
1756.82990327374
1789.68054908200
1698.62930467886
1719.83938187995
1787.27558194197
1819.08636774142
1737.36797123439
1759.97085163748
1770.90939743958
1776.92155244774
1675.23185542505
1610.47725755870
1787.40612065626
1698.06256299696
1694.51284616237
1668.54489978308
1710.66337020648
1691.39890488369
1689.38941759419
1609.23732637458
1668.25006157158
1668.63838964790
1668.99772787598
1695.42467238077
1639.96686275671
1609.90269203882
1745.28818880491
1656.76066292268
1613.34198257560
1600.36452844880
1612.70780211619
1569.43545361309
1626.29705557982
1609.45154789268
1577.70492136196
1547.50903346149
1703.70840399180
1596.25289722792
1578.14232493879
1565.39564531104
1531.11194875068
1613.21001877639
1621.80067296276
1612.69847082730
1544.42654441721
1518.51649458985
1515.64325770564
1501.79270066608
1594.24382566315
1579.00070149935
1625.73318856851
1639.11358232667
1566.46607160343
1529.73908418768
1622.21713387902
1504.43685743336
1599.15225202617
1514.76095609113
1534.74547519290
1577.55489924458
1656.23752377761
1517.87757181201
1558.74778979497
1527.95744670431
1562.25764935637
1513.64266458064
1654.92828609419
1515.95854345778
1499.17970954351
1514.08489261449
1592.52337048909
1517.54521311243
1578.87835237251
1557.13717820337
1600.89707626494
1605.30375177083
1604.52390701151
1497.49098512214
1576.76154953460
1518.99710306779
1620.21706979941
1479.74380620993
1573.35558285435
1649.13242328338
1545.24673738824
1586.35038597821
1599.52716848859
1573.43797149250
1514.71346836039
1540.10561976945
1517.03232687115
1511.89412075643
1584.46828914782
1576.63554091955
1507.92425466426
1522.53643553552
1630.78199792851
1577.06323706769
1494.72091853363
1559.66552253885
1529.07593430673
1529.00895455526
1523.43263621267
1627.99407837668
1526.55174207845
1586.47326533194
1555.85235712922
1602.23404223585
1679.37629385624
1570.08588783109
1567.84394531397
1504.06309528031
1506.36725960375
1507.06457545898
1491.08279885896
1585.32777392535
1487.87429134960
1572.27062414076
1475.77239549741
1463.30009904675
1518.90032293735
1523.13490117914
1536.53410339651
1535.58341936882
1481.36406804718
1519.82733488983
1474.14233862955
1490.16552427961
1458.61711481779
1508.58522662442
1526.11358488219
1540.63752307036
1569.50299529822
1521.58611123811
1535.42683293031
1441.56678575737
1516.03500175052
1547.62663855463
1520.88842756705
1480.78195163881
1593.78914381853
1485.49136945770
1491.85555283981
1539.29898722356
1571.38623356711
1472.03577948942
1517.49862256522
1581.84326695471
1549.14852177467
1594.77555748767
1471.44673786899
1548.18119635602
1562.39334849826
1534.00526557479
1538.52752682698
1504.80314287220
1550.87752260809
1566.77288972660
1540.06870863475
1503.25056530963
1512.44850771604
1516.90070186475
1549.97916285727
1549.08763879178
1517.77600067912
1533.58359035722
1475.21729064004
1563.82123125965
1533.53504719223
1533.48913848322
1425.66141854558
1501.10050456724
1457.81364620290
1522.87062768918
1501.07106519453
1473.40985450746
1429.31916172448
1476.95193683791
1450.72560282036