最优解为:2496.2461
最优解路径:

Best_route =

  1 至 24 列

     0     0     0     0     0     0     0     0     0     0     0     0     0     0     0     0     0     0     0     0     0     0     0     0
     0     0     0     0     0     0     0     0     0     0     0     0     0     0     0     0     0     0     0     0     0     0     0     0
     0     0     0     0     0     0     0     0     0     0     0     0     0     0     0     0     0     0     0     0     0     0     0     0
     0     0     0     0     0     0     0     0     0     0     0     0     0     0     0     0     0     0     0     0     0     0     0     0
     0     0     0     0     0     0     0     0     0     0     0     0     0     0     0     0     0     0     0     0     0     0     0     0
    65    68    58    64    63    38    50    71    73     0     0     0     0     0     0     0     0     0     0     0     0     0     0     0
     0     0     0     0     0     0     0     0     0     0     0     0     0     0     0     0     0     0     0     0     0     0     0     0
    79    26    39    22    59    24    48     6    44     0     0     0     0     0     0     0     0     0     0     0     0     0     0     0
    55    56     9    57    62    23    54    75    77    33     0     0     0     0     0     0     0     0     0     0     0     0     0     0
     0     0     0     0     0     0     0     0     0     0     0     0     0     0     0     0     0     0     0     0     0     0     0     0
     0     0     0     0     0     0     0     0     0     0     0     0     0     0     0     0     0     0     0     0     0     0     0     0
    76    35    10    41     7    42     3    46    72    66     0     0     0     0     0     0     0     0     0     0     0     0     0     0
     0     0     0     0     0     0     0     0     0     0     0     0     0     0     0     0     0     0     0     0     0     0     0     0
    20    43    69    74    13    11    78    47    29     8    28     0     0     0     0     0     0     0     0     0     0     0     0     0
     0     0     0     0     0     0     0     0     0     0     0     0     0     0     0     0     0     0     0     0     0     0     0     0
    27    14    36    30    67    70    16    52     2    12    32    15     0     0     0     0     0     0     0     0     0     0     0     0
    60    53    51    19    49    34     1    18    31    45     0     0     0     0     0     0     0     0     0     0     0     0     0     0
     0     0     0     0     0     0     0     0     0     0     0     0     0     0     0     0     0     0     0     0     0     0     0     0
     0     0     0     0     0     0     0     0     0     0     0     0     0     0     0     0     0     0     0     0     0     0     0     0
    61    80    17    21    37    25    40     5     4     0     0     0     0     0     0     0     0     0     0     0     0     0     0     0
     0     0     0     0     0     0     0     0     0     0     0     0     0     0     0     0     0     0     0     0     0     0     0     0
     0     0     0     0     0     0     0     0     0     0     0     0     0     0     0     0     0     0     0     0     0     0     0     0
     0     0     0     0     0     0     0     0     0     0     0     0     0     0     0     0     0     0     0     0     0     0     0     0
     0     0     0     0     0     0     0     0     0     0     0     0     0     0     0     0     0     0     0     0     0     0     0     0
     0     0     0     0     0     0     0     0     0     0     0     0     0     0     0     0     0     0     0     0     0     0     0     0

  25 至 48 列

     0     0     0     0     0     0     0     0     0     0     0     0     0     0     0     0     0     0     0     0     0     0     0     0
     0     0     0     0     0     0     0     0     0     0     0     0     0     0     0     0     0     0     0     0     0     0     0     0
     0     0     0     0     0     0     0     0     0     0     0     0     0     0     0     0     0     0     0     0     0     0     0     0
     0     0     0     0     0     0     0     0     0     0     0     0     0     0     0     0     0     0     0     0     0     0     0     0
     0     0     0     0     0     0     0     0     0     0     0     0     0     0     0     0     0     0     0     0     0     0     0     0
     0     0     0     0     0     0     0     0     0     0     0     0     0     0     0     0     0     0     0     0     0     0     0     0
     0     0     0     0     0     0     0     0     0     0     0     0     0     0     0     0     0     0     0     0     0     0     0     0
     0     0     0     0     0     0     0     0     0     0     0     0     0     0     0     0     0     0     0     0     0     0     0     0
     0     0     0     0     0     0     0     0     0     0     0     0     0     0     0     0     0     0     0     0     0     0     0     0
     0     0     0     0     0     0     0     0     0     0     0     0     0     0     0     0     0     0     0     0     0     0     0     0
     0     0     0     0     0     0     0     0     0     0     0     0     0     0     0     0     0     0     0     0     0     0     0     0
     0     0     0     0     0     0     0     0     0     0     0     0     0     0     0     0     0     0     0     0     0     0     0     0
     0     0     0     0     0     0     0     0     0     0     0     0     0     0     0     0     0     0     0     0     0     0     0     0
     0     0     0     0     0     0     0     0     0     0     0     0     0     0     0     0     0     0     0     0     0     0     0     0
     0     0     0     0     0     0     0     0     0     0     0     0     0     0     0     0     0     0     0     0     0     0     0     0
     0     0     0     0     0     0     0     0     0     0     0     0     0     0     0     0     0     0     0     0     0     0     0     0
     0     0     0     0     0     0     0     0     0     0     0     0     0     0     0     0     0     0     0     0     0     0     0     0
     0     0     0     0     0     0     0     0     0     0     0     0     0     0     0     0     0     0     0     0     0     0     0     0
     0     0     0     0     0     0     0     0     0     0     0     0     0     0     0     0     0     0     0     0     0     0     0     0
     0     0     0     0     0     0     0     0     0     0     0     0     0     0     0     0     0     0     0     0     0     0     0     0
     0     0     0     0     0     0     0     0     0     0     0     0     0     0     0     0     0     0     0     0     0     0     0     0
     0     0     0     0     0     0     0     0     0     0     0     0     0     0     0     0     0     0     0     0     0     0     0     0
     0     0     0     0     0     0     0     0     0     0     0     0     0     0     0     0     0     0     0     0     0     0     0     0
     0     0     0     0     0     0     0     0     0     0     0     0     0     0     0     0     0     0     0     0     0     0     0     0
     0     0     0     0     0     0     0     0     0     0     0     0     0     0     0     0     0     0     0     0     0     0     0     0

  49 至 72 列

     0     0     0     0     0     0     0     0     0     0     0     0     0     0     0     0     0     0     0     0     0     0     0     0
     0     0     0     0     0     0     0     0     0     0     0     0     0     0     0     0     0     0     0     0     0     0     0     0
     0     0     0     0     0     0     0     0     0     0     0     0     0     0     0     0     0     0     0     0     0     0     0     0
     0     0     0     0     0     0     0     0     0     0     0     0     0     0     0     0     0     0     0     0     0     0     0     0
     0     0     0     0     0     0     0     0     0     0     0     0     0     0     0     0     0     0     0     0     0     0     0     0
     0     0     0     0     0     0     0     0     0     0     0     0     0     0     0     0     0     0     0     0     0     0     0     0
     0     0     0     0     0     0     0     0     0     0     0     0     0     0     0     0     0     0     0     0     0     0     0     0
     0     0     0     0     0     0     0     0     0     0     0     0     0     0     0     0     0     0     0     0     0     0     0     0
     0     0     0     0     0     0     0     0     0     0     0     0     0     0     0     0     0     0     0     0     0     0     0     0
     0     0     0     0     0     0     0     0     0     0     0     0     0     0     0     0     0     0     0     0     0     0     0     0
     0     0     0     0     0     0     0     0     0     0     0     0     0     0     0     0     0     0     0     0     0     0     0     0
     0     0     0     0     0     0     0     0     0     0     0     0     0     0     0     0     0     0     0     0     0     0     0     0
     0     0     0     0     0     0     0     0     0     0     0     0     0     0     0     0     0     0     0     0     0     0     0     0
     0     0     0     0     0     0     0     0     0     0     0     0     0     0     0     0     0     0     0     0     0     0     0     0
     0     0     0     0     0     0     0     0     0     0     0     0     0     0     0     0     0     0     0     0     0     0     0     0
     0     0     0     0     0     0     0     0     0     0     0     0     0     0     0     0     0     0     0     0     0     0     0     0
     0     0     0     0     0     0     0     0     0     0     0     0     0     0     0     0     0     0     0     0     0     0     0     0
     0     0     0     0     0     0     0     0     0     0     0     0     0     0     0     0     0     0     0     0     0     0     0     0
     0     0     0     0     0     0     0     0     0     0     0     0     0     0     0     0     0     0     0     0     0     0     0     0
     0     0     0     0     0     0     0     0     0     0     0     0     0     0     0     0     0     0     0     0     0     0     0     0
     0     0     0     0     0     0     0     0     0     0     0     0     0     0     0     0     0     0     0     0     0     0     0     0
     0     0     0     0     0     0     0     0     0     0     0     0     0     0     0     0     0     0     0     0     0     0     0     0
     0     0     0     0     0     0     0     0     0     0     0     0     0     0     0     0     0     0     0     0     0     0     0     0
     0     0     0     0     0     0     0     0     0     0     0     0     0     0     0     0     0     0     0     0     0     0     0     0
     0     0     0     0     0     0     0     0     0     0     0     0     0     0     0     0     0     0     0     0     0     0     0     0

  73 至 81 列

     0     0     0     0     0     0     0     0     0
     0     0     0     0     0     0     0     0     0
     0     0     0     0     0     0     0     0     0
     0     0     0     0     0     0     0     0     0
     0     0     0     0     0     0     0     0     0
     0     0     0     0     0     0     0     0     0
     0     0     0     0     0     0     0     0     0
     0     0     0     0     0     0     0     0     0
     0     0     0     0     0     0     0     0     0
     0     0     0     0     0     0     0     0     0
     0     0     0     0     0     0     0     0     0
     0     0     0     0     0     0     0     0     0
     0     0     0     0     0     0     0     0     0
     0     0     0     0     0     0     0     0     0
     0     0     0     0     0     0     0     0     0
     0     0     0     0     0     0     0     0     0
     0     0     0     0     0     0     0     0     0
     0     0     0     0     0     0     0     0     0
     0     0     0     0     0     0     0     0     0
     0     0     0     0     0     0     0     0     0
     0     0     0     0     0     0     0     0     0
     0     0     0     0     0     0     0     0     0
     0     0     0     0     0     0     0     0     0
     0     0     0     0     0     0     0     0     0
     0     0     0     0     0     0     0     0     0

本次运算用时:2095.237秒
算法在第170代时收敛

best
2853.79330760204
2853.79330760204
2850.51676252043
2846.19937260319
2846.19937260319
2834.17617298551
2834.17617298551
2833.88342043642
2828.34390700716
2828.34390700716
2828.34390700716
2828.34390700716
2828.34390700716
2818.15732938046
2818.15732938046
2818.15732938046
2818.15732938046
2818.15732938046
2818.15732938046
2818.15732938046
2818.15732938046
2818.15732938046
2818.15732938046
2815.93931694627
2801.33730764177
2801.33730764177
2801.33730764177
2801.33730764177
2801.33730764177
2801.33730764177
2801.33730764177
2801.33730764177
2801.33730764177
2801.33730764177
2800.49827899376
2800.49827899376
2800.49827899376
2800.49827899376
2800.49827899376
2800.49827899376
2800.49827899376
2800.49827899376
2800.49827899376
2800.49827899376
2800.49827899376
2800.49827899376
2800.49827899376
2800.49827899376
2800.49827899376
2800.49827899376
2800.49827899376
2800.49827899376
2800.49827899376
2800.49827899376
2800.49827899376
2800.49827899376
2794.92228248493
2794.92228248493
2794.92228248493
2794.92228248493
2794.92228248493
2794.92228248493
2794.92228248493
2794.92228248493
2794.92228248493
2794.92228248493
2794.92228248493
2794.92228248493
2794.92228248493
2794.92228248493
2794.92228248493
2794.92228248493
2794.92228248493
2794.92228248493
2794.92228248493
2792.29065125006
2792.29065125006
2792.29065125006
2792.29065125006
2792.29065125006
2792.29065125006
2792.29065125006
2792.29065125006
2792.29065125006
2792.29065125006
2792.29065125006
2792.29065125006
2792.29065125006
2792.29065125006
2792.29065125006
2792.29065125006
2792.29065125006
2792.29065125006
2792.29065125006
2792.29065125006
2792.29065125006
2792.29065125006
2792.29065125006
2792.29065125006
2792.29065125006
2792.29065125006
2792.29065125006
2792.29065125006
2792.29065125006
2792.29065125006
2792.29065125006
2792.29065125006
2792.29065125006
2792.29065125006
2792.29065125006
2792.29065125006
2792.29065125006
2792.29065125006
2792.29065125006
2792.29065125006
2792.29065125006
2792.29065125006
2792.29065125006
2792.29065125006
2792.29065125006
2792.29065125006
2792.29065125006
2792.29065125006
2792.29065125006
2792.29065125006
2792.29065125006
2792.29065125006
2792.29065125006
2792.29065125006
2792.29065125006
2792.29065125006
2792.29065125006
2792.29065125006
2792.29065125006
2792.29065125006
2792.29065125006
2792.29065125006
2792.29065125006
2792.29065125006
2792.29065125006
2792.29065125006
2792.29065125006
2792.29065125006
2792.29065125006
2503.58753587255
2503.58753587255
2503.58753587255
2503.58753587255
2503.58753587255
2503.58753587255
2503.58753587255
2503.58753587255
2503.58753587255
2503.58753587255
2503.58753587255
2503.58753587255
2503.58753587255
2503.58753587255
2503.58753587255
2503.58753587255
2503.58753587255
2503.58753587255
2503.58753587255
2503.58753587255
2503.58753587255
2503.58753587255
2503.58753587255
2503.58753587255
2503.58753587255
2496.24611606903
2496.24611606903
2496.24611606903
2496.24611606903
2496.24611606903
2496.24611606903
2496.24611606903
2496.24611606903
2496.24611606903
2496.24611606903
2496.24611606903
2496.24611606903
2496.24611606903
2496.24611606903
2496.24611606903
2496.24611606903
2496.24611606903
2496.24611606903
2496.24611606903
2496.24611606903
2496.24611606903
2496.24611606903
2496.24611606903
2496.24611606903
2496.24611606903
2496.24611606903
2496.24611606903
2496.24611606903
2496.24611606903
2496.24611606903
2496.24611606903
2496.24611606903
2496.24611606903
2496.24611606903
2496.24611606903
2496.24611606903
2496.24611606903
2496.24611606903
2496.24611606903
2496.24611606903
2496.24611606903
2496.24611606903
2496.24611606903
2496.24611606903
2496.24611606903
2496.24611606903
2496.24611606903
2496.24611606903
2496.24611606903
2496.24611606903
2496.24611606903
2496.24611606903
2496.24611606903
2496.24611606903
2496.24611606903
2496.24611606903
2496.24611606903
2496.24611606903
2496.24611606903
2496.24611606903
2496.24611606903
2496.24611606903
2496.24611606903
2496.24611606903
2496.24611606903
2496.24611606903
2496.24611606903
2496.24611606903
2496.24611606903
2496.24611606903
2496.24611606903
2496.24611606903
2496.24611606903
2496.24611606903
2496.24611606903
2496.24611606903
2496.24611606903
2496.24611606903
2496.24611606903
2496.24611606903
2496.24611606903
2496.24611606903
2496.24611606903
2496.24611606903
2496.24611606903
2496.24611606903
2496.24611606903
2496.24611606903
2496.24611606903
2496.24611606903
2496.24611606903
2496.24611606903
2496.24611606903
2496.24611606903
2496.24611606903
2496.24611606903
2496.24611606903
2496.24611606903
2496.24611606903
2496.24611606903
2496.24611606903
2496.24611606903
2496.24611606903
2496.24611606903
2496.24611606903
2496.24611606903
2496.24611606903
2496.24611606903
2496.24611606903
2496.24611606903
2496.24611606903
2496.24611606903
2496.24611606903
2496.24611606903
2496.24611606903
2496.24611606903
2496.24611606903
2496.24611606903
2496.24611606903
2496.24611606903
2496.24611606903
2496.24611606903
2496.24611606903
2496.24611606903
2496.24611606903
2496.24611606903
2496.24611606903
2496.24611606903
2496.24611606903
2496.24611606903
2496.24611606903
2496.24611606903
2496.24611606903
2496.24611606903
2496.24611606903
2496.24611606903
2496.24611606903
2496.24611606903
2496.24611606903
2496.24611606903
2496.24611606903
2496.24611606903
2496.24611606903
2496.24611606903
2496.24611606903
2496.24611606903
2496.24611606903
2496.24611606903
2496.24611606903
2496.24611606903
2496.24611606903
2496.24611606903
2496.24611606903
2496.24611606903
2496.24611606903
2496.24611606903
2496.24611606903
2496.24611606903
2496.24611606903
2496.24611606903
2496.24611606903
2496.24611606903
2496.24611606903
2496.24611606903
2496.24611606903
2496.24611606903
2496.24611606903
2496.24611606903
2496.24611606903
2496.24611606903
2496.24611606903
2496.24611606903
2496.24611606903
2496.24611606903
2496.24611606903
2496.24611606903
2496.24611606903
2496.24611606903
2496.24611606903
2496.24611606903
2496.24611606903
2496.24611606903
2496.24611606903
2496.24611606903
2496.24611606903
2496.24611606903
2496.24611606903
2496.24611606903
2496.24611606903
2496.24611606903
2496.24611606903
2496.24611606903
2496.24611606903
2496.24611606903
2496.24611606903
2496.24611606903
2496.24611606903
2496.24611606903
2496.24611606903
2496.24611606903
2496.24611606903
2496.24611606903
2496.24611606903
2496.24611606903
2496.24611606903
2496.24611606903
2496.24611606903
2496.24611606903
2496.24611606903
2496.24611606903
2496.24611606903
2496.24611606903
2496.24611606903
2496.24611606903
2496.24611606903
2496.24611606903
2496.24611606903
2496.24611606903
2496.24611606903
2496.24611606903
2496.24611606903
2496.24611606903
2496.24611606903
2496.24611606903
2496.24611606903
2496.24611606903
2496.24611606903
2496.24611606903
2496.24611606903
2496.24611606903
2496.24611606903
2496.24611606903
2496.24611606903
2496.24611606903
2496.24611606903
2496.24611606903
2496.24611606903
2496.24611606903
2496.24611606903
2496.24611606903
2496.24611606903
2496.24611606903
2496.24611606903
2496.24611606903
2496.24611606903
2496.24611606903
2496.24611606903
2496.24611606903
2496.24611606903
2496.24611606903
2496.24611606903
2496.24611606903
2496.24611606903
2496.24611606903
2496.24611606903
2496.24611606903
2496.24611606903
2496.24611606903
2496.24611606903
2496.24611606903
2496.24611606903
2496.24611606903
2496.24611606903
2496.24611606903
2496.24611606903
2496.24611606903
2496.24611606903
2496.24611606903
2496.24611606903
2496.24611606903
2496.24611606903
2496.24611606903
2496.24611606903
2496.24611606903
2496.24611606903
2496.24611606903
2496.24611606903
2496.24611606903
2496.24611606903
2496.24611606903
2496.24611606903
2496.24611606903
2496.24611606903
2496.24611606903
2496.24611606903
2496.24611606903
2496.24611606903
2496.24611606903
2496.24611606903
2496.24611606903
2496.24611606903
2496.24611606903
2496.24611606903
2496.24611606903
2496.24611606903
2496.24611606903
2496.24611606903
2496.24611606903
2496.24611606903
2496.24611606903
2496.24611606903
2496.24611606903
2496.24611606903
2496.24611606903
2496.24611606903
2496.24611606903
2496.24611606903
2496.24611606903
2496.24611606903
2496.24611606903
2496.24611606903
2496.24611606903
2496.24611606903
2496.24611606903
2496.24611606903
2496.24611606903
2496.24611606903
2496.24611606903
2496.24611606903
2496.24611606903
2496.24611606903
2496.24611606903
2496.24611606903
2496.24611606903
2496.24611606903
2496.24611606903
2496.24611606903
2496.24611606903
2496.24611606903
2496.24611606903
2496.24611606903

ave
3115.26337937278
3226.73430316680
3076.68476511508
3140.77186242194
3103.82084105205
3038.14475362900
3054.03326513262
3107.39889699082
3060.83553156892
3098.20029365261
3089.86193709766
3072.12778854345
3129.78864214908
3133.97760570078
3189.14026716466
3108.70193510439
3126.11341856898
3104.50143156264
3242.86485259461
3132.51579902868
3162.31784029005
3104.70962664738
3190.36863309641
3133.40600657345
3263.09479545796
3287.57048741724
3198.86213294869
3256.53543431766
3270.76608862280
3342.94017439527
3431.95912322347
3391.99635956311
3314.16140618150
3386.60265173882
3246.80341172122
3143.59692095134
3203.85031467590
3431.39680929752
3457.46321966527
3394.53508475960
3321.90155048764
3353.19273477417
3544.44959691930
3245.64474401104
3364.94435063967
3454.75375534736
3454.17742253031
3349.10867148736
3409.39861856858
3467.78019748197
3302.61150023802
3211.90037042549
3362.99543621372
3392.28670082802
3390.86007370114
3348.51217488114
3438.91689903116
3302.32839740576
3391.74696121783
3313.58854400029
3225.26789922793
3286.52412591394
3343.50094761154
3329.70278584961
3346.44803781850
3257.04255469651
3156.43773911652
3329.31177875573
3389.35864969944
3255.37923239480
3272.23087935995
3315.64263756129
3182.18856794404
3284.17845918001
3315.70175178055
3239.59158255689
3256.79947067234
3297.43635697345
3149.24111715286
3209.25183986892
3254.48365853267
3298.55971139224
3225.10847752856
3268.95281295770
3195.63474751676
3213.33879076637
3196.28078744657
3163.07356894475
3225.15309568345
3240.07827495014
3118.26611193175
3227.14583400328
3183.00079829492
3257.66708191053
3168.90933582360
3165.73025419920
3178.97140335091
3224.65840683412
3269.32481528216
3168.20169102475
3299.55537892719
3150.28234523120
3240.19205535872
3150.91906222382
3225.65380148500
3150.06184906162
3362.66478924609
3285.44504744109
3209.51512588222
3285.92209749857
3223.77690432501
3286.73321952870
3285.70030266397
3093.84762424725
3092.59927026089
3136.74304476659
3243.50676416578
3229.14558505188
3208.33392881539
3138.54906826172
3091.43865712675
3091.95344085569
3201.19127148573
3195.14926234067
3165.76928549764
3118.74647396905
3135.06135780880
3166.52967817853
3256.22316616405
3181.09271776553
3163.63991603200
3223.36646768921
3091.72686196700
3164.60969040803
3106.09227067411
3195.01908769867
3224.50562579978
3258.32686906428
3270.23879147491
3301.21680851333
3253.95694217585
3149.46733246057
3166.99986045352
3208.92745091668
3195.03006913002
3136.06969897633
3117.30534852941
3105.75390953508
3088.21849361518
3178.03385627425
3003.19667647103
3089.58503429993
2984.40633131540
3087.72886602267
3076.00544730248
3071.66652423270
3059.27057709696
3089.14888858223
3057.78791976502
3030.41911228479
3012.81798131115
3045.75843753539
3015.67532879065
2996.94497371012
3000.03904259058
2983.19482851382
2954.59522220535
3001.47917144322
2893.90957250806
2879.54978974385
2893.58128235547
2939.11668753381
2876.07701080922
2850.50935137720
2876.68430751389
2922.73044582016
2907.48329713642
2845.69266969774
2863.65773551191
2848.03452325644
2820.89965966244
2830.67274310267
2907.02990144224
2848.18973089810
2831.75731783585
2860.48325816570
2861.33995153985
2831.20547985859
2906.64362497325
2862.48775540677
2865.70625493224
2892.14904914515
2876.93802718771
2831.77753746916
2816.83885487595
2831.87778766528
2816.05364505336
2860.61409493044
2920.55166526075
2828.97028655644
2847.82737377226
2798.31555191674
2849.56397643442
2814.20673969564
2861.98044160047
2844.64011921878
2827.26160101466
2828.79607054375
2843.41742505439
2862.18137009400
2844.04741907539
2903.82566622307
2874.95471292026
2844.44015522725
2860.87474695662
2828.81344646632
2843.74398745884
2845.25471242800
2828.79926926963
2844.29445179193
2888.92581503489
2829.90292173419
2875.01301416827
2844.88576455472
2815.71818602689
2815.08133630732
2828.29459126532
2874.78016759161
2828.92151283973
2830.03939063340
2876.41691967288
2874.93001394048
2827.42976656722
2860.06000176139
2873.77465403844
2798.50782266146
2889.22226853035
2829.47261317650
2829.47839857129
2860.66728513283
2875.79785773757
2859.96356502233
2845.70608463962
2844.00740259494
2844.10688308444
2856.27522687057
2815.25728454880
2861.09345205711
2842.20118255876
2830.14491727017
2863.83649301368
2847.31144757978
2844.87093264598
2858.56717547399
2859.38265869777
2829.20446180439
2858.73664202215
2846.81503444687
2830.90098333686
2873.29570439961
2860.56976916294
2842.90524893079
2859.98896350552
2850.55138724635
2873.25526596349
2922.05536327752
2861.07450920331
2816.25074013202
2848.81241117742
2833.86470469416
2874.25560600353
2846.76381675729
2844.80678242061
2831.79837650329
2832.18369385915
2846.38469900903
2847.33562401015
2890.04638758498
2798.76294423880
2844.16781992249
2889.72937663677
2812.74375228710
2872.96823118805
2861.89544526933
2845.61565380237
2862.49994624480
2878.16969737428
2935.43393644546
2846.02318218648
2908.27323552831
2923.28053286644
2846.83629725860
2878.41089509669
2909.05685251889
2863.49383899356
2845.86039565026
2859.58996465921
2878.59359704466
2889.78043529294
2848.20153375506
2877.63107857276
2830.21087753625
2910.98456755486
2859.85165358120
2859.73876048215
2877.92878949124
2863.65394459675
2941.52114730655
2874.22033573886
2846.13425983513
2859.40793355848
2873.78867526162
2814.65075723837
2906.25071951455
2860.02893882220
2844.67255823208
2859.12513434242
2829.86725837762
2880.29027418176
2891.81367540922
2845.91878244458
2877.28032628924
2815.42839665175
2862.23752480199
2873.91544407118
2829.51005152610
2844.28813623011
2827.90565075642
2874.15793557158
2918.53922547774
2902.59108232829
2845.60232088150
2917.58174236372
2887.61894580905
2844.31540136074
2889.45668443079
2859.33958847213
2889.32613600129
2903.93242152060
2844.51446022500
2966.89562581821
2842.78666576238
2887.12335060473
2874.28292689977
2876.31431459569
2858.76076288957
2889.74552723136
2916.58571782619
2861.06473119366
2876.80588108662
2935.39171072189
2908.97965051719
2906.15920220929
2888.28416574614
2842.41949676146
2876.70862235928
2859.19151859866
2873.43392516750
2906.17647404880
2858.97944537518
2873.65386285350
2815.42022955450
2876.95382205627
2905.05189997626
2828.20942414981
2873.82819467960
2858.33158337387
2887.78332093583
2886.00368085873
2875.35545304052
2844.49316124713
2829.14905150678
2886.41842719505
2844.58212673364
2860.16036967702
2889.92511326312
2873.23708200097
2872.64796637532
2815.58030603111
2816.92137783444
2907.39692685653
2905.07974978691
2827.30914399584
2845.03951027871
2829.08737688490
2842.06951132213
2840.12067910349
2859.41479543554
2844.75901745946
2840.61926333113
2858.82090464284
2842.61514077047
2858.15678403682
2844.05309160581
2784.82572188740
2830.53547567909
2829.96675463324
2857.42172670609
2859.38280848545
2858.68906780687
2861.09032865184
2873.77382477616
2817.48941314979
2888.01766280737
2874.48296225617
2875.80360507691
2887.28915870932
2858.82972265097
2890.67114880901
2873.70597760168
2874.86196652213
2888.46940661434
2874.05648878060
2877.48076522166
2904.22277999061
2872.19467537784
2845.17262755770
2843.72844730382
2844.60737429675
2827.46218465812
2829.20294326711
2860.91305984022
2891.99331857024
2794.99533251387
2842.76555486644
2828.14340144192
2857.48725102866
2871.84759714667
2856.36982203789
2875.69681434381
2840.38528314136
2859.09210149705
2858.48280479604
2841.35298244426
2858.21768778711
2828.63737460418
2840.67385934298
2858.47789248413
2839.54086281048
2858.51145116843
2885.69187350811
2887.43833201443
2840.89343330900
2829.64768055660
2873.58880303422
2873.52315945955
2875.71118138055
2842.50528315908
2830.36876913668
2858.24887682632
2876.24221604098
2846.99661312447
2857.40874010428
2886.81220969164
2842.86502359571
2831.05207089170
2814.68431533621
2798.43166314898
2870.26189414184
2813.41581789458
2843.25870994110
2843.37952336070
2871.78748549220
2826.39679216116
2829.75723301217
2903.74837853908
2798.30563290653
2887.25082252383
2839.06504531774
2874.53042475232
2858.59538630455
2871.59033133387
2870.66467158721
2811.90631451208
2826.63286899523
2873.79259593609
2812.41782195137
2844.44720503954
2811.73255438192
2842.18904836222
2905.51154597097
2811.53828380988
2827.92847892176
2855.84450525655
2875.70161944141
2824.85082041433
2857.06254253638
2825.84732511311
2813.00632492270
2829.58963852096
2827.10920183726
2841.15778478508
2826.85838216623
2856.53477996309
2839.74112919657
2812.59415793465
2815.21352538726
2809.50648887448
2837.78817760428
2827.87235360396