task 1：
目标函数：315.17
决策变量：
x
t1  （大小 5）	t1  （大小 5）	v1  （大小 2）	值
1	1	1	0
1	1	2	0
1	2	1	0
1	2	2	0
1	3	1	0
1	3	2	0
1	4	1	0
1	4	2	0
1	5	1	1
1	5	2	0
2	1	1	0
2	1	2	0
2	2	1	0
2	2	2	0
2	3	1	1
2	3	2	0
2	4	1	0
2	4	2	0
2	5	1	0
2	5	2	0
3	1	1	1
3	1	2	0
3	2	1	0
3	2	2	0
3	3	1	0
3	3	2	0
3	4	1	0
3	4	2	0
3	5	1	0
3	5	2	0
4	1	1	0
4	1	2	0
4	2	1	1
4	2	2	0
4	3	1	0
4	3	2	0
4	4	1	0
4	4	2	0
4	5	1	0
4	5	2	0
5	1	1	0
5	1	2	0
5	2	1	0
5	2	2	0
5	3	1	0
5	3	2	0
5	4	1	1
5	4	2	0
5	5	1	0
5	5	2	0

y
t1  （大小 5）	值
1	0
2	4.67536774631599
3	7.03287925026959
4	1.49431393352673
5	0.413823633931171

时间：1.87秒

task 2：
目标函数：337.808
决策变量：
x
t1  （大小 5）	t1  （大小 5）	v1  （大小 2）	值
1	1	1	0
1	1	2	0
1	2	1	0
1	2	2	0
1	3	1	0
1	3	2	0
1	4	1	0
1	4	2	0
1	5	1	1
1	5	2	0
2	1	1	0
2	1	2	0
2	2	1	0
2	2	2	0
2	3	1	1
2	3	2	0
2	4	1	0
2	4	2	0
2	5	1	0
2	5	2	0
3	1	1	1
3	1	2	0
3	2	1	0
3	2	2	0
3	3	1	0
3	3	2	0
3	4	1	0
3	4	2	0
3	5	1	0
3	5	2	0
4	1	1	0
4	1	2	0
4	2	1	1
4	2	2	0
4	3	1	0
4	3	2	0
4	4	1	0
4	4	2	0
4	5	1	0
4	5	2	0
5	1	1	0
5	1	2	0
5	2	1	0
5	2	2	0
5	3	1	0
5	3	2	0
5	4	1	1
5	4	2	0
5	5	1	0
5	5	2	0

y
t1  （大小 5）	值
1	0
2	3.52568999282252
3	5.88320149677612
4	2.03049030059796
5	0.913823633931171

时间：1.83秒