最优解为:6762.1598
最优解路径:

Best_route =

  1 至 24 列

    35    36     5     6    75    76    19    20    55    56    91    92     0     0     0     0     0     0     0     0     0     0     0     0
    21    22   111   112   109   110     1     2    59    60     0     0     0     0     0     0     0     0     0     0     0     0     0     0
    79    80    49    50   103   104    97    98    89    90     0     0     0     0     0     0     0     0     0     0     0     0     0     0
    41    42   107   108     9    10    67    68    87    88    17    18     0     0     0     0     0     0     0     0     0     0     0     0
     0     0     0     0     0     0     0     0     0     0     0     0     0     0     0     0     0     0     0     0     0     0     0     0
     0     0     0     0     0     0     0     0     0     0     0     0     0     0     0     0     0     0     0     0     0     0     0     0
    29    30    81    82    63    64    33    34    73    74     3     4     0     0     0     0     0     0     0     0     0     0     0     0
    53    54    57    58    61    62     7     8   105   106    93    94     0     0     0     0     0     0     0     0     0     0     0     0
     0     0     0     0     0     0     0     0     0     0     0     0     0     0     0     0     0     0     0     0     0     0     0     0
     0     0     0     0     0     0     0     0     0     0     0     0     0     0     0     0     0     0     0     0     0     0     0     0
    65    66    51    52    71    72    95    96   119   120    83    84   117   118     0     0     0     0     0     0     0     0     0     0
    45    46    69    70    23    24    47    48     0     0     0     0     0     0     0     0     0     0     0     0     0     0     0     0
   113   114    39    40    31    32    43    44    85    86     0     0     0     0     0     0     0     0     0     0     0     0     0     0
    37    38    13    14    25    26    99   100   115   116     0     0     0     0     0     0     0     0     0     0     0     0     0     0
    27    28    15    16    77    78   101   102    11    12     0     0     0     0     0     0     0     0     0     0     0     0     0     0

  25 至 48 列

     0     0     0     0     0     0     0     0     0     0     0     0     0     0     0     0     0     0     0     0     0     0     0     0
     0     0     0     0     0     0     0     0     0     0     0     0     0     0     0     0     0     0     0     0     0     0     0     0
     0     0     0     0     0     0     0     0     0     0     0     0     0     0     0     0     0     0     0     0     0     0     0     0
     0     0     0     0     0     0     0     0     0     0     0     0     0     0     0     0     0     0     0     0     0     0     0     0
     0     0     0     0     0     0     0     0     0     0     0     0     0     0     0     0     0     0     0     0     0     0     0     0
     0     0     0     0     0     0     0     0     0     0     0     0     0     0     0     0     0     0     0     0     0     0     0     0
     0     0     0     0     0     0     0     0     0     0     0     0     0     0     0     0     0     0     0     0     0     0     0     0
     0     0     0     0     0     0     0     0     0     0     0     0     0     0     0     0     0     0     0     0     0     0     0     0
     0     0     0     0     0     0     0     0     0     0     0     0     0     0     0     0     0     0     0     0     0     0     0     0
     0     0     0     0     0     0     0     0     0     0     0     0     0     0     0     0     0     0     0     0     0     0     0     0
     0     0     0     0     0     0     0     0     0     0     0     0     0     0     0     0     0     0     0     0     0     0     0     0
     0     0     0     0     0     0     0     0     0     0     0     0     0     0     0     0     0     0     0     0     0     0     0     0
     0     0     0     0     0     0     0     0     0     0     0     0     0     0     0     0     0     0     0     0     0     0     0     0
     0     0     0     0     0     0     0     0     0     0     0     0     0     0     0     0     0     0     0     0     0     0     0     0
     0     0     0     0     0     0     0     0     0     0     0     0     0     0     0     0     0     0     0     0     0     0     0     0

  49 至 72 列

     0     0     0     0     0     0     0     0     0     0     0     0     0     0     0     0     0     0     0     0     0     0     0     0
     0     0     0     0     0     0     0     0     0     0     0     0     0     0     0     0     0     0     0     0     0     0     0     0
     0     0     0     0     0     0     0     0     0     0     0     0     0     0     0     0     0     0     0     0     0     0     0     0
     0     0     0     0     0     0     0     0     0     0     0     0     0     0     0     0     0     0     0     0     0     0     0     0
     0     0     0     0     0     0     0     0     0     0     0     0     0     0     0     0     0     0     0     0     0     0     0     0
     0     0     0     0     0     0     0     0     0     0     0     0     0     0     0     0     0     0     0     0     0     0     0     0
     0     0     0     0     0     0     0     0     0     0     0     0     0     0     0     0     0     0     0     0     0     0     0     0
     0     0     0     0     0     0     0     0     0     0     0     0     0     0     0     0     0     0     0     0     0     0     0     0
     0     0     0     0     0     0     0     0     0     0     0     0     0     0     0     0     0     0     0     0     0     0     0     0
     0     0     0     0     0     0     0     0     0     0     0     0     0     0     0     0     0     0     0     0     0     0     0     0
     0     0     0     0     0     0     0     0     0     0     0     0     0     0     0     0     0     0     0     0     0     0     0     0
     0     0     0     0     0     0     0     0     0     0     0     0     0     0     0     0     0     0     0     0     0     0     0     0
     0     0     0     0     0     0     0     0     0     0     0     0     0     0     0     0     0     0     0     0     0     0     0     0
     0     0     0     0     0     0     0     0     0     0     0     0     0     0     0     0     0     0     0     0     0     0     0     0
     0     0     0     0     0     0     0     0     0     0     0     0     0     0     0     0     0     0     0     0     0     0     0     0

  73 至 96 列

     0     0     0     0     0     0     0     0     0     0     0     0     0     0     0     0     0     0     0     0     0     0     0     0
     0     0     0     0     0     0     0     0     0     0     0     0     0     0     0     0     0     0     0     0     0     0     0     0
     0     0     0     0     0     0     0     0     0     0     0     0     0     0     0     0     0     0     0     0     0     0     0     0
     0     0     0     0     0     0     0     0     0     0     0     0     0     0     0     0     0     0     0     0     0     0     0     0
     0     0     0     0     0     0     0     0     0     0     0     0     0     0     0     0     0     0     0     0     0     0     0     0
     0     0     0     0     0     0     0     0     0     0     0     0     0     0     0     0     0     0     0     0     0     0     0     0
     0     0     0     0     0     0     0     0     0     0     0     0     0     0     0     0     0     0     0     0     0     0     0     0
     0     0     0     0     0     0     0     0     0     0     0     0     0     0     0     0     0     0     0     0     0     0     0     0
     0     0     0     0     0     0     0     0     0     0     0     0     0     0     0     0     0     0     0     0     0     0     0     0
     0     0     0     0     0     0     0     0     0     0     0     0     0     0     0     0     0     0     0     0     0     0     0     0
     0     0     0     0     0     0     0     0     0     0     0     0     0     0     0     0     0     0     0     0     0     0     0     0
     0     0     0     0     0     0     0     0     0     0     0     0     0     0     0     0     0     0     0     0     0     0     0     0
     0     0     0     0     0     0     0     0     0     0     0     0     0     0     0     0     0     0     0     0     0     0     0     0
     0     0     0     0     0     0     0     0     0     0     0     0     0     0     0     0     0     0     0     0     0     0     0     0
     0     0     0     0     0     0     0     0     0     0     0     0     0     0     0     0     0     0     0     0     0     0     0     0

  97 至 120 列

     0     0     0     0     0     0     0     0     0     0     0     0     0     0     0     0     0     0     0     0     0     0     0     0
     0     0     0     0     0     0     0     0     0     0     0     0     0     0     0     0     0     0     0     0     0     0     0     0
     0     0     0     0     0     0     0     0     0     0     0     0     0     0     0     0     0     0     0     0     0     0     0     0
     0     0     0     0     0     0     0     0     0     0     0     0     0     0     0     0     0     0     0     0     0     0     0     0
     0     0     0     0     0     0     0     0     0     0     0     0     0     0     0     0     0     0     0     0     0     0     0     0
     0     0     0     0     0     0     0     0     0     0     0     0     0     0     0     0     0     0     0     0     0     0     0     0
     0     0     0     0     0     0     0     0     0     0     0     0     0     0     0     0     0     0     0     0     0     0     0     0
     0     0     0     0     0     0     0     0     0     0     0     0     0     0     0     0     0     0     0     0     0     0     0     0
     0     0     0     0     0     0     0     0     0     0     0     0     0     0     0     0     0     0     0     0     0     0     0     0
     0     0     0     0     0     0     0     0     0     0     0     0     0     0     0     0     0     0     0     0     0     0     0     0
     0     0     0     0     0     0     0     0     0     0     0     0     0     0     0     0     0     0     0     0     0     0     0     0
     0     0     0     0     0     0     0     0     0     0     0     0     0     0     0     0     0     0     0     0     0     0     0     0
     0     0     0     0     0     0     0     0     0     0     0     0     0     0     0     0     0     0     0     0     0     0     0     0
     0     0     0     0     0     0     0     0     0     0     0     0     0     0     0     0     0     0     0     0     0     0     0     0
     0     0     0     0     0     0     0     0     0     0     0     0     0     0     0     0     0     0     0     0     0     0     0     0

  121 列

     0
     0
     0
     0
     0
     0
     0
     0
     0
     0
     0
     0
     0
     0
     0

本次运算用时:1998.153秒
算法在第139代时收敛

best
7451.88332928746
7451.88332928746
7451.88332928746
7451.88332928746
7451.88332928746
7445.08369474668
7445.08369474668
7425.93473174743
7425.93473174743
7425.93473174743
7425.93473174743
7198.20166449320
7176.51466789908
7176.51466789908
7176.51466789908
7176.51466789908
7176.51466789908
7176.51466789908
7176.51466789908
7160.31125300504
7160.31125300504
7160.31125300504
7160.31125300504
7160.31125300504
7160.31125300504
7160.31125300504
7160.31125300504
7160.31125300504
7160.31125300504
7052.85256694706
7052.85256694706
7052.85256694706
7052.85256694706
7052.85256694706
7052.85256694706
7052.85256694706
7052.85256694706
7052.85256694706
7052.85256694706
7052.85256694706
7052.85256694706
7052.85256694706
7052.85256694706
7052.85256694706
7052.85256694706
7052.85256694706
7052.85256694706
7052.85256694706
7052.85256694706
7052.85256694706
7052.85256694706
7052.85256694706
7052.85256694706
6961.13946306429
6961.13946306429
6961.13946306429
6961.13946306429
6961.13946306429
6961.13946306429
6961.13946306429
6961.13946306429
6961.13946306429
6961.13946306429
6961.13946306429
6961.13946306429
6961.13946306429
6961.13946306429
6961.13946306429
6961.13946306429
6961.13946306429
6961.13946306429
6961.13946306429
6961.13946306429
6961.13946306429
6961.13946306429
6961.13946306429
6961.13946306429
6961.13946306429
6803.00880059393
6803.00880059393
6803.00880059393
6803.00880059393
6803.00880059393
6803.00880059393
6803.00880059393
6803.00880059393
6803.00880059393
6803.00880059393
6803.00880059393
6803.00880059393
6803.00880059393
6803.00880059393
6803.00880059393
6803.00880059393
6803.00880059393
6803.00880059393
6803.00880059393
6803.00880059393
6803.00880059393
6803.00880059393
6803.00880059393
6803.00880059393
6803.00880059393
6795.18221001579
6795.18221001579
6795.18221001579
6795.18221001579
6795.18221001579
6795.18221001579
6795.18221001579
6795.18221001579
6795.18221001579
6795.18221001579
6795.18221001579
6795.18221001579
6795.18221001579
6795.18221001579
6795.18221001579
6795.18221001579
6795.18221001579
6795.18221001579
6795.18221001579
6795.18221001579
6795.18221001579
6795.18221001579
6795.18221001579
6795.18221001579
6795.18221001579
6795.18221001579
6795.18221001579
6795.18221001579
6795.18221001579
6795.18221001579
6795.18221001579
6795.18221001579
6795.18221001579
6795.18221001579
6795.18221001579
6762.15980076140
6762.15980076140
6762.15980076140
6762.15980076140
6762.15980076140
6762.15980076140
6762.15980076140
6762.15980076140
6762.15980076140
6762.15980076140
6762.15980076140
6762.15980076140
6762.15980076140
6762.15980076140
6762.15980076140
6762.15980076140
6762.15980076140
6762.15980076140
6762.15980076140
6762.15980076140
6762.15980076140
6762.15980076140
6762.15980076140
6762.15980076140
6762.15980076140
6762.15980076140
6762.15980076140
6762.15980076140
6762.15980076140
6762.15980076140
6762.15980076140
6762.15980076140
6762.15980076140
6762.15980076140
6762.15980076140
6762.15980076140
6762.15980076140
6762.15980076140
6762.15980076140
6762.15980076140
6762.15980076140
6762.15980076140
6762.15980076140
6762.15980076140
6762.15980076140
6762.15980076140
6762.15980076140
6762.15980076140
6762.15980076140
6762.15980076140
6762.15980076140
6762.15980076140
6762.15980076140
6762.15980076140
6762.15980076140
6762.15980076140
6762.15980076140
6762.15980076140
6762.15980076140
6762.15980076140
6762.15980076140
6762.15980076140
6762.15980076140
6762.15980076140
6762.15980076140
6762.15980076140
6762.15980076140
6762.15980076140
6762.15980076140
6762.15980076140
6762.15980076140
6762.15980076140
6762.15980076140
6762.15980076140
6762.15980076140
6762.15980076140
6762.15980076140
6762.15980076140
6762.15980076140
6762.15980076140
6762.15980076140
6762.15980076140
6762.15980076140
6762.15980076140
6762.15980076140
6762.15980076140
6762.15980076140
6762.15980076140
6762.15980076140
6762.15980076140
6762.15980076140
6762.15980076140
6762.15980076140
6762.15980076140
6762.15980076140
6762.15980076140
6762.15980076140
6762.15980076140
6762.15980076140
6762.15980076140
6762.15980076140
6762.15980076140
6762.15980076140
6762.15980076140
6762.15980076140
6762.15980076140
6762.15980076140
6762.15980076140
6762.15980076140
6762.15980076140
6762.15980076140
6762.15980076140
6762.15980076140
6762.15980076140
6762.15980076140
6762.15980076140
6762.15980076140
6762.15980076140
6762.15980076140
6762.15980076140
6762.15980076140
6762.15980076140
6762.15980076140
6762.15980076140
6762.15980076140
6762.15980076140
6762.15980076140
6762.15980076140
6762.15980076140
6762.15980076140
6762.15980076140
6762.15980076140
6762.15980076140
6762.15980076140
6762.15980076140
6762.15980076140
6762.15980076140
6762.15980076140
6762.15980076140
6762.15980076140
6762.15980076140
6762.15980076140
6762.15980076140
6762.15980076140
6762.15980076140
6762.15980076140
6762.15980076140
6762.15980076140
6762.15980076140
6762.15980076140
6762.15980076140
6762.15980076140
6762.15980076140
6762.15980076140
6762.15980076140
6762.15980076140
6762.15980076140
6762.15980076140
6762.15980076140
6762.15980076140
6762.15980076140
6762.15980076140
6762.15980076140
6762.15980076140
6762.15980076140
6762.15980076140
6762.15980076140
6762.15980076140
6762.15980076140
6762.15980076140
6762.15980076140
6762.15980076140
6762.15980076140
6762.15980076140
6762.15980076140
6762.15980076140
6762.15980076140
6762.15980076140
6762.15980076140
6762.15980076140
6762.15980076140
6762.15980076140
6762.15980076140
6762.15980076140
6762.15980076140
6762.15980076140
6762.15980076140
6762.15980076140
6762.15980076140
6762.15980076140
6762.15980076140
6762.15980076140
6762.15980076140
6762.15980076140
6762.15980076140
6762.15980076140
6762.15980076140
6762.15980076140
6762.15980076140
6762.15980076140
6762.15980076140
6762.15980076140
6762.15980076140
6762.15980076140
6762.15980076140
6762.15980076140
6762.15980076140
6762.15980076140
6762.15980076140
6762.15980076140
6762.15980076140
6762.15980076140
6762.15980076140
6762.15980076140
6762.15980076140
6762.15980076140
6762.15980076140
6762.15980076140
6762.15980076140
6762.15980076140
6762.15980076140
6762.15980076140
6762.15980076140
6762.15980076140
6762.15980076140
6762.15980076140
6762.15980076140
6762.15980076140
6762.15980076140
6762.15980076140
6762.15980076140
6762.15980076140
6762.15980076140
6762.15980076140
6762.15980076140
6762.15980076140
6762.15980076140
6762.15980076140
6762.15980076140
6762.15980076140
6762.15980076140
6762.15980076140
6762.15980076140
6762.15980076140
6762.15980076140
6762.15980076140
6762.15980076140
6762.15980076140
6762.15980076140
6762.15980076140
6762.15980076140
6762.15980076140
6762.15980076140
6762.15980076140
6762.15980076140
6762.15980076140
6762.15980076140
6762.15980076140
6762.15980076140
6762.15980076140
6762.15980076140
6762.15980076140
6762.15980076140
6762.15980076140
6762.15980076140
6762.15980076140
6762.15980076140
6762.15980076140
6762.15980076140
6762.15980076140
6762.15980076140
6762.15980076140
6762.15980076140
6762.15980076140
6762.15980076140
6762.15980076140
6762.15980076140
6762.15980076140
6762.15980076140
6762.15980076140
6762.15980076140
6762.15980076140
6762.15980076140
6762.15980076140
6762.15980076140
6762.15980076140
6762.15980076140
6762.15980076140
6762.15980076140
6762.15980076140
6762.15980076140
6762.15980076140
6762.15980076140
6762.15980076140
6762.15980076140
6762.15980076140
6762.15980076140
6762.15980076140
6762.15980076140
6762.15980076140
6762.15980076140
6762.15980076140
6762.15980076140
6762.15980076140
6762.15980076140
6762.15980076140
6762.15980076140
6762.15980076140
6762.15980076140
6762.15980076140
6762.15980076140
6762.15980076140
6762.15980076140
6762.15980076140
6762.15980076140
6762.15980076140
6762.15980076140
6762.15980076140
6762.15980076140
6762.15980076140
6762.15980076140
6762.15980076140
6762.15980076140
6762.15980076140
6762.15980076140
6762.15980076140
6762.15980076140
6762.15980076140
6762.15980076140
6762.15980076140
6762.15980076140
6762.15980076140
6762.15980076140
6762.15980076140
6762.15980076140
6762.15980076140
6762.15980076140
6762.15980076140
6762.15980076140
6762.15980076140
6762.15980076140
6762.15980076140
6762.15980076140
6762.15980076140
6762.15980076140
6762.15980076140
6762.15980076140
6762.15980076140
6762.15980076140
6762.15980076140
6762.15980076140
6762.15980076140
6762.15980076140
6762.15980076140
6762.15980076140
6762.15980076140
6762.15980076140
6762.15980076140
6762.15980076140
6762.15980076140
6762.15980076140
6762.15980076140

ave
9087.04809846946
8933.50455258723
9087.25329546980
9105.94723818362
9305.41455923509
9120.90090470174
9336.34088102451
9413.34922336674
9476.93215493136
9326.45427004477
9559.40038678157
8996.80847319752
9336.55375143772
9249.58035505057
9139.22361869565
9489.91325035750
9197.19215640272
8916.49315587370
9073.59573376311
9112.95412526878
9489.04234055708
9339.14956474559
8723.11133932205
8741.86287772974
9086.82992864564
8866.37666482538
9329.69239449072
8612.58764937143
9335.12688471506
9026.01621252093
9051.35343293124
8303.33719237873
8879.71883144573
8378.00922148219
8805.92172748074
9210.57773841186
8654.26886896175
8750.18582218198
9131.36082361922
8875.68337058977
9525.63113539526
8877.89992960883
9135.85184176688
9260.48936821601
9254.94085504543
8858.61186219627
8384.37375734622
8956.64281923362
9264.21198458805
9152.38633092911
9303.38308058381
8649.46056218847
9004.60184360618
8887.21200402243
9176.74370344286
9104.32314157357
8893.29849163644
9433.67888774279
9040.98834402584
9294.39459251944
8825.12398961235
8753.45382261186
8466.05581286814
8847.82935833623
8827.72859536474
8620.99350358569
8991.79992814197
8950.38538643239
9011.83923035067
8802.93864333680
8615.96845225492
9103.46760429531
9014.19397706267
8927.32409501624
9157.61975645308
8639.92633357158
9316.89085230332
8810.90896677688
8505.00802038244
8923.12934620734
8864.59035240067
8887.58778586514
9005.23142747353
8377.81968649263
9146.70752959400
8787.92380763780
8971.60511732346
8737.61717706219
8670.79916434340
8781.23227726357
9227.90705640681
8696.97786407161
8798.90811237482
9160.20938828137
8352.24204246577
9360.28085376421
8336.41553832355
8725.29566967623
8357.64651268953
8741.20722105434
9321.46723241963
9073.00833770036
8975.46087468011
8926.51057525853
8890.41772565794
8921.09149851519
9488.33932112557
8969.69746212832
8629.66014211249
8803.52244109586
8851.54947322670
8910.69084258676
8722.51029731160
8523.99716598599
8681.47916226417
8695.05808202823
9233.77788869932
8976.66500146389
9037.14454905655
8651.76487747356
8951.04063794594
8756.29432205918
8815.51593081317
8784.48354912107
9215.39883063030
8630.49231872103
9087.20394345694
9311.27780531003
8736.44002736502
9093.49496159039
8883.83671320979
9085.84937389361
8686.57782823956
8498.72780112106
8786.26649799998
8611.59590705609
8506.01884976617
9345.47233543681
8703.84793809325
9253.62490945551
8714.21327148047
9099.65721953084
9102.90587304918
9140.30663721556
9248.67818689823
8632.70584966189
8506.35170103525
8789.34344390604
8480.70744366246
9228.83999569857
9015.05688166056
8672.46307251257
8802.63853511516
8574.66102571269
8963.49321169448
8809.52931796146
9008.42341417861
8715.33378776979
9122.85481242055
8778.70099198909
9082.77219583182
8475.54200280086
8809.54478018012
9133.77214265513
8655.80917690432
8572.34643255150
8567.55328056745
8970.88849655514
9205.12375115021
8822.52955715484
8945.51626091752
8421.30969698024
8738.90336194040
9196.25460512498
9050.36847152905
9389.58374192106
9200.12663434991
9408.53701772128
9196.95090847333
8671.22030542870
9058.12315545046
9290.37658120236
8712.44753988689
9125.30027630644
9424.59664609199
9803.37388692794
9085.24841894471
8913.18683080540
8906.86361610487
8723.62512190995
8760.64931912343
8658.45738370789
8879.48253563221
8670.95243893318
8893.49836406205
8884.92771246465
8736.02692022712
8895.60476803194
9200.17169191888
9131.29538799994
8921.21577009341
8910.63935639487
9018.30723276346
8898.07856726154
8859.25740398208
8982.14348825370
8804.66527405732
9221.29906903338
8464.55844129885
8606.86536482792
8771.26571258799
8902.74233820899
8511.28006206895
8865.94481475600
9008.06333311329
8681.77915998940
8472.85959704651
8798.58821865213
8545.74022054122
8839.63418206316
9015.02562414011
8689.60583793924
8800.82434746844
8722.45743078796
9363.67773649263
8786.14194949831
8637.65534377183
9151.89775711217
8318.53774402245
8990.14686895491
8940.79143514455
8914.05177632456
8855.90599311469
8941.60976211273
8927.00992405402
9271.51808437768
9144.58392643658
8936.10604977506
9708.41883138454
8660.61711145085
9104.59641686901
8942.52407743309
8704.07208309850
8940.44763695339
9026.75516051766
9509.14898545027
8988.41033543222
9021.69451020203
8813.50507595071
8776.92672383539
9209.39666720011
8746.51411985015
9067.92210490722
8917.90264819205
8373.99764665977
9447.61407118933
9204.17673957978
9060.44042629392
8480.49847707928
8925.79899629141
9609.37052448687
8630.03735954674
8905.90770693938
8706.49849126819
9145.54606708019
8902.44642125794
9155.44943169714
8983.11706939326
8863.01076869296
9478.38829131252
9217.41160583067
9031.24215215788
8894.46066697934
9060.26545862884
8988.44727324140
9206.69491553591
9261.81570629880
9014.40341812539
9185.87778434951
9323.60065095409
8747.84971476683
8826.67180149146
9200.36462693756
9112.71366238092
8951.52026008998
9081.97123105424
8740.57570246085
8463.26033187313
8830.08674615905
9004.97475918223
8896.82070292112
8603.55682873380
8995.30873285379
8941.75744966573
8628.67548331259
8495.13428228293
8746.52282606953
9195.84934782346
8599.78841316521
8941.70830663761
8818.23909013351
8933.09884112259
8586.48782396794
9133.62079933135
8814.43330414116
9061.03118814335
8779.11738962888
8719.64564579674
9170.83147722709
8835.08415004376
8439.74385628430
9048.35373555320
9596.35617816171
8704.69425119589
9105.77805110094
8712.64485993662
8811.43985409351
8821.26267179189
9376.29701162432
8452.46332868506
9336.68005201304
9198.66053030432
8802.44502076668
8852.69533918479
8985.20404198790
8887.46058181610
9131.24564341264
8632.09050983360
8775.42706566227
8559.50193683381
9059.64015346617
9275.27790289490
9360.91184380243
8949.22419357132
8858.37431022581
9124.77071781948
9419.63279925792
9030.08648922148
8911.75050257230
8694.40120333548
9089.12518922228
8846.14246445879
8828.61881067012
8822.50862821589
9138.52845010290
9060.40099045079
8998.84260783284
8697.51079588350
8593.66104326787
8940.34475401517
8942.53267185101
8516.69912167577
8677.75997588186
9084.22916775659
9462.77459812895
8706.80869886377
9223.25789593062
8918.25578207279
9104.18060498915
9237.35242668268
9172.36150825762
9108.14902839866
9033.04616775748
8893.41440056978
9003.90800106378
9265.98042499559
9172.34511031190
8727.05242425552
8928.31317935112
8938.08980358224
8539.46173896824
8569.78389068152
8655.35953034070
8898.31932307462
9054.88583918215
9370.79002076696
9016.80534328218
8686.54834895134
9646.00846709989
8974.13444537250
8927.23446753566
8808.94950027680
8775.66304335989
8745.72387826443
8901.58238580399
8520.81277979810
9137.78527638253
8828.58462405857
9115.48068881877
9038.98738652904
8375.45726877251
9159.45438052387
9086.78849384407
8719.08129960094
9187.96351987520
8671.30527117221
8873.36339400029
8942.97852843811
9694.06581142965
8780.37196010343
9078.69210052854
9677.88059925231
9218.27951456028
9157.26513595190
8800.93012590868
8881.25118880857
8527.81894112584
9478.17931475390
8651.12074747653
9207.96981968421
9275.60882841744
9209.35981936220
9640.66634997670
8949.89340067616
9175.27068425210
9390.98191159763
8633.09501211111
8787.03323965037
9204.80971224503
9091.80105619237
8726.25811234646
8817.18907072909
8953.06613938570
9053.43561956819
9190.82934917952
8646.84689397831
9151.62645299091
8755.67506882333
8872.95081329659
9084.24080921533
9300.65714988710
8900.43229190937
9256.84257212452
9419.50952609486
9013.82714150040
8796.15625243091
8719.36383511838
9197.67162233413
9270.58597951900
8959.83706399124
8800.36152512507
8997.01133959430
8843.34855489618
9047.46249711018
8302.98419516484
8401.78458580814
8712.02150531008
9029.07659302355
8727.64263490058
8364.04080540298
9024.01489798197
8782.69855707550
9450.72004781165
9140.53148607198
8960.48089788229
8786.76718130516
9131.10312792103
9039.21808477501
8466.24393613065
8381.84034379763
8949.31606407361
8814.86178603762
9222.43887214660
8949.08642031220
8851.39078045943
8860.54784951684
8775.51356998656
8753.89910156697
8849.20149622719
8915.91089769799
8925.60079612131
8873.76481260485
9007.61602313177
8800.36364226712
8925.66936672585
8776.71712745230
8675.40061664988
8959.05961910135
8972.30109862352
8874.88077835819
8977.92447232697
8881.56987314148
9112.78119182243
9217.69183421161
9065.81746939591
8598.46540840524
8496.66516975980
8749.22092727892
9195.45753425927
9098.51579137577
8853.60923335619
8792.39133645592
8963.56113658542
8971.66588677013
8735.67359040212
8946.30129238698
8953.60512287109
8505.89060237290
8998.28204482930
8756.16748519523