最优解为:1546.1309
最优解路径:

Best_route =

  1 至 24 列

    19     1    13    40    29    23     3     0     0     0     0     0     0     0     0     0     0     0     0     0     0     0     0     0
    17    39    30    25    16    37    10    26     2    22     0     0     0     0     0     0     0     0     0     0     0     0     0     0
     0     0     0     0     0     0     0     0     0     0     0     0     0     0     0     0     0     0     0     0     0     0     0     0
    33    15    12    14    36    32     9    31     7     0     0     0     0     0     0     0     0     0     0     0     0     0     0     0
    20    21    38     4     0     0     0     0     0     0     0     0     0     0     0     0     0     0     0     0     0     0     0     0
     0     0     0     0     0     0     0     0     0     0     0     0     0     0     0     0     0     0     0     0     0     0     0     0
     8    18     6    27    24     5    28    34    11    35     0     0     0     0     0     0     0     0     0     0     0     0     0     0
     0     0     0     0     0     0     0     0     0     0     0     0     0     0     0     0     0     0     0     0     0     0     0     0
     0     0     0     0     0     0     0     0     0     0     0     0     0     0     0     0     0     0     0     0     0     0     0     0

  25 至 41 列

     0     0     0     0     0     0     0     0     0     0     0     0     0     0     0     0     0
     0     0     0     0     0     0     0     0     0     0     0     0     0     0     0     0     0
     0     0     0     0     0     0     0     0     0     0     0     0     0     0     0     0     0
     0     0     0     0     0     0     0     0     0     0     0     0     0     0     0     0     0
     0     0     0     0     0     0     0     0     0     0     0     0     0     0     0     0     0
     0     0     0     0     0     0     0     0     0     0     0     0     0     0     0     0     0
     0     0     0     0     0     0     0     0     0     0     0     0     0     0     0     0     0
     0     0     0     0     0     0     0     0     0     0     0     0     0     0     0     0     0
     0     0     0     0     0     0     0     0     0     0     0     0     0     0     0     0     0

本次运算用时:208.221秒
算法在第374代时收敛

best
1586.26544313828
1583.38115142038
1579.82289158715
1579.82289158715
1557.06058917275
1557.06058917275
1557.06058917275
1557.06058917275
1557.06058917275
1557.06058917275
1557.06058917275
1557.06058917275
1557.06058917275
1557.06058917275
1557.06058917275
1557.06058917275
1557.06058917275
1557.06058917275
1557.06058917275
1557.06058917275
1557.06058917275
1555.66961523964
1555.04363664366
1552.77168883755
1552.77168883755
1552.77168883755
1552.77168883755
1551.86244160650
1551.66729601965
1551.66729601965
1551.66729601965
1551.66729601965
1551.66729601965
1551.66729601965
1551.66729601965
1551.66729601965
1551.66729601965
1551.66729601965
1551.66729601965
1550.80088184045
1550.80088184045
1550.80088184045
1550.80088184045
1550.80088184045
1550.80088184045
1550.80088184045
1550.79888349474
1550.79888349474
1550.79888349474
1550.79888349474
1550.79888349474
1550.79888349474
1550.79888349474
1550.79888349474
1550.35405281717
1549.86351621184
1549.54314260279
1549.54314260279
1549.52467472582
1549.52467472582
1549.52467472582
1549.52467472582
1549.52467472582
1549.52467472582
1549.52467472582
1549.52467472582
1549.52467472582
1549.52467472582
1549.52467472582
1549.52467472582
1549.52467472582
1549.52467472582
1549.52467472582
1549.52467472582
1549.52467472582
1549.52467472582
1549.52467472582
1549.52467472582
1549.52467472582
1549.52467472582
1549.52467472582
1549.05260599747
1549.05260599747
1549.05260599747
1549.05260599747
1549.05260599747
1549.05260599747
1549.05260599747
1549.05260599747
1549.05260599747
1549.05260599747
1549.05260599747
1549.05260599747
1549.05260599747
1549.05260599747
1549.05260599747
1549.05260599747
1549.05260599747
1549.05260599747
1549.05260599747
1549.05260599747
1549.05260599747
1549.05260599747
1549.05260599747
1549.05260599747
1549.05260599747
1549.05260599747
1549.05260599747
1549.05260599747
1549.05260599747
1549.05260599747
1549.05260599747
1549.05260599747
1549.05260599747
1549.05260599747
1549.05260599747
1549.05260599747
1549.05260599747
1549.05260599747
1549.05260599747
1549.05260599747
1549.05260599747
1549.05260599747
1549.05260599747
1549.05260599747
1549.05260599747
1549.05260599747
1549.05260599747
1549.05260599747
1549.05260599747
1549.05260599747
1549.05260599747
1549.05260599747
1549.05260599747
1549.05260599747
1549.05260599747
1549.05260599747
1549.05260599747
1549.05260599747
1549.05260599747
1549.05260599747
1549.05260599747
1549.05260599747
1549.05260599747
1549.05260599747
1549.05260599747
1549.05260599747
1549.05260599747
1549.05260599747
1549.05260599747
1549.05260599747
1549.05260599747
1549.05260599747
1549.05260599747
1549.05260599747
1549.05260599747
1549.05260599747
1549.05260599747
1549.05260599747
1549.05260599747
1549.05260599747
1549.05260599747
1549.05260599747
1549.05260599747
1549.05260599747
1549.05260599747
1549.05260599747
1549.05260599747
1549.05260599747
1549.05260599747
1549.05260599747
1549.05260599747
1549.05260599747
1549.05260599747
1549.05260599747
1549.05260599747
1549.05260599747
1549.05260599747
1549.05260599747
1549.05260599747
1549.05260599747
1549.05260599747
1549.05260599747
1549.05260599747
1549.05260599747
1549.05260599747
1549.05260599747
1549.05260599747
1549.05260599747
1549.05260599747
1549.05260599747
1549.05260599747
1549.05260599747
1549.05260599747
1549.05260599747
1549.05260599747
1549.05260599747
1549.05260599747
1549.05260599747
1549.05260599747
1549.05260599747
1549.05260599747
1549.05260599747
1549.05260599747
1549.05260599747
1549.05260599747
1549.05260599747
1549.05260599747
1549.05260599747
1549.05260599747
1549.05260599747
1546.77264568529
1546.77264568529
1546.77264568529
1546.77264568529
1546.77264568529
1546.77264568529
1546.77264568529
1546.77264568529
1546.77264568529
1546.77264568529
1546.77264568529
1546.77264568529
1546.77264568529
1546.77264568529
1546.77264568529
1546.77264568529
1546.77264568529
1546.77264568529
1546.77264568529
1546.77264568529
1546.77264568529
1546.77264568529
1546.77264568529
1546.77264568529
1546.77264568529
1546.77264568529
1546.77264568529
1546.77264568529
1546.77264568529
1546.77264568529
1546.77264568529
1546.77264568529
1546.77264568529
1546.77264568529
1546.77264568529
1546.77264568529
1546.77264568529
1546.77264568529
1546.77264568529
1546.77264568529
1546.77264568529
1546.77264568529
1546.77264568529
1546.77264568529
1546.77264568529
1546.77264568529
1546.77264568529
1546.77264568529
1546.77264568529
1546.77264568529
1546.77264568529
1546.77264568529
1546.77264568529
1546.77264568529
1546.77264568529
1546.77264568529
1546.77264568529
1546.77264568529
1546.77264568529
1546.77264568529
1546.77264568529
1546.77264568529
1546.77264568529
1546.77264568529
1546.77264568529
1546.77264568529
1546.77264568529
1546.77264568529
1546.77264568529
1546.77264568529
1546.77264568529
1546.77264568529
1546.77264568529
1546.77264568529
1546.77264568529
1546.77264568529
1546.77264568529
1546.77264568529
1546.77264568529
1546.77264568529
1546.77264568529
1546.77264568529
1546.77264568529
1546.77264568529
1546.77264568529
1546.77264568529
1546.77264568529
1546.77264568529
1546.77264568529
1546.77264568529
1546.77264568529
1546.77264568529
1546.77264568529
1546.77264568529
1546.77264568529
1546.77264568529
1546.77264568529
1546.77264568529
1546.77264568529
1546.77264568529
1546.77264568529
1546.77264568529
1546.77264568529
1546.77264568529
1546.77264568529
1546.77264568529
1546.77264568529
1546.77264568529
1546.77264568529
1546.77264568529
1546.77264568529
1546.77264568529
1546.77264568529
1546.77264568529
1546.77264568529
1546.77264568529
1546.77264568529
1546.77264568529
1546.77264568529
1546.77264568529
1546.77264568529
1546.77264568529
1546.77264568529
1546.77264568529
1546.77264568529
1546.77264568529
1546.77264568529
1546.77264568529
1546.77264568529
1546.77264568529
1546.77264568529
1546.77264568529
1546.77264568529
1546.77264568529
1546.77264568529
1546.77264568529
1546.77264568529
1546.77264568529
1546.77264568529
1546.77264568529
1546.77264568529
1546.77264568529
1546.77264568529
1546.77264568529
1546.77264568529
1546.77264568529
1546.77264568529
1546.77264568529
1546.77264568529
1546.77264568529
1546.77264568529
1546.77264568529
1546.77264568529
1546.77264568529
1546.77264568529
1546.77264568529
1546.77264568529
1546.77264568529
1546.77264568529
1546.77264568529
1546.77264568529
1546.77264568529
1546.13092485036
1546.13092485036
1546.13092485036
1546.13092485036
1546.13092485036
1546.13092485036
1546.13092485036
1546.13092485036
1546.13092485036
1546.13092485036
1546.13092485036
1546.13092485036
1546.13092485036
1546.13092485036
1546.13092485036
1546.13092485036
1546.13092485036
1546.13092485036
1546.13092485036
1546.13092485036
1546.13092485036
1546.13092485036
1546.13092485036
1546.13092485036
1546.13092485036
1546.13092485036
1546.13092485036
1546.13092485036
1546.13092485036
1546.13092485036
1546.13092485036
1546.13092485036
1546.13092485036
1546.13092485036
1546.13092485036
1546.13092485036
1546.13092485036
1546.13092485036
1546.13092485036
1546.13092485036
1546.13092485036
1546.13092485036
1546.13092485036
1546.13092485036
1546.13092485036
1546.13092485036
1546.13092485036
1546.13092485036
1546.13092485036
1546.13092485036
1546.13092485036
1546.13092485036
1546.13092485036
1546.13092485036
1546.13092485036
1546.13092485036
1546.13092485036
1546.13092485036
1546.13092485036
1546.13092485036
1546.13092485036
1546.13092485036
1546.13092485036
1546.13092485036
1546.13092485036
1546.13092485036
1546.13092485036
1546.13092485036
1546.13092485036
1546.13092485036
1546.13092485036
1546.13092485036
1546.13092485036
1546.13092485036
1546.13092485036
1546.13092485036
1546.13092485036
1546.13092485036
1546.13092485036
1546.13092485036
1546.13092485036
1546.13092485036
1546.13092485036
1546.13092485036
1546.13092485036
1546.13092485036
1546.13092485036
1546.13092485036
1546.13092485036
1546.13092485036
1546.13092485036
1546.13092485036
1546.13092485036
1546.13092485036
1546.13092485036
1546.13092485036
1546.13092485036
1546.13092485036
1546.13092485036
1546.13092485036
1546.13092485036
1546.13092485036
1546.13092485036
1546.13092485036
1546.13092485036
1546.13092485036
1546.13092485036
1546.13092485036
1546.13092485036
1546.13092485036
1546.13092485036
1546.13092485036
1546.13092485036
1546.13092485036
1546.13092485036
1546.13092485036
1546.13092485036
1546.13092485036
1546.13092485036
1546.13092485036
1546.13092485036
1546.13092485036
1546.13092485036
1546.13092485036
1546.13092485036
1546.13092485036
1546.13092485036

ave
1710.73939016598
1679.82401362908
1704.34433089094
1693.53691078902
1653.89580546464
1671.28242276479
1669.11617532128
1640.72414083722
1619.55219916819
1664.00595499856
1649.77958213636
1643.20353486352
1657.88634864158
1659.41327896125
1625.08452130966
1644.20925917002
1658.46653475022
1644.18695782832
1625.27929749658
1651.43881328134
1623.61827038440
1665.58372389497
1604.57376004452
1633.21371739063
1630.61396180638
1615.79899832096
1615.12275465273
1610.68075546383
1599.09175077297
1658.12823919389
1656.30783271981
1614.56960824966
1638.81619744531
1668.63621706344
1610.44679309185
1684.11657165612
1638.90467873745
1699.79842887996
1641.02674274897
1696.08858062219
1638.56422621805
1622.02250399037
1696.20833503970
1667.62766375623
1726.12227778596
1681.31811273288
1634.20941136756
1723.63378113944
1649.84519952179
1661.27684489436
1692.80714861776
1620.40745801576
1679.17044601502
1634.05226638571
1648.00935639150
1573.32381874447
1651.48797545329
1648.61703665560
1651.12197463540
1588.44178762426
1663.15610794095
1618.25220684974
1604.56487481268
1606.82045438164
1631.50003366733
1555.46187576896
1603.01443529043
1602.24689818964
1602.24492210099
1605.14988816955
1586.46328057613
1630.04828193010
1570.24265706588
1585.69191159384
1583.01309858803
1586.03289759706
1574.04119169176
1551.90230359422
1583.94866059726
1568.66322001797
1573.34549670911
1569.44380122099
1587.44285668176
1587.66218929616
1586.29260317513
1584.11203492305
1585.79311553956
1599.05874725036
1583.33157140535
1570.17495326721
1569.30525236799
1554.35032926550
1553.67089044977
1554.47248107374
1583.79804800390
1566.78023924654
1553.99043007942
1570.05843853468
1567.54855373598
1553.25543309751
1554.79687540172
1552.55435601810
1554.14678732734
1569.30122892520
1553.87805258014
1565.52730944789
1569.04826857897
1555.73100595860
1568.01110618630
1555.34533347252
1554.18247954688
1584.48391134063
1582.16314692634
1553.12627012197
1584.98929519067
1553.40362035138
1586.11062912483
1568.78214124945
1586.92487101059
1554.65159952301
1555.31113058073
1567.84398799693
1572.45725922983
1572.81722789650
1553.29156427920
1553.75266063816
1555.24351751516
1567.81450670639
1555.02031092922
1582.00378290650
1584.55426013110
1584.42524034829
1602.97131550371
1583.94076924762
1554.76504541744
1555.57323942738
1570.48036269469
1587.11083781229
1554.62036878774
1597.74195916681
1569.62780081957
1582.37242100615
1569.50351096767
1554.07345448802
1568.65804551625
1553.08777002153
1554.76054930432
1582.62320484454
1552.87084232822
1551.44704278774
1552.84403723620
1554.14882091608
1552.07048932701
1554.41676028458
1552.18563275649
1553.50792657275
1551.06420947102
1566.24991312633
1550.27788196695
1553.34110773043
1581.08693700302
1556.15043210833
1568.49237527583
1550.32386963911
1551.95865995687
1551.18801886873
1567.41317905682
1568.12045575208
1567.95677528744
1552.15234608209
1551.77169210985
1566.84996866292
1568.61931351233
1584.13924813598
1555.18629728406
1601.09584311184
1553.85347680178
1565.72137523465
1551.37135125808
1553.27648175434
1552.84223722323
1552.82326315658
1549.90585228735
1550.22784003505
1582.21847132231
1565.14045564219
1566.85234794320
1554.51898551163
1567.56416595060
1553.16006537918
1597.91981870573
1552.91883500006
1567.11240869068
1551.75767515785
1567.37759666585
1581.48849203258
1596.00131032436
1557.01288159211
1566.89561065032
1550.96996791607
1567.98567585121
1595.95396410953
1567.91252069344
1567.94759361001
1551.68754547469
1552.48342748955
1584.03187258759
1612.76295113014
1566.59080647813
1550.70473238184
1583.05130627095
1568.76366331083
1566.32028946282
1568.32864311909
1596.22539634631
1593.83016780106
1599.86968452111
1550.35200041331
1595.60406644142
1565.69284024600
1627.18048769544
1551.16891627851
1625.47187427281
1594.90819570591
1596.78345582918
1552.90750156306
1596.22012432668
1598.41146085178
1583.44860811610
1567.71071125467
1565.95488613519
1567.25673741909
1581.56461149331
1596.86126879225
1582.24131467874
1581.44757240959
1566.47286552689
1582.64672476823
1580.90119858301
1595.45931891187
1581.98105549615
1580.94100576733
1551.62033251798
1596.55467124033
1551.40834234077
1597.84257183953
1597.12431621564
1566.00193862117
1553.67869404017
1567.29628825492
1549.30862412296
1552.52877771407
1613.21284909283
1568.87061864525
1564.63642760225
1564.78229307873
1565.93930882910
1568.83905542206
1599.96964773603
1595.50962397346
1568.99426663202
1550.84160347032
1552.97488221176
1581.77862047091
1566.07999734418
1566.44440924225
1550.13525110349
1565.13207115707
1549.06470395970
1565.67914578399
1566.57346879440
1581.56025223472
1551.54710370895
1565.62697544294
1565.69438414337
1550.91863072106
1552.77560931414
1583.63110832677
1551.06786671207
1552.17203668503
1550.56360040897
1566.44537630656
1565.28701547226
1567.97891355715
1564.25014441823
1580.79997526587
1567.73764307861
1566.63989612106
1550.37728687096
1566.71394426430
1551.24346597604
1549.36738615878
1565.19639836527
1567.95980603786
1582.64756460655
1565.99761849210
1565.05662418439
1595.40860265427
1597.10313482104
1564.51641469062
1565.17217065007
1566.27714806649
1566.15305059074
1552.84936196112
1581.39425375979
1566.42504655910
1550.87988366691
1580.79007213181
1565.60874970074
1552.67991615746
1551.19561905022
1548.63538911991
1565.48997176888
1552.15684089513
1550.79429950926
1567.17847737828
1596.12512593739
1594.54300291191
1549.91960796358
1550.72252812859
1550.33488558293
1579.52779710923
1565.83941467426
1612.18075097673
1548.34904198296
1549.60382011735
1550.14270091398
1550.13126163823
1580.00801408449
1550.87758564001
1565.33249264678
1568.28450781739
1548.00251979336
1581.35422629792
1566.24990810509
1582.72477486378
1552.37667609952
1583.23894181885
1567.14594107125
1578.83362204317
1567.32019333183
1563.39718862074
1551.21437361680
1563.61500089364
1551.19893371716
1583.59067418619
1565.72199888943
1550.38908700274
1565.55912175942
1567.04590618747
1595.18908001353
1550.57532728027
1550.45373216997
1563.79106805926
1548.75653846545
1565.60509821042
1580.23575624842
1594.59582005828
1580.81310651044
1550.37933516975
1565.16245664853
1549.98380429075
1580.63214170104
1548.33629622231
1563.55848496967
1565.77195397506
1550.65516383794
1551.91208797617
1580.90251821977
1580.36615927248
1570.54313449723
1565.27591157684
1549.32822579866
1550.45107278831
1563.27511166344
1564.39990552427
1551.77240363514
1548.36423523213
1551.58477065336
1549.89503607363
1566.94700914671
1565.09368945475
1567.78114973282
1567.24658173078
1567.16229638611
1568.31153295232
1584.38991693597
1549.07584919367
1566.08234145905
1564.07932991990
1579.29695914812
1568.40401871761
1565.96962551531
1581.27737270863
1551.07953944218
1550.36626136587
1564.47955390099
1550.07084227485
1563.49988999307
1550.88847546943
1549.22002772364
1578.63134921765
1548.01482012221
1547.13168386458
1548.03906701171
1549.75898316260
1569.30706674652
1610.20952856377
1580.61068631914
1547.57272062236
1582.25374571199
1550.33575684736
1565.22659916973
1579.62216547359
1548.86833785112
1550.93660481936
1564.16598222138
1612.65005793707
1594.72761272236
1564.44823386010
1550.36446782080
1547.71617747285
1547.18113546000
1565.83965563308
1547.40809262633
1549.60764959151
1578.45484830468
1549.25368987124
1549.73459282391
1548.84722896596
1580.76036951757
1551.99902633259
1551.74391457267
1547.06184066494
1553.32714576544
1553.83686167804
1596.13778004112
1563.57881022675
1565.14876194115
1596.16422639068
1596.61233070007
1549.02646914633
1577.64074671899
1548.20318570624
1564.42323485359
1552.04951381739
1566.32218928464
1547.49333111516
1580.96392864030
1562.73709798513
1561.82943280740
1546.93300040572
1579.30423266374
1567.06559837192
1550.71010675940
1565.12764416591
1566.79895493000
1549.05528330002
1549.40434929336
1580.60468359701
1548.28266596878
1550.09838726047
1564.38524268574
1577.48756088645
1567.26237054784
1549.58894741825
1566.15373902659
1549.37216435534
1578.61932086947
1550.64840750234
1564.72998176274
1568.34962390024
1562.29390088324
1547.77618287140
1550.01531251586
1563.67486174962
1548.95251315809
1549.72841149763
1548.05239172692
1553.09115596506
1563.87342483662
1551.42864182395
1565.42906610656
1564.68884843442
1562.62288474781
1564.52337346694
1548.23125386598
1549.40853664665
1583.71332825766
1562.83450721431
1550.13093311515
1548.17700975718
1581.26983940735
1562.01569238512
1550.17817932019
1550.71528744883
1550.08229432148
1548.29280454404
1578.97628681743
1550.28426442986