最优解为:678.5835
最优解路径:

Best_route =

     0     0     0     0     0     0     0     0     0     0     0     0     0     0     0     0
     0     0     0     0     0     0     0     0     0     0     0     0     0     0     0     0
     0     0     0     0     0     0     0     0     0     0     0     0     0     0     0     0
     8    10    11     4     3     2     1    15    14     7    12     9    13     6     0     0
     5     0     0     0     0     0     0     0     0     0     0     0     0     0     0     0

本次运算用时:28.702秒
算法在第27代时收敛


best
682.076813609138
682.076813609138
682.076813609138
681.120144545944
681.120144545944
681.120144545944
681.120144545944
678.691949527844
678.691949527844
678.691949527844
678.691949527844
678.691949527844
678.691949527844
678.691949527844
678.691949527844
678.691949527844
678.691949527844
678.691949527844
678.691949527844
678.691949527844
678.691949527844
678.691949527844
678.691949527844
678.691949527844
678.691949527844
678.691949527844
678.583538733315
678.583538733315
678.583538733315
678.583538733315
678.583538733315
678.583538733315
678.583538733315
678.583538733315
678.583538733315
678.583538733315
678.583538733315
678.583538733315
678.583538733315
678.583538733315
678.583538733315
678.583538733315
678.583538733315
678.583538733315
678.583538733315
678.583538733315
678.583538733315
678.583538733315
678.583538733315
678.583538733315
678.583538733315
678.583538733315
678.583538733315
678.583538733315
678.583538733315
678.583538733315
678.583538733315
678.583538733315
678.583538733315
678.583538733315
678.583538733315
678.583538733315
678.583538733315
678.583538733315
678.583538733315
678.583538733315
678.583538733315
678.583538733315
678.583538733315
678.583538733315
678.583538733315
678.583538733315
678.583538733315
678.583538733315
678.583538733315
678.583538733315
678.583538733315
678.583538733315
678.583538733315
678.583538733315
678.583538733315
678.583538733315
678.583538733315
678.583538733315
678.583538733315
678.583538733315
678.583538733315
678.583538733315
678.583538733315
678.583538733315
678.583538733315
678.583538733315
678.583538733315
678.583538733315
678.583538733315
678.583538733315
678.583538733315
678.583538733315
678.583538733315
678.583538733315
678.583538733315
678.583538733315
678.583538733315
678.583538733315
678.583538733315
678.583538733315
678.583538733315
678.583538733315
678.583538733315
678.583538733315
678.583538733315
678.583538733315
678.583538733315
678.583538733315
678.583538733315
678.583538733315
678.583538733315
678.583538733315
678.583538733315
678.583538733315
678.583538733315
678.583538733315
678.583538733315
678.583538733315
678.583538733315
678.583538733315
678.583538733315
678.583538733315
678.583538733315
678.583538733315
678.583538733315
678.583538733315
678.583538733315
678.583538733315
678.583538733315
678.583538733315
678.583538733315
678.583538733315
678.583538733315
678.583538733315
678.583538733315
678.583538733315
678.583538733315
678.583538733315
678.583538733315
678.583538733315
678.583538733315
678.583538733315
678.583538733315
678.583538733315
678.583538733315
678.583538733315
678.583538733315
678.583538733315
678.583538733315
678.583538733315
678.583538733315
678.583538733315
678.583538733315
678.583538733315
678.583538733315
678.583538733315
678.583538733315
678.583538733315
678.583538733315
678.583538733315
678.583538733315
678.583538733315
678.583538733315
678.583538733315
678.583538733315
678.583538733315
678.583538733315
678.583538733315
678.583538733315
678.583538733315
678.583538733315
678.583538733315
678.583538733315
678.583538733315
678.583538733315
678.583538733315
678.583538733315
678.583538733315
678.583538733315
678.583538733315
678.583538733315
678.583538733315
678.583538733315
678.583538733315
678.583538733315
678.583538733315
678.583538733315
678.583538733315
678.583538733315
678.583538733315
678.583538733315
678.583538733315
678.583538733315
678.583538733315
678.583538733315
678.583538733315
678.583538733315
678.583538733315
678.583538733315
678.583538733315
678.583538733315
678.583538733315
678.583538733315
678.583538733315
678.583538733315
678.583538733315
678.583538733315
678.583538733315
678.583538733315
678.583538733315
678.583538733315
678.583538733315
678.583538733315
678.583538733315
678.583538733315
678.583538733315
678.583538733315
678.583538733315
678.583538733315
678.583538733315
678.583538733315
678.583538733315
678.583538733315
678.583538733315
678.583538733315
678.583538733315
678.583538733315
678.583538733315
678.583538733315
678.583538733315
678.583538733315
678.583538733315
678.583538733315
678.583538733315
678.583538733315
678.583538733315
678.583538733315
678.583538733315
678.583538733315
678.583538733315
678.583538733315
678.583538733315
678.583538733315
678.583538733315
678.583538733315
678.583538733315
678.583538733315
678.583538733315
678.583538733315
678.583538733315
678.583538733315
678.583538733315
678.583538733315
678.583538733315
678.583538733315
678.583538733315
678.583538733315
678.583538733315
678.583538733315
678.583538733315
678.583538733315
678.583538733315
678.583538733315
678.583538733315
678.583538733315
678.583538733315
678.583538733315
678.583538733315
678.583538733315
678.583538733315
678.583538733315
678.583538733315
678.583538733315
678.583538733315
678.583538733315
678.583538733315
678.583538733315
678.583538733315
678.583538733315
678.583538733315
678.583538733315
678.583538733315
678.583538733315
678.583538733315
678.583538733315
678.583538733315
678.583538733315
678.583538733315
678.583538733315
678.583538733315
678.583538733315
678.583538733315
678.583538733315
678.583538733315
678.583538733315
678.583538733315
678.583538733315
678.583538733315
678.583538733315
678.583538733315
678.583538733315
678.583538733315
678.583538733315
678.583538733315
678.583538733315
678.583538733315
678.583538733315
678.583538733315
678.583538733315
678.583538733315
678.583538733315
678.583538733315
678.583538733315
678.583538733315
678.583538733315
678.583538733315
678.583538733315
678.583538733315
678.583538733315
678.583538733315
678.583538733315
678.583538733315
678.583538733315
678.583538733315
678.583538733315
678.583538733315
678.583538733315
678.583538733315
678.583538733315
678.583538733315
678.583538733315
678.583538733315
678.583538733315
678.583538733315
678.583538733315
678.583538733315
678.583538733315
678.583538733315
678.583538733315
678.583538733315
678.583538733315
678.583538733315
678.583538733315
678.583538733315
678.583538733315
678.583538733315
678.583538733315
678.583538733315
678.583538733315
678.583538733315
678.583538733315
678.583538733315
678.583538733315
678.583538733315
678.583538733315
678.583538733315
678.583538733315
678.583538733315
678.583538733315
678.583538733315
678.583538733315
678.583538733315
678.583538733315
678.583538733315
678.583538733315
678.583538733315
678.583538733315
678.583538733315
678.583538733315
678.583538733315
678.583538733315
678.583538733315
678.583538733315
678.583538733315
678.583538733315
678.583538733315
678.583538733315
678.583538733315
678.583538733315
678.583538733315
678.583538733315
678.583538733315
678.583538733315
678.583538733315
678.583538733315
678.583538733315
678.583538733315
678.583538733315
678.583538733315
678.583538733315
678.583538733315
678.583538733315
678.583538733315
678.583538733315
678.583538733315
678.583538733315
678.583538733315
678.583538733315
678.583538733315
678.583538733315
678.583538733315
678.583538733315
678.583538733315
678.583538733315
678.583538733315
678.583538733315
678.583538733315
678.583538733315
678.583538733315
678.583538733315
678.583538733315
678.583538733315
678.583538733315
678.583538733315
678.583538733315
678.583538733315
678.583538733315
678.583538733315
678.583538733315
678.583538733315
678.583538733315
678.583538733315
678.583538733315
678.583538733315
678.583538733315
678.583538733315
678.583538733315
678.583538733315
678.583538733315
678.583538733315
678.583538733315
678.583538733315
678.583538733315
678.583538733315
678.583538733315
678.583538733315
678.583538733315
678.583538733315
678.583538733315
678.583538733315
678.583538733315
678.583538733315
678.583538733315
678.583538733315
678.583538733315
678.583538733315
678.583538733315
678.583538733315
678.583538733315
678.583538733315
678.583538733315
678.583538733315
678.583538733315
678.583538733315
678.583538733315
678.583538733315
678.583538733315
678.583538733315
678.583538733315
678.583538733315
678.583538733315
678.583538733315
678.583538733315
678.583538733315
678.583538733315
678.583538733315
678.583538733315
678.583538733315
678.583538733315
678.583538733315
678.583538733315
678.583538733315
678.583538733315
678.583538733315
678.583538733315
678.583538733315
678.583538733315
678.583538733315
678.583538733315
678.583538733315
678.583538733315
678.583538733315
678.583538733315
678.583538733315
678.583538733315
678.583538733315
678.583538733315
678.583538733315
678.583538733315
678.583538733315
678.583538733315
678.583538733315
678.583538733315
678.583538733315

ave
737.302600812271
733.810787563584
708.522747334272
734.986151574848
710.220927640517
767.890401104253
738.574520297428
719.533157781394
739.505492881029
755.411808458812
789.540352836108
694.882380841968
718.979742086337
718.715641520007
765.057703636451
703.462602019385
729.176289688008
763.987983429557
725.188106822289
736.674855096600
729.753845091744
724.171033561875
734.247444099161
752.689236461383
744.161634590207
756.406342702369
697.246243983399
708.811252923566
696.964975582153
718.636120381612
756.123452724043
729.406625876784
706.227334527511
716.307678898143
682.615389475710
730.195710583977
681.434399745320
706.486365303644
690.985474617545
692.555312730764
716.448685973048
692.095796261375
680.777277828912
680.482512948532
692.078421971719
703.799622218208
679.165360328590
680.820367132468
691.449478426903
679.149460754430
679.437727673952
678.691949527844
690.963180154506
678.691949527844
678.691949527844
679.290783523934
702.134571611452
679.035544729365
690.708533144329
678.981987148160
679.727765294269
679.363290829400
690.764054075953
678.981987148160
690.876923864387
690.760797706787
678.691949527844
679.409953680081
679.670046856336
679.165360328590
678.767171120500
690.760797706787
678.691949527844
703.112274216114
691.154235499213
679.850135961874
690.876923864387
703.957902156785
691.857283728775
691.592357771875
679.840961559794
680.575965508150
678.981987148160
678.691949527844
678.691949527844
679.090885182514
691.939262881388
679.053341567974
678.691949527844
678.691949527844
679.182679594576
678.723077853737
678.691949527844
679.082672813650
679.127884342478
678.981987148160
690.760797706787
679.617597023964
680.076798274170
678.954419703562
678.970799477964
691.284296429385
690.784000890115
678.691949527844
679.911299568045
691.949027677610
678.691949527844
678.872645547909
678.691949527844
678.691949527844
679.276168549808
691.092541157837
680.551925217997
679.472156929921
678.872645547909
679.053990697824
691.726129908651
691.944827892388
679.390332434138
678.691949527844
679.222809571381
678.990447435698
679.892230027739
679.438563759308
691.541914902304
678.691949527844
679.026257737692
679.395325920702
691.231531347169
678.691949527844
678.691949527844
678.691949527844
679.810993448044
679.349918924226
680.343438189615
679.581806238557
690.706002454689
678.872645547909
703.330592714774
679.322380565643
691.795245386241
691.123174625541
678.981987148160
678.691949527844
679.319275918336
678.967515850662
678.691949527844
678.860533499241
680.945624405958
691.419233820458
680.187572851479
691.375974283449
678.854790717410
678.691949527844
680.137171688887
679.799170965534
679.261648501008
714.559107341785
679.156899621512
679.456868886646
678.791520522105
679.039127561140
679.537594345777
678.885977035194
678.691949527844
679.993481227228
679.092152430208
691.157245497968
678.723077853737
680.090170896220
678.691949527844
678.691949527844
678.691949527844
678.791520522105
679.623009127690
690.301195965948
679.222809571381
679.127884342478
690.418997853737
679.621616292072
679.344307959146
680.263610730336
680.457299735566
702.890976791232
690.843128073495
679.363375614642
679.605672483163
678.972216542171
691.579723149683
692.932079932202
679.871581735467
679.451480733515
690.438651611452
678.860533499241
679.217030602124
679.468788623190
678.691949527844
678.878049671391
679.512847191697
679.210259845583
690.968450546348
680.888751542214
678.691949527844
678.791520522105
680.095293598730
678.854848709300
678.691949527844
679.063896096085
680.007072406874
680.063029438192
679.349918924226
680.087046024958
691.472853895280
679.127166291390
678.872645547909
679.537594345777
691.568266507610
679.318292115155
678.981987148160
679.686837717510
678.860533499240
680.672063693431
678.691949527844
678.723077853737
678.804902349521
678.860533499241
678.691949527844
690.945421152009
679.435758212185
678.691949527844
678.691949527844
691.333858140228
678.865683106649
691.438744521181
691.115524807851
703.141305256600
678.691949527844
678.691949527844
691.094021039995
679.911088668562
703.229009808139
678.911931130390
690.659676254633
678.691949527844
678.691949527844
702.996737979381
679.474737120857
679.182679594576
679.563819157111
691.924033696265
692.069445275742
703.968259970441
678.691949527844
691.733714080758
679.517264605840
691.355486654187
679.732076199090
678.691949527844
678.691949527844
678.809751415633
703.712448615777
679.128949983352
678.967515850662
691.390544660281
680.205347918960
678.691949527844
679.758826243507
679.244592116151
678.691949527844
690.743557079233
691.345145652315
678.793413760349
691.090283304734
678.691949527844
678.691949527844
691.206533038624
702.838262729182
679.083451380665
678.691949527844
678.691949527844
678.791520522105
678.691949527844
678.967515850662
679.725972902182
678.860533499241
679.121036509065
679.222809571381
705.123114560250
691.676442433903
679.499862681426
678.723077853737
703.853107304008
679.452720788541
679.005716935578
679.769404017812
691.035472169396
679.620253238642
679.445666060680
679.353477603488
679.427722479997
679.725972902182
680.664885435531
691.019123402052
679.556860236981
679.045257343465
679.299321688923
691.023940033001
679.615294571147
678.967515850662
678.691949527844
678.691949527844
690.968450546348
691.415071792283
691.461066141120
679.371665644816
679.195180332305
679.042774899831
678.691949527844
679.261648501008
678.691949527844
690.560105260371
703.068144623114
690.550768709300
678.809751415633
679.222809571381
678.691949527844
678.691949527844
691.004106029067
692.113103553858
678.691949527844
691.694535800344
679.690984021961
679.063896096085
678.691949527844
678.854790717410
679.200304403166
690.673058082048
678.691949527844
678.872645547909
678.981987148160
679.198649077446
679.014129017571
678.966623990453
679.662288350755
679.182679594576
678.691949527844
679.791143098969
679.067086844924
679.351061724630
679.723206224467
679.035544729365
679.063896096085
680.289144225409
678.691949527844
678.691949527844
678.691949527844
679.090360789873
691.393733475461
679.079968113150
691.092541157837
679.121731968588
679.826267248772
690.764054075953
679.416364563943
692.127930735202
679.035973509999
679.929464246462
678.691949527844
679.127884342478
678.691949527844
678.691949527844
679.122502659284
692.395714943556
679.344917556223
679.384945544934
678.691949527844
679.793407328273
678.691949527844
690.927889800437
679.390332434138
680.073928394374
678.691949527844
703.363975969848
679.606034552496
679.310200404917
679.325360326052
678.691949527844
679.444312163368
678.811160258827
679.182679594576
679.179131519689
690.332324291842
679.655396233566
678.940986468719
679.918645799326
678.691949527844
690.945126159047
691.344336832081
678.691949527844
679.511546432768
679.057328627250
679.111171092442
679.718290365842
691.213767902951
690.876923864387
678.791520522105
680.151061120944
678.691949527844
690.876923864387
691.382578778153
691.650528363338
679.349918924226
678.691949527844
691.317367720250
691.323197167771
678.893001651617
690.669003294725
678.749089940823
678.791520522105
678.854848709300
679.832036929281
679.162683168225
679.082672813650
678.809751415633
679.973529160411
691.330976111377
690.636296595541
678.691949527844
678.691949527844
690.860368701049
702.960696890364
679.339438745113
678.691949527844
690.932051828612
678.854848709300
678.691949527844
690.550203869877
678.691949527844
678.691949527844
679.067101835893
690.591233586265
679.214826440307
704.140177962275
691.262033357030
691.028491864635
679.063896096085
680.280278735273
679.339377966761
691.735437435766
691.353683580815
678.691949527844
678.981987148160
703.651371969295
690.438651611452
691.054091696269
678.723077853737
678.691949527844
679.216240749431
690.945421152009
679.519235783757
678.755219723149
679.477629427544
678.691949527844
678.691949527844
678.691949527844
691.092541157837
690.968450546348
678.691949527844
679.222809571381
690.994725752176
678.691949527844
679.042774899831
690.954292307530
679.063896096085
680.383172130236
691.811526623931
679.148211870727
679.245686230267
678.691949527844
679.042774899831
690.968450546348
679.379030057826
678.691949527844
678.891575911416
679.129249059799
678.691949527844
679.127884342478
678.723077853737
679.925006819385
678.691949527844
678.723077853737
678.791520522105
678.935915743214
678.872645547909
679.081558142422
690.768259106476
679.102083533762
679.363290829400
692.504943649429
679.329642429768
