最优解为:346.1497
最优解路径:

Best_route =

     0     0     0     0     0     0     0
     2     5     1     6     4     3     0

本次运算用时:2.937秒
算法在第4代时收敛

best
346.608847519535
346.608847519535
346.608847519535
346.149679401439
346.149679401439
346.149679401439
346.149679401439
346.149679401439
346.149679401439
346.149679401439
346.149679401439
346.149679401439
346.149679401439
346.149679401439
346.149679401439
346.149679401439
346.149679401439
346.149679401439
346.149679401439
346.149679401439
346.149679401439
346.149679401439
346.149679401439
346.149679401439
346.149679401439
346.149679401439
346.149679401439
346.149679401439
346.149679401439
346.149679401439
346.149679401439
346.149679401439
346.149679401439
346.149679401439
346.149679401439
346.149679401439
346.149679401439
346.149679401439
346.149679401439
346.149679401439
346.149679401439
346.149679401439
346.149679401439
346.149679401439
346.149679401439
346.149679401439
346.149679401439
346.149679401439
346.149679401439
346.149679401439
346.149679401439
346.149679401439
346.149679401439
346.149679401439
346.149679401439
346.149679401439
346.149679401439
346.149679401439
346.149679401439
346.149679401439
346.149679401439
346.149679401439
346.149679401439
346.149679401439
346.149679401439
346.149679401439
346.149679401439
346.149679401439
346.149679401439
346.149679401439
346.149679401439
346.149679401439
346.149679401439
346.149679401439
346.149679401439
346.149679401439
346.149679401439
346.149679401439
346.149679401439
346.149679401439
346.149679401439
346.149679401439
346.149679401439
346.149679401439
346.149679401439
346.149679401439
346.149679401439
346.149679401439
346.149679401439
346.149679401439
346.149679401439
346.149679401439
346.149679401439
346.149679401439
346.149679401439
346.149679401439
346.149679401439
346.149679401439
346.149679401439
346.149679401439
346.149679401439
346.149679401439
346.149679401439
346.149679401439
346.149679401439
346.149679401439
346.149679401439
346.149679401439
346.149679401439
346.149679401439
346.149679401439
346.149679401439
346.149679401439
346.149679401439
346.149679401439
346.149679401439
346.149679401439
346.149679401439
346.149679401439
346.149679401439
346.149679401439
346.149679401439
346.149679401439
346.149679401439
346.149679401439
346.149679401439
346.149679401439
346.149679401439
346.149679401439
346.149679401439
346.149679401439
346.149679401439
346.149679401439
346.149679401439
346.149679401439
346.149679401439
346.149679401439
346.149679401439
346.149679401439
346.149679401439
346.149679401439
346.149679401439
346.149679401439
346.149679401439
346.149679401439
346.149679401439
346.149679401439
346.149679401439
346.149679401439
346.149679401439
346.149679401439
346.149679401439
346.149679401439
346.149679401439
346.149679401439
346.149679401439
346.149679401439
346.149679401439
346.149679401439
346.149679401439
346.149679401439
346.149679401439
346.149679401439
346.149679401439
346.149679401439
346.149679401439
346.149679401439
346.149679401439
346.149679401439
346.149679401439
346.149679401439
346.149679401439
346.149679401439
346.149679401439
346.149679401439
346.149679401439
346.149679401439
346.149679401439
346.149679401439
346.149679401439
346.149679401439
346.149679401439
346.149679401439
346.149679401439
346.149679401439
346.149679401439
346.149679401439
346.149679401439
346.149679401439
346.149679401439
346.149679401439
346.149679401439
346.149679401439
346.149679401439
346.149679401439
346.149679401439
346.149679401439
346.149679401439
346.149679401439
346.149679401439

ave
389.749247716081
378.150930092246
364.369291790328
379.520131866135
378.117215633972
398.610651348194
363.692723231468
354.607398749189
364.754298037311
377.353016372937
375.013862379862
362.553356598143
363.030168297804
362.691327313045
348.483004230478
385.474377864664
360.124883855528
371.977784409338
372.458863929911
372.342344926290
359.564874735026
359.795662782889
384.056477213236
383.028736583101
358.636137445625
347.761089670441
371.579836443823
358.988259604579
358.811607724747
358.237156167786
347.793410493930
358.897970615124
358.084642210169
346.149679401439
346.149679401439
358.376359321219
346.811655939834
346.149679401439
347.274670638152
346.149679401439
346.481829761692
346.481829761692
346.149679401439
346.647014450267
346.149679401439
358.235994076730
346.149679401439
346.149679401439
346.599491955054
346.149679401439
346.149679401439
346.149679401439
346.149679401439
346.480667670636
346.480667670637
346.149679401439
346.149679401439
346.149679401439
346.620127678028
346.149679401439
346.481829761692
346.756361772169
346.149679401439
346.149679401439
346.149679401439
346.149679401439
346.149679401439
346.480667670636
346.274980349127
346.149679401439
346.149679401439
346.149679401439
346.149679401439
346.149679401439
358.235994076730
346.149679401439
346.149679401439
358.104248261994
346.149679401439
346.149679401439
346.149679401439
346.149679401439
346.149679401439
346.149679401439
346.149679401439
346.149679401439
346.149679401439
346.149679401439
346.149679401439
346.149679401439
358.601583310821
346.149679401439
346.149679401439
346.149679401439
347.615617550229
346.149679401439
346.149679401439
346.149679401439
346.480667670637
346.149679401439
346.149679401439
346.149679401439
346.149679401439
346.274980349127
346.756361772169
346.149679401439
346.480667670636
346.149679401439
346.149679401439
346.149679401439
346.149679401439
346.149679401439
346.647014450267
346.480667670637
346.149679401439
346.149679401439
358.595844479102
346.149679401439
346.149679401439
346.149679401439
346.149679401439
346.149679401439
358.264856209905
358.264856209905
346.149679401439
358.539907742665
346.149679401439
358.264856209905
346.149679401439
346.149679401439
358.412559545385
358.264856209905
346.149679401439
358.264856209905
346.149679401439
346.149679401439
346.149679401439
346.149679401439
346.149679401439
346.266272470588
346.149679401439
346.597260739786
346.149679401439
346.149679401439
346.149679401439
346.149679401439
346.480667670636
346.149679401439
346.149679401439
346.149679401439
346.149679401439
346.149679401439
346.266272470588
347.113373590480
346.149679401439
346.149679401439
358.735133573358
358.268319907423
346.150841492495
346.149679401439
358.462440561849
346.149679401439
346.149679401439
346.149679401439
346.149679401439
346.296220645864
346.150841492495
346.149679401439
346.149679401439
346.149679401439
346.149679401439
346.149679401439
346.149679401439
346.149679401439
346.149679401439
346.647014450267
346.149679401439
346.149679401439
346.149679401439
346.149679401439
346.149679401439
346.783027678028
358.264856209905
346.480667670637
346.149679401439
346.480667670637
346.480667670636
346.149679401439
346.149679401439
346.149679401439
346.149679401439
346.149679401439
346.149679401439
346.149679401439
346.647014450267
346.783027678028
346.274980349127
346.149679401439
346.480667670636
346.149679401439