最优解为:314.9814
最优解路径:

Best_route =

     0     0     0     0     0     0     0
     6     4     5     1     2     3     0

本次运算用时:2.876秒
算法在第1代时收敛


best
314.981412224677
314.981412224677
314.981412224677
314.981412224677
314.981412224677
314.981412224677
314.981412224677
314.981412224677
314.981412224677
314.981412224677
314.981412224677
314.981412224677
314.981412224677
314.981412224677
314.981412224677
314.981412224677
314.981412224677
314.981412224677
314.981412224677
314.981412224677
314.981412224677
314.981412224677
314.981412224677
314.981412224677
314.981412224677
314.981412224677
314.981412224677
314.981412224677
314.981412224677
314.981412224677
314.981412224677
314.981412224677
314.981412224677
314.981412224677
314.981412224677
314.981412224677
314.981412224677
314.981412224677
314.981412224677
314.981412224677
314.981412224677
314.981412224677
314.981412224677
314.981412224677
314.981412224677
314.981412224677
314.981412224677
314.981412224677
314.981412224677
314.981412224677
314.981412224677
314.981412224677
314.981412224677
314.981412224677
314.981412224677
314.981412224677
314.981412224677
314.981412224677
314.981412224677
314.981412224677
314.981412224677
314.981412224677
314.981412224677
314.981412224677
314.981412224677
314.981412224677
314.981412224677
314.981412224677
314.981412224677
314.981412224677
314.981412224677
314.981412224677
314.981412224677
314.981412224677
314.981412224677
314.981412224677
314.981412224677
314.981412224677
314.981412224677
314.981412224677
314.981412224677
314.981412224677
314.981412224677
314.981412224677
314.981412224677
314.981412224677
314.981412224677
314.981412224677
314.981412224677
314.981412224677
314.981412224677
314.981412224677
314.981412224677
314.981412224677
314.981412224677
314.981412224677
314.981412224677
314.981412224677
314.981412224677
314.981412224677
314.981412224677
314.981412224677
314.981412224677
314.981412224677
314.981412224677
314.981412224677
314.981412224677
314.981412224677
314.981412224677
314.981412224677
314.981412224677
314.981412224677
314.981412224677
314.981412224677
314.981412224677
314.981412224677
314.981412224677
314.981412224677
314.981412224677
314.981412224677
314.981412224677
314.981412224677
314.981412224677
314.981412224677
314.981412224677
314.981412224677
314.981412224677
314.981412224677
314.981412224677
314.981412224677
314.981412224677
314.981412224677
314.981412224677
314.981412224677
314.981412224677
314.981412224677
314.981412224677
314.981412224677
314.981412224677
314.981412224677
314.981412224677
314.981412224677
314.981412224677
314.981412224677
314.981412224677
314.981412224677
314.981412224677
314.981412224677
314.981412224677
314.981412224677
314.981412224677
314.981412224677
314.981412224677
314.981412224677
314.981412224677
314.981412224677
314.981412224677
314.981412224677
314.981412224677
314.981412224677
314.981412224677
314.981412224677
314.981412224677
314.981412224677
314.981412224677
314.981412224677
314.981412224677
314.981412224677
314.981412224677
314.981412224677
314.981412224677
314.981412224677
314.981412224677
314.981412224677
314.981412224677
314.981412224677
314.981412224677
314.981412224677
314.981412224677
314.981412224677
314.981412224677
314.981412224677
314.981412224677
314.981412224677
314.981412224677
314.981412224677
314.981412224677
314.981412224677
314.981412224677
314.981412224677
314.981412224677
314.981412224677
314.981412224677
314.981412224677
314.981412224677
314.981412224677
314.981412224677
314.981412224677
314.981412224677
314.981412224677

ave
335.824845326457
347.213376061431
334.617147765038
320.528398174601
320.682364668227
332.972182733169
319.851136576820
341.941956538818
329.315341145069
331.484840114359
319.320508030320
330.446937859278
316.973791227721
341.760942593555
317.301834852374
318.930034677285
328.158818969528
339.953253909358
328.658136599462
315.856915125240
316.710870530913
315.890522179751
315.921069316646
317.437253066594
315.539662715572
339.793126189749
339.515691846361
339.536121297954
327.966727386086
326.981412224677
315.662171363406
315.245457762108
326.981412224677
315.245457762108
315.611878669278
314.981412224677
315.406191347768
326.981412224677
315.710105013703
315.406191347768
339.331947712294
315.611878669278
314.981412224677
315.398125825975
315.285968247357
314.981412224677
314.981412224677
314.981412224677
314.981412224677
314.981412224677
314.981412224677
326.966269033143
314.981412224677
315.678302406993
314.981412224677
314.981412224677
314.981412224677
314.981412224677
315.406191347768
314.981412224677
326.805661085232
314.981412224677
314.981412224677
314.981412224677
314.981412224677
314.981412224677
314.981412224677
314.981412224677
314.981412224677
315.398125825975
314.981412224677
314.981412224677
314.981412224677
314.981412224677
314.981412224677
326.828744160811
314.981412224677
314.981412224677
314.981412224677
314.981412224677
314.981412224677
314.981412224677
315.245457762108
314.981412224677
314.981412224677
315.312400493874
314.981412224677
314.981412224677
315.599612730661
315.406191347768
314.981412224677
314.981412224677
315.253523283902
314.981412224677
326.828744160811
314.981412224677
326.981412224677
314.981412224677
315.253523283902
314.981412224677
314.981412224677
314.981412224677
315.285325890612
314.981412224677
314.981412224677
314.981412224677
314.981412224677
314.981412224677
314.981412224677
314.981412224677
326.981412224677
314.981412224677
314.981412224677
314.981412224677
314.981412224677
314.981412224677
314.981412224677
314.981412224677
315.398125825975
326.805661085232
314.981412224677
314.981412224677
314.981412224677
315.285325890612
314.981412224677
314.981412224677
314.981412224677
326.981412224677
315.253523283902
315.398125825975
314.981412224677
314.981412224677
326.981412224677
326.966269033143
314.981412224677
314.981412224677
314.983216672478
314.981412224677
314.981412224677
314.981412224677
314.981412224677
314.981412224677
326.828744160811
314.981412224677
314.981412224677
314.981412224677
314.981412224677
314.981412224677
315.253523283902
315.730183219385
314.981412224677
314.981412224677
314.981412224677
315.721475340846
314.981412224677
315.253523283902
314.981412224677
326.981412224677
314.981412224677
314.981412224677
314.981412224677
314.981412224677
314.981412224677
314.981412224677
314.981412224677
315.253523283902
314.981412224677
314.981412224677
314.981412224677
314.981412224677
314.981412224677
314.981412224677
314.981412224677
314.981412224677
314.981412224677
314.981412224677
314.981412224677
314.981412224677
314.981412224677
314.981412224677
314.981412224677
314.981412224677
314.981412224677
314.981412224677
314.981412224677
314.981412224677
314.981412224677
314.981412224677
315.584804066015
314.981412224677
314.981412224677
314.981412224677
314.981412224677
327.253523283902
314.981412224677
314.981412224677
314.981412224677
314.981412224677
314.981412224677
326.981412224677