task 1：
目标函数：314.995
决策变量：
x
t1  （大小 7）	t1  （大小 7）	v1  （大小 2）	值
1	1	1	0
1	1	2	0
1	2	1	0
1	2	2	1
1	3	1	0
1	3	2	0
1	4	1	0
1	4	2	0
1	5	1	0
1	5	2	0
1	6	1	0
1	6	2	0
1	7	1	0
1	7	2	0
2	1	1	0
2	1	2	0
2	2	1	0
2	2	2	0
2	3	1	0
2	3	2	0
2	4	1	0
2	4	2	1
2	5	1	0
2	5	2	0
2	6	1	0
2	6	2	0
2	7	1	0
2	7	2	0
3	1	1	0
3	1	2	0
3	2	1	0
3	2	2	0
3	3	1	0
3	3	2	0
3	4	1	0
3	4	2	0
3	5	1	0
3	5	2	0
3	6	1	0
3	6	2	1
3	7	1	0
3	7	2	0
4	1	1	0
4	1	2	0
4	2	1	0
4	2	2	0
4	3	1	0
4	3	2	0
4	4	1	0
4	4	2	0
4	5	1	0
4	5	2	1
4	6	1	0
4	6	2	0
4	7	1	0
4	7	2	0
5	1	1	0
5	1	2	0
5	2	1	0
5	2	2	0
5	3	1	0
5	3	2	0
5	4	1	0
5	4	2	0
5	5	1	0
5	5	2	0
5	6	1	0
5	6	2	0
5	7	1	0
5	7	2	1
6	1	1	0
6	1	2	1
6	2	1	0
6	2	2	0
6	3	1	0
6	3	2	0
6	4	1	0
6	4	2	0
6	5	1	0
6	5	2	0
6	6	1	0
6	6	2	0
6	7	1	0
6	7	2	0
7	1	1	0
7	1	2	0
7	2	1	0
7	2	2	0
7	3	1	0
7	3	2	1
7	4	1	0
7	4	2	0
7	5	1	0
7	5	2	0
7	6	1	0
7	6	2	0
7	7	1	0
7	7	2	0

y
t1  （大小 7）	值
1	0
2	0.689655711317372
3	6.78615912488414
4	2.04597808407772
5	3.72956423735406
6	8.74900095540305
7	5.1565762203066

时间：3.69

task 2：
目标函数：338.812
决策变量：
x
t1  （大小 7）	t1  （大小 7）	v1  （大小 2）	值
1	1	1	0
1	1	2	0
1	2	1	0
1	2	2	0
1	3	1	0
1	3	2	0
1	4	1	0
1	4	2	0
1	5	1	1
1	5	2	0
1	6	1	0
1	6	2	0
1	7	1	0
1	7	2	0
2	1	1	1
2	1	2	0
2	2	1	0
2	2	2	0
2	3	1	0
2	3	2	0
2	4	1	0
2	4	2	0
2	5	1	0
2	5	2	0
2	6	1	0
2	6	2	0
2	7	1	0
2	7	2	0
3	1	1	0
3	1	2	0
3	2	1	0
3	2	2	0
3	3	1	0
3	3	2	0
3	4	1	0
3	4	2	0
3	5	1	0
3	5	2	0
3	6	1	0
3	6	2	0
3	7	1	1
3	7	2	0
4	1	1	0
4	1	2	0
4	2	1	0
4	2	2	0
4	3	1	0
4	3	2	0
4	4	1	0
4	4	2	0
4	5	1	0
4	5	2	0
4	6	1	1
4	6	2	0
4	7	1	0
4	7	2	0
5	1	1	0
5	1	2	0
5	2	1	0
5	2	2	0
5	3	1	0
5	3	2	0
5	4	1	1
5	4	2	0
5	5	1	0
5	5	2	0
5	6	1	0
5	6	2	0
5	7	1	0
5	7	2	0
6	1	1	0
6	1	2	0
6	2	1	0
6	2	2	0
6	3	1	1
6	3	2	0
6	4	1	0
6	4	2	0
6	5	1	0
6	5	2	0
6	6	1	0
6	6	2	0
6	7	1	0
6	7	2	0
7	1	1	0
7	1	2	0
7	2	1	1
7	2	2	0
7	3	1	0
7	3	2	0
7	4	1	0
7	4	2	0
7	5	1	0
7	5	2	0
7	6	1	0
7	6	2	0
7	7	1	0
7	7	2	0

y
t1  （大小 7）	值
1	0
2	6.10003747547671
3	4.33455016988183
4	1.91242417492762
5	1.26034531628728
6	2.37170833936292
7	5.18129036198616

时间：2.69