最优解为:3568.5286
最优解路径:

Best_route =

  1 至 24 列

    57    58    47    48    44    53    54    18     0     0     0     0     0     0     0     0     0     0     0     0     0     0     0     0
    37    38    51    52    12     0     0     0     0     0     0     0     0     0     0     0     0     0     0     0     0     0     0     0
    41    39    40    27    28    35    36    19    20    16     0     0     0     0     0     0     0     0     0     0     0     0     0     0
     0     0     0     0     0     0     0     0     0     0     0     0     0     0     0     0     0     0     0     0     0     0     0     0
     3     4    43    21    22    34    55    56     2    45    46     0     0     0     0     0     0     0     0     0     0     0     0     0
    13    14    49    50    29    30     1    15    25    26     0     0     0     0     0     0     0     0     0     0     0     0     0     0
    33    23    24    11    59    17     7     8     0     0     0     0     0     0     0     0     0     0     0     0     0     0     0     0
    31    32    42     9    10    60     5     6     0     0     0     0     0     0     0     0     0     0     0     0     0     0     0     0

  25 至 48 列

     0     0     0     0     0     0     0     0     0     0     0     0     0     0     0     0     0     0     0     0     0     0     0     0
     0     0     0     0     0     0     0     0     0     0     0     0     0     0     0     0     0     0     0     0     0     0     0     0
     0     0     0     0     0     0     0     0     0     0     0     0     0     0     0     0     0     0     0     0     0     0     0     0
     0     0     0     0     0     0     0     0     0     0     0     0     0     0     0     0     0     0     0     0     0     0     0     0
     0     0     0     0     0     0     0     0     0     0     0     0     0     0     0     0     0     0     0     0     0     0     0     0
     0     0     0     0     0     0     0     0     0     0     0     0     0     0     0     0     0     0     0     0     0     0     0     0
     0     0     0     0     0     0     0     0     0     0     0     0     0     0     0     0     0     0     0     0     0     0     0     0
     0     0     0     0     0     0     0     0     0     0     0     0     0     0     0     0     0     0     0     0     0     0     0     0

  49 至 61 列

     0     0     0     0     0     0     0     0     0     0     0     0     0
     0     0     0     0     0     0     0     0     0     0     0     0     0
     0     0     0     0     0     0     0     0     0     0     0     0     0
     0     0     0     0     0     0     0     0     0     0     0     0     0
     0     0     0     0     0     0     0     0     0     0     0     0     0
     0     0     0     0     0     0     0     0     0     0     0     0     0
     0     0     0     0     0     0     0     0     0     0     0     0     0
     0     0     0     0     0     0     0     0     0     0     0     0     0

本次运算用时:415.121秒
算法在第1代时收敛

best
3568.52858083280
3568.52858083280
3568.52858083280
3568.52858083280
3568.52858083280
3568.52858083280
3568.52858083280
3568.52858083280
3568.52858083280
3568.52858083280
3568.52858083280
3568.52858083280
3568.52858083280
3568.52858083280
3568.52858083280
3568.52858083280
3568.52858083280
3568.52858083280
3568.52858083280
3568.52858083280
3568.52858083280
3568.52858083280
3568.52858083280
3568.52858083280
3568.52858083280
3568.52858083280
3568.52858083280
3568.52858083280
3568.52858083280
3568.52858083280
3568.52858083280
3568.52858083280
3568.52858083280
3568.52858083280
3568.52858083280
3568.52858083280
3568.52858083280
3568.52858083280
3568.52858083280
3568.52858083280
3568.52858083280
3568.52858083280
3568.52858083280
3568.52858083280
3568.52858083280
3568.52858083280
3568.52858083280
3568.52858083280
3568.52858083280
3568.52858083280
3568.52858083280
3568.52858083280
3568.52858083280
3568.52858083280
3568.52858083280
3568.52858083280
3568.52858083280
3568.52858083280
3568.52858083280
3568.52858083280
3568.52858083280
3568.52858083280
3568.52858083280
3568.52858083280
3568.52858083280
3568.52858083280
3568.52858083280
3568.52858083280
3568.52858083280
3568.52858083280
3568.52858083280
3568.52858083280
3568.52858083280
3568.52858083280
3568.52858083280
3568.52858083280
3568.52858083280
3568.52858083280
3568.52858083280
3568.52858083280
3568.52858083280
3568.52858083280
3568.52858083280
3568.52858083280
3568.52858083280
3568.52858083280
3568.52858083280
3568.52858083280
3568.52858083280
3568.52858083280
3568.52858083280
3568.52858083280
3568.52858083280
3568.52858083280
3568.52858083280
3568.52858083280
3568.52858083280
3568.52858083280
3568.52858083280
3568.52858083280
3568.52858083280
3568.52858083280
3568.52858083280
3568.52858083280
3568.52858083280
3568.52858083280
3568.52858083280
3568.52858083280
3568.52858083280
3568.52858083280
3568.52858083280
3568.52858083280
3568.52858083280
3568.52858083280
3568.52858083280
3568.52858083280
3568.52858083280
3568.52858083280
3568.52858083280
3568.52858083280
3568.52858083280
3568.52858083280
3568.52858083280
3568.52858083280
3568.52858083280
3568.52858083280
3568.52858083280
3568.52858083280
3568.52858083280
3568.52858083280
3568.52858083280
3568.52858083280
3568.52858083280
3568.52858083280
3568.52858083280
3568.52858083280
3568.52858083280
3568.52858083280
3568.52858083280
3568.52858083280
3568.52858083280
3568.52858083280
3568.52858083280
3568.52858083280
3568.52858083280
3568.52858083280
3568.52858083280
3568.52858083280
3568.52858083280
3568.52858083280
3568.52858083280
3568.52858083280
3568.52858083280
3568.52858083280
3568.52858083280
3568.52858083280
3568.52858083280
3568.52858083280
3568.52858083280
3568.52858083280
3568.52858083280
3568.52858083280
3568.52858083280
3568.52858083280
3568.52858083280
3568.52858083280
3568.52858083280
3568.52858083280
3568.52858083280
3568.52858083280
3568.52858083280
3568.52858083280
3568.52858083280
3568.52858083280
3568.52858083280
3568.52858083280
3568.52858083280
3568.52858083280
3568.52858083280
3568.52858083280
3568.52858083280
3568.52858083280
3568.52858083280
3568.52858083280
3568.52858083280
3568.52858083280
3568.52858083280
3568.52858083280
3568.52858083280
3568.52858083280
3568.52858083280
3568.52858083280
3568.52858083280
3568.52858083280
3568.52858083280
3568.52858083280
3568.52858083280
3568.52858083280
3568.52858083280
3568.52858083280
3568.52858083280
3568.52858083280
3568.52858083280
3568.52858083280
3568.52858083280
3568.52858083280
3568.52858083280
3568.52858083280
3568.52858083280
3568.52858083280
3568.52858083280
3568.52858083280
3568.52858083280
3568.52858083280
3568.52858083280
3568.52858083280
3568.52858083280
3568.52858083280
3568.52858083280
3568.52858083280
3568.52858083280
3568.52858083280
3568.52858083280
3568.52858083280
3568.52858083280
3568.52858083280
3568.52858083280
3568.52858083280
3568.52858083280
3568.52858083280
3568.52858083280
3568.52858083280
3568.52858083280
3568.52858083280
3568.52858083280
3568.52858083280
3568.52858083280
3568.52858083280
3568.52858083280
3568.52858083280
3568.52858083280
3568.52858083280
3568.52858083280
3568.52858083280
3568.52858083280
3568.52858083280
3568.52858083280
3568.52858083280
3568.52858083280
3568.52858083280
3568.52858083280
3568.52858083280
3568.52858083280
3568.52858083280
3568.52858083280
3568.52858083280
3568.52858083280
3568.52858083280
3568.52858083280
3568.52858083280
3568.52858083280
3568.52858083280
3568.52858083280
3568.52858083280
3568.52858083280
3568.52858083280
3568.52858083280
3568.52858083280
3568.52858083280
3568.52858083280
3568.52858083280
3568.52858083280
3568.52858083280
3568.52858083280
3568.52858083280
3568.52858083280
3568.52858083280
3568.52858083280
3568.52858083280
3568.52858083280
3568.52858083280
3568.52858083280
3568.52858083280
3568.52858083280
3568.52858083280
3568.52858083280
3568.52858083280
3568.52858083280
3568.52858083280
3568.52858083280
3568.52858083280
3568.52858083280
3568.52858083280
3568.52858083280
3568.52858083280
3568.52858083280
3568.52858083280
3568.52858083280
3568.52858083280
3568.52858083280
3568.52858083280
3568.52858083280
3568.52858083280
3568.52858083280
3568.52858083280
3568.52858083280
3568.52858083280
3568.52858083280
3568.52858083280
3568.52858083280
3568.52858083280
3568.52858083280
3568.52858083280
3568.52858083280
3568.52858083280
3568.52858083280
3568.52858083280
3568.52858083280
3568.52858083280
3568.52858083280
3568.52858083280
3568.52858083280
3568.52858083280
3568.52858083280
3568.52858083280
3568.52858083280
3568.52858083280
3568.52858083280
3568.52858083280
3568.52858083280
3568.52858083280
3568.52858083280
3568.52858083280
3568.52858083280
3568.52858083280
3568.52858083280
3568.52858083280
3568.52858083280
3568.52858083280
3568.52858083280
3568.52858083280
3568.52858083280
3568.52858083280
3568.52858083280
3568.52858083280
3568.52858083280
3568.52858083280
3568.52858083280
3568.52858083280
3568.52858083280
3568.52858083280
3568.52858083280
3568.52858083280
3568.52858083280
3568.52858083280
3568.52858083280
3568.52858083280
3568.52858083280
3568.52858083280
3568.52858083280
3568.52858083280
3568.52858083280
3568.52858083280
3568.52858083280
3568.52858083280
3568.52858083280
3568.52858083280
3568.52858083280
3568.52858083280
3568.52858083280
3568.52858083280
3568.52858083280
3568.52858083280
3568.52858083280
3568.52858083280
3568.52858083280
3568.52858083280
3568.52858083280
3568.52858083280
3568.52858083280
3568.52858083280
3568.52858083280
3568.52858083280
3568.52858083280
3568.52858083280
3568.52858083280
3568.52858083280
3568.52858083280
3568.52858083280
3568.52858083280
3568.52858083280
3568.52858083280
3568.52858083280
3568.52858083280
3568.52858083280
3568.52858083280
3568.52858083280
3568.52858083280
3568.52858083280
3568.52858083280
3568.52858083280
3568.52858083280
3568.52858083280
3568.52858083280
3568.52858083280
3568.52858083280
3568.52858083280
3568.52858083280
3568.52858083280
3568.52858083280
3568.52858083280
3568.52858083280
3568.52858083280
3568.52858083280
3568.52858083280
3568.52858083280
3568.52858083280
3568.52858083280
3568.52858083280
3568.52858083280
3568.52858083280
3568.52858083280
3568.52858083280
3568.52858083280
3568.52858083280
3568.52858083280
3568.52858083280
3568.52858083280
3568.52858083280
3568.52858083280
3568.52858083280
3568.52858083280
3568.52858083280
3568.52858083280
3568.52858083280
3568.52858083280
3568.52858083280
3568.52858083280
3568.52858083280
3568.52858083280
3568.52858083280
3568.52858083280
3568.52858083280
3568.52858083280
3568.52858083280
3568.52858083280
3568.52858083280
3568.52858083280
3568.52858083280
3568.52858083280
3568.52858083280
3568.52858083280
3568.52858083280
3568.52858083280
3568.52858083280
3568.52858083280
3568.52858083280
3568.52858083280
3568.52858083280
3568.52858083280
3568.52858083280
3568.52858083280
3568.52858083280
3568.52858083280
3568.52858083280
3568.52858083280
3568.52858083280
3568.52858083280
3568.52858083280
3568.52858083280
3568.52858083280
3568.52858083280
3568.52858083280
3568.52858083280
3568.52858083280
3568.52858083280
3568.52858083280
3568.52858083280
3568.52858083280
3568.52858083280
3568.52858083280
3568.52858083280
3568.52858083280
3568.52858083280
3568.52858083280
3568.52858083280
3568.52858083280
3568.52858083280
3568.52858083280
3568.52858083280
3568.52858083280
3568.52858083280
3568.52858083280
3568.52858083280
3568.52858083280
3568.52858083280
3568.52858083280
3568.52858083280
3568.52858083280
3568.52858083280

ave
4842.05304918996
4754.84017602891
4863.05160791465
4827.56170597484
4793.69812809982
4503.76713026626
4849.80075001776
4769.55479521994
4668.38094730731
4767.24610891195
4614.13581827064
4839.06330508849
4947.73728768100
4758.35813239903
4760.99548255109
4877.86399371988
4832.46902780918
4717.81843407155
4882.62925022458
4847.64464175375
4722.27233656929
4573.69653513832
4790.26052643325
4667.31493639057
4647.52654603222
4728.15548307537
4691.30662374277
4544.86110459900
4767.63360560962
4572.01153817224
4775.00333954535
4936.90303787072
4736.43995250122
4934.62358998385
4672.46026573076
4548.40447463474
4658.25931544719
4691.45888788717
4602.92396119445
4611.70293660638
4688.73663777880
4555.97754038598
4475.52716553629
4485.75183627401
4609.36710399509
4521.44455484381
4665.96510241713
4652.57246387184
4665.39181762453
4715.21618394503
4667.69140485416
4733.74341163291
4626.05106135824
4676.32608061636
4482.82834495738
4516.74483128124
4801.36031729703
4361.09460808783
4543.08080290241
4596.14222738170
4764.21847189834
4523.57092437245
4514.02532298012
4391.54605911252
4378.74797169738
4355.48751276166
4903.22940121666
4553.10319804180
4374.10443865714
4557.52010464126
4701.60828148370
4698.19214186002
4559.86846101269
4731.07252204458
4772.29913441271
4533.26851235760
4461.68251151042
4617.05006769145
4457.38112941134
4530.84483005853
4353.86361107207
4473.57021594632
4534.06322867312
4605.80078671506
4500.88223816011
4570.10348088844
4467.67428571108
4627.92614285071
4485.65618327140
4577.85533021357
4414.91553710070
4664.50040208614
4553.01131053551
4576.07369720163
4360.46907886922
4607.46123902785
4342.32365592516
4528.46202109996
4617.82667492602
4694.69675007494
4720.69647711992
4297.29110369993
4390.80377493507
4544.83151594808
4439.29327470199
4285.60003127431
4487.62488130257
4601.79556968778
4296.49034383505
4420.09671206665
4603.54201022186
4472.69439931566
4501.20919324498
4250.24396941448
4554.83752028750
4432.43129855515
4237.44545480064
4267.73467084930
4628.03333942438
4124.97022821620
4159.14729980899
4147.06782218961
4509.60262473598
4367.75145690021
4194.96658390569
4482.43881989647
4213.36104856743
4198.02305840195
4273.62532235216
4187.33483018648
4157.03479982300
4278.68928970868
4399.07113006166
4598.57846260423
4264.37846750720
4370.65442324545
4579.21820113070
4293.98228967359
4580.54193332075
4221.23504860978
4626.17434400808
4197.99886618693
4488.54310745241
4306.09746029824
4155.80784215311
4316.66772875846
4187.13572804980
4538.43248446455
4162.31288186529
4300.99300879769
4327.34888011798
4040.76890488415
4206.83817426813
4278.89080286003
4458.35812140135
4403.05757589079
4497.19953217330
4209.55113713314
4452.31899407660
4256.11694762359
4277.08661568149
4407.10166356152
4016.80701573709
4286.75045673590
4259.51380539059
4372.48944401326
4299.14251584710
4412.68882344607
4377.39428833984
4434.90975345777
4107.64247984765
4406.90349117743
4367.92496763088
4078.90222217073
4220.69240357035
4196.12450537832
4134.35985370960
4285.13024985184
4189.88304410852
4184.02624972246
4368.51491634628
4302.19577588190
4337.29359638522
4273.96726649715
4248.95367768178
4413.59438356617
4377.46026632007
4359.98802542165
4666.44299224847
4286.78867545165
4136.40547302138
4198.49081892366
4398.16538869195
4403.25867408351
4210.89345335026
4276.75863557386
4178.96698880923
4415.64598694007
4390.06573110396
4179.41348436278
4320.42822049066
4482.10858601098
4274.25038576139
4490.74855698766
4218.95849294572
4264.70547612799
4456.77753292276
4105.18614240636
4424.52809712444
4211.72914398733
4221.53866975135
4236.10479697706
4247.37452162891
4248.59605321920
4367.46045688842
4336.21382786415
4370.17946719795
4422.22511513124
4363.39388112850
4336.90064530876
4098.49939248331
4186.72853463578
4314.93948735306
4303.22454772690
4340.69380138524
4132.34047646720
3943.35174376620
4145.57457343639
4043.49899220509
4270.17275173757
4322.50127555392
4119.73196546374
4277.57801271929
4171.48968275489
4320.44101980801
4288.94492049282
4432.35593061190
4302.49098118683
4330.38991605149
4218.44672321445
4131.18611013761
4319.91310123479
4366.54377257811
4301.27818763630
4279.55972549810
4471.02760492704
4109.20419256479
4247.44819471529
4391.58412447487
4232.65639357550
4022.97531798209
4360.99326163772
4501.47131123608
4348.45235676628
4331.55907118127
4157.74241037765
4285.37078030043
4175.98708912244
4162.62148405925
4274.83914778437
4159.43713957267
4147.59560835695
4182.60486046765
4358.91090732763
4024.18479960529
4265.75755849036
4299.71086840628
4152.57840658567
4209.50978683210
4284.63969425974
4107.15069709119
4130.46697072606
4145.49749133728
4441.79470260943
4242.42407055819
4259.71923431695
4198.65926325843
4463.00264377823
4190.49147471029
4317.67303233230
4318.12480984611
4304.99543777493
4293.46871395430
4358.39344248507
4158.67077580021
4263.63544204273
4442.96922157301
4160.14468858703
4325.07386733706
4103.52626276606
3950.94809008345
4281.11703231551
4312.40292318647
4236.81486300558
4320.15528942757
4281.72168502649
4505.06385101462
4095.16683399965
4297.24229748913
4266.89494698915
4183.69154957182
4349.90008312601
4170.07152341397
3990.58645319884
4116.82353385562
4148.56381274982
4385.98655838294
4055.34431703022
3903.57755910900
4074.28520766757
4070.54444565768
4428.77160351688
4258.00751943809
4228.14483822621
3954.60976950606
4324.72595733882
4390.23165764778
4272.72442567580
4203.51456340369
4582.18166074659
4257.44565764049
4638.44108681701
4373.20908037669
4507.81999815352
4422.56182946491
4474.72197212259
4527.87330198410
4166.06175048020
4347.31067755907
4549.28099186440
4382.28633229627
4251.64904142019
4343.53544779737
4212.48742604027
4149.22003978250
4455.31770534899
4220.14706221401
4700.92928248968
4595.27422883876
4169.39166570859
4250.29066372189
4210.07583118727
4167.78515010050
4549.93451384297
4221.23544579006
4455.59297729550
4281.95987604542
4364.31307355230
4387.36269062412
4258.93523188649
4316.12573466098
4331.77246493338
4169.40760848949
4222.08833205052
4212.61586203513
4205.44784128734
4146.08578939784
4395.76252579968
4202.99769382800
3928.79173148168
4020.43021812471
4218.55598312380
4274.42939720954
4180.07316391330
4361.80641663156
4061.09180948598
4129.84629581691
4187.18031240306
4094.36941587344
4113.15116500939
4105.99320547612
4315.16407498341
4271.86307633679
4258.57203388885
4166.70899141955
4136.36534131546
4372.89044648128
4215.78725250881
4235.45522713178
4029.92272902776
4210.59566799266
4290.32272559555
4159.91870960076
4088.72257503173
3972.97998312492
4291.23680066906
3901.26132736520
4024.74987516309
4030.32286160405
4343.71396316306
4114.42104364951
4091.24127445721
4319.23171072675
4134.75055767903
4117.45255861020
4399.88513082821
4277.29748517479
3982.62394196577
4049.09198197952
4190.09732025089
3914.25437941228
4319.61582752781
4000.76871540602
4343.86647758787
4083.80006179686
3903.39578672213
4162.55667811977
4059.75050149091
4298.17276956351
4323.65449044039
3857.36107319946
4251.82438841796
4104.98570983346
4016.37036829756
4151.73786437949
4129.90506125696
4067.54301709929
4039.48812348584
3994.63748819490
3945.13465022353
4265.85931069459
4081.09736930839
4249.45323805497
4001.48582843413
4122.06083726518
4156.69837373428
4210.36261502644
4156.88634299749
3992.03354865242
4139.73471524637
4081.75832246164
4128.27890393003
4071.94153687854
4119.58907454248
4028.12190163190
4115.17762594099
4296.10460480004
4001.20113620998
4120.20004888566
4098.85809532275
4284.92693486395
4185.57760456640
4062.14340544642
4315.37152420786
4084.19654157349
4166.56268553795
4116.26491315501
4277.50606734851
4048.57233162453
4187.24988902155
4134.47516134015
4020.62044421409
4084.70734930787
4159.02520477942
4055.61359473917
4231.54681865025
3937.58731204104
3989.70568611960
4054.48554310281
4203.08948485425
4172.85118055664
4244.89780473811
4085.79141125663
4342.19854256750
3960.27627447789
4075.01983182338
4133.29086760160
4002.11094888330
4351.45759375125
4184.41561479901
4212.56553681847
3959.08608373072
4114.78684159508
4155.76051452830
4124.07528158290
4341.69287469613
4258.05679417183
4130.26888228646
4424.34253008535
3965.39028127086
4551.19425100304
4153.51439643142
4440.61059734511
4155.32173630689
4012.59100827046
4215.58671583118
4374.45569460037
3964.79652682919
4122.44118636369
4066.65755589879
4091.12143455033
4138.55601000913
3991.65604759596
4125.02174293564
4281.49967217395
4110.55289729032
4177.26051012334
4377.45867641041
3992.57364710570
4253.17468899868