实验环境：
VeiNum = 8
Q_ant =500
AntNum = 25
iter_max = 500

cus：
40	50
40	50
40	50
25	35
35	69
55	85
45	68
5	45
44	5
53	30
22	75
55	80
15	80
45	65
20	80
65	60
47	35
68	60
42	15
25	55
38	68
35	5
28	52
0	40
20	85
28	35
50	30
65	55
85	25
25	85
30	52
33	32
65	82

task：
2	4	1	0	1
4	3	2	1	0
3	5	3	0	1
5	2	4	3	0
3	6	3	0	1
6	2	4	5	0
3	7	3	0	1
7	2	4	7	0
3	8	3	0	1
8	2	4	9	0
2	9	1	0	1
9	3	2	11	0
3	10	3	0	1
10	2	4	13	0
2	11	1	0	1
11	3	2	15	0
2	12	1	0	1
12	3	2	17	0
3	13	3	0	1
13	2	4	19	0
3	14	3	0	1
14	2	4	21	0
3	15	3	0	1
15	2	4	23	0
2	16	1	0	1
16	3	2	25	0
3	17	3	0	1
17	2	4	27	0
3	18	3	0	1
18	2	4	29	0
3	19	3	0	1
19	2	4	31	0
2	20	1	0	1
20	3	2	33	0
3	21	3	0	1
21	2	4	35	0
3	22	3	0	1
22	2	4	37	0
3	23	3	0	1
23	2	4	39	0
2	24	1	0	1
24	3	2	41	0
2	25	1	0	1
25	3	2	43	0
3	26	3	0	1
26	2	4	45	0
3	27	3	0	1
27	2	4	47	0
2	28	1	0	1
28	3	2	49	0
3	29	3	0	1
29	2	4	51	0
3	30	3	0	1
30	2	4	53	0
3	31	3	0	1
31	2	4	55	0
3	32	3	0	1
32	2	4	57	0
2	33	1	0	1
33	3	2	59	0



抽取的客户节点编号为

Cus_select =

  1 至 25 列

    52    11   100     1    36    53    72    13    99    19    75    15    88    66    85    55    26     8    60    22    38    16    49    61    87

  26 至 30 列

    80    12    21    42    94

各任务对应的的客户节点编号为

Task_Cus =

  1 至 25 列

    52    11   100     1    36    53    72    13    99    19    75    15    88    66    85    55    26     8    60    22    38    16    49    61    87

  26 至 30 列

    80    12    21    42    94



Task_size: 60



Tasktime:
0
1.19699675255658
0.166666666666667
0.166666666666667
1.15783873427638
0.166666666666667
1.61863830489966
0.166666666666667
1.13370520897340
0.166666666666667
1.55055014314985
1.79610236647432
0.166666666666667
0.166666666666667
1.26300968876049
1.43681275670413
0.166666666666667
1.50519215822909
0.166666666666667
0.166666666666667
1.64294787615500
0.166666666666667
1.06195137418771
0.166666666666667
1.56805448553266
1.33981226755848
0.166666666666667
0.166666666666667
1.08049030059784
0.166666666666667
1.40997010403259
0.166666666666667
1.54309407381457
1.06195137418771
0.166666666666667
0.166666666666667
1.11943592357354
0.166666666666667
1.79858980893384
0.166666666666667
0.970804793181578
1.69744307307108
0.166666666666667
1.67444888520399
0.166666666666667
0.166666666666667
1.14690098447413
0.166666666666667
1.22568366104161
1.30404410586577
0.166666666666667
0.166666666666667
1.95362043429004
0.166666666666667
1.61863830489966
0.166666666666667
0.921617642346306
0.166666666666667
1.14949686456237
1.68186369187901
0.166666666666667





Linktime:
0	0	0.530330085889911	0.991172067609712	0.491172067609713	1.45197163823299	0.951971638232989	0.967038542306735	0.467038542306735	1.38388347648318	0.883883476483184	0	1.12943569980765	1.09634302209383	0.596343022093828	0	0.770146090037468	0	0.838525491562421	1.47628120948833	0.976281209488332	0.895284707521048	0.395284707521047	1.40138781886600	0.901387818865997	0	0.673145600891813	0.913823633931171	0.413823633931171	1.24330343736593	0.743303437365925	1.37642740714791	0.876427407147905	0	0.395284707521047	0.952769256906871	0.452769256906871	1.63192314226718	1.13192314226718	0.804138126514911	0.304138126514911	0	1.03077640640442	0	1.00778221853732	0.980234317807464	0.480234317807464	1.05901699437495	0.559016994374948	0	0.637377439199098	1.78695376762338	1.28695376762338	1.45197163823299	0.951971638232989	0.754950975679639	0.254950975679639	0.982830197895699	0.482830197895699	0	1.01519702521235
0.530330085889911	0.696996752556577	0	1.68816882016629	0.886002257333468	2.14896839078957	1.45773797371133	1.66403529486331	0.964689069078737	2.08088022903976	0.559016994374948	0.696996752556577	35.5105618091294	1.79333977465041	0.711073132666395	0.696996752556577	40.1123422402632	0.696996752556577	54.0832691319598	2.17327796204491	1.15244305716161	1.59228146007763	0.901387818865997	2.09838457142258	1.13192314226718	0.696996752556577	47.1699056602830	1.61082038648775	0.550000000000000	1.94030018992250	1.24348301154459	2.07342415970448	0.656220237420334	0.696996752556577	20	1.64976600946345	0.886707392548410	2.32891989482375	0.790569415042095	1.50113487907149	0.431566912540802	0.696996752556577	25.4950975679639	0.696996752556577	50.2493781056045	1.67723107036404	0.0750000000000000	1.75601374693153	0.637377439199098	0.696996752556577	44.7213595499958	2.48395052017995	1.52069063257456	2.14896839078957	1.25000000000000	1.45194772823622	0.443001128666734	1.67982695045228	0.213600093632938	0.696996752556577	61.7170964968379
1.03033008588991	1.03033008588991	1.72732683844649	0.886002257333468	1.68816882016629	1.45773797371133	2.14896839078957	0.964689069078737	1.66403529486331	0.559016994374948	2.08088022903976	1.03033008588991	2.32643245236423	0.711073132666395	1.79333977465041	1.03033008588991	1.96714284259405	1.03033008588991	2.03552224411900	1.15244305716161	2.17327796204491	0.901387818865997	1.59228146007763	1.13192314226718	2.09838457142258	1.03033008588991	1.87014235344839	0.550000000000000	1.61082038648775	1.24348301154459	1.94030018992250	0.656220237420334	2.07342415970448	1.03033008588991	1.59228146007763	0.886707392548410	1.64976600946345	0.790569415042095	2.32891989482375	0.431566912540802	1.50113487907149	1.03033008588991	2.22777315896099	1.03033008588991	2.20477897109390	0.0750000000000000	1.67723107036404	0.637377439199098	1.75601374693153	1.03033008588991	1.83437419175568	1.52069063257456	2.48395052017995	1.25000000000000	2.14896839078957	0.443001128666734	1.45194772823622	0.213600093632938	1.67982695045228	1.03033008588991	2.21219377776893
0.491172067609713	0.657838734276379	0.886002257333468	1.64901080188609	0	2.10981037250937	0.640312423743285	1.62487727658311	0.251246890528022	2.04172221075956	0.960468635614927	0.657838734276379	1.61574286320565	1.75418175637021	1.07383657974573	0.657838734276379	0.357945526581909	0.657838734276379	0.570635610525666	2.13411994376471	0.570635610525666	1.55312344179743	0.269258240356725	2.05922655314238	0.465026880943457	0.657838734276379	0.783022988168291	1.57166236820755	0.901387818865997	1.90114217164230	0.855131568824354	2.03426614142428	1.36129533900620	0.657838734276379	0.430116263352131	1.61060799118325	0.0790569415042095	2.28976187654356	1.60000000000000	1.46197686079129	0.459619407771256	0.657838734276379	1.13633181773635	0.657838734276379	0.548292804986533	1.63807305208384	0.867827747885489	1.71685572865133	1.04462912078881	0.657838734276379	0.827647267862342	2.44479250189975	1.66508258053467	2.10981037250937	0.471699056602830	1.41278970995602	0.443001128666734	1.64066893217208	0.926350365682445	0.657838734276379	0.817389136213591
0	0	0.696996752556577	0.991172067609712	0.657838734276379	1.45197163823299	1.11863830489966	0.967038542306735	0.633705208973402	1.38388347648318	1.05055014314985	0	1.29610236647432	1.09634302209383	0.763009688760495	0	0.936812756704135	0	1.00519215822909	1.47628120948833	1.14294787615500	0.895284707521048	0.561951374187714	1.40138781886600	1.06805448553266	0	0.839812267558480	0.913823633931171	0.580490300597838	1.24330343736593	0.909970104032592	1.37642740714791	1.04309407381457	0	0.561951374187714	0.952769256906871	0.619435923573538	1.63192314226718	1.29858980893384	0.804138126514911	0.470804793181578	0	1.19744307307108	0	1.17444888520399	0.980234317807464	0.646900984474130	1.05901699437495	0.725683661041614	0	0.804044105865765	1.78695376762338	1.45362043429004	1.45197163823299	1.11863830489966	0.754950975679639	0.421617642346306	0.982830197895699	0.649496864562366	0	1.18186369187901
0.951971638232989	1.11863830489966	1.45773797371133	2.10981037250937	0.640312423743285	2.57060994313264	0	2.08567684720639	0.493077073082901	2.50252178138284	1.60078105935821	1.11863830489966	2.01881772332224	2.21498132699348	1.37590879058170	1.11863830489966	0.862046982478333	1.11863830489966	0.125000000000000	2.59491951438799	1.00778221853732	2.01392301242070	0.559016994374948	2.52002612376565	0.883883476483184	1.11863830489966	0.673145600891813	2.03246193883083	1.26589889011722	2.36194174226558	0.704450140180269	2.49506571204756	1.77992275113276	1.11863830489966	1.06066017177982	2.07140756180653	0.601040764008565	2.75056144716683	2.06155281280883	1.92277643141457	1.06595028026639	1.11863830489966	1.77658380044399	1.11863830489966	0.875000000000000	2.09887262270712	1.42060726451754	2.17765529927460	1.38067012714841	1.11863830489966	0.790569415042095	2.90559207252303	1.67705098312484	2.57060994313264	0.750000000000000	1.87358928057929	1.03501207722422	2.10146850279535	1.43461667354036	1.11863830489966	0.261007662722764
0	0	0.696996752556577	0.991172067609712	0.657838734276379	1.45197163823299	1.11863830489966	0.967038542306735	0.633705208973402	1.38388347648318	1.05055014314985	0	1.29610236647432	1.09634302209383	0.763009688760495	0	0.936812756704135	0	1.00519215822909	1.47628120948833	1.14294787615500	0.895284707521048	0.561951374187714	1.40138781886600	1.06805448553266	0	0.839812267558480	0.913823633931171	0.580490300597838	1.24330343736593	0.909970104032592	1.37642740714791	1.04309407381457	0	0.561951374187714	0.952769256906871	0.619435923573538	1.63192314226718	1.29858980893384	0.804138126514911	0.470804793181578	0	1.19744307307108	0	1.17444888520399	0.980234317807464	0.646900984474130	1.05901699437495	0.725683661041614	0	0.804044105865765	1.78695376762338	1.45362043429004	1.45197163823299	1.11863830489966	0.754950975679639	0.421617642346306	0.982830197895699	0.649496864562366	0	1.18186369187901
0.467038542306735	0.633705208973402	0.964689069078737	1.62487727658311	0.251246890528022	2.08567684720639	0.493077073082901	1.60074375128014	0	2.01758868545659	1.15352719950593	0.633705208973402	1.57519840020234	1.73004823106723	0.970824391947380	0.633705208973402	0.601040764008565	0.633705208973402	0.390512483795333	2.10998641846173	0.807774721070176	1.52898991649445	0.0750000000000000	2.03509302783940	0.693271231193102	0.633705208973402	0.538516480713450	1.54752884290457	0.826513762740827	1.87700864633933	0.608789783094296	2.01013261612131	1.32712094399870	0.633705208973402	0.596343022093828	1.58647446588027	0.175000000000000	2.26562835124058	1.59471784338171	1.43784333548831	0.583630876496438	0.633705208973402	1.32500000000000	0.633705208973402	0.755810822891549	1.61393952678087	0.928035559663529	1.69272220334835	0.958188394836840	0.633705208973402	0.596343022093828	2.42065897659678	1.46820468600260	2.08567684720639	0.656220237420334	1.38865618465304	0.548292804986533	1.61653540686910	0.948683298050514	0.633705208973402	0.610327780786685
0	0	0.696996752556577	0.991172067609712	0.657838734276379	1.45197163823299	1.11863830489966	0.967038542306735	0.633705208973402	1.38388347648318	1.05055014314985	0	1.29610236647432	1.09634302209383	0.763009688760495	0	0.936812756704135	0	1.00519215822909	1.47628120948833	1.14294787615500	0.895284707521048	0.561951374187714	1.40138781886600	1.06805448553266	0	0.839812267558480	0.913823633931171	0.580490300597838	1.24330343736593	0.909970104032592	1.37642740714791	1.04309407381457	0	0.561951374187714	0.952769256906871	0.619435923573538	1.63192314226718	1.29858980893384	0.804138126514911	0.470804793181578	0	1.19744307307108	0	1.17444888520399	0.980234317807464	0.646900984474130	1.05901699437495	0.725683661041614	0	0.804044105865765	1.78695376762338	1.45362043429004	1.45197163823299	1.11863830489966	0.754950975679639	0.421617642346306	0.982830197895699	0.649496864562366	0	1.18186369187901
0.883883476483184	1.05055014314985	0.559016994374948	2.04172221075956	0.960468635614927	2.50252178138284	1.60078105935821	2.01758868545659	1.15352719950593	2.43443361963304	0	1.05055014314985	1.39664777234634	2.14689316524368	1.25722909606802	1.05055014314985	0.862046982478333	1.05055014314985	1.52581945196671	2.52683135263818	0.910013736160065	1.94583485067090	1.11803398874990	2.45193796201585	0.951971638232989	1.05055014314985	1.54616460960662	1.96437377708102	1.07935165724615	2.29385358051578	1.61902748586922	2.42697755029776	1.19085053638146	1.05055014314985	0.559016994374948	2.00331940005672	1.00560926805594	2.68247328541703	1.25000000000000	1.85468826966476	0.601040764008565	1.05055014314985	0.176776695296637	1.05055014314985	1.06800046816469	2.03078446095731	0.626996810199223	2.10956713752480	1.18585412256314	1.05055014314985	1.52069063257456	2.83750391077323	2.06155281280883	2.50252178138284	1.11803398874990	1.80550111882949	0.649037749287359	2.03338034104555	0.771767452021657	1.05055014314985	1.76227835485771
0	0	0.696996752556577	0.991172067609712	0.657838734276379	1.45197163823299	1.11863830489966	0.967038542306735	0.633705208973402	1.38388347648318	1.05055014314985	0	1.29610236647432	1.09634302209383	0.763009688760495	0	0.936812756704135	0	1.00519215822909	1.47628120948833	1.14294787615500	0.895284707521048	0.561951374187714	1.40138781886600	1.06805448553266	0	0.839812267558480	0.913823633931171	0.580490300597838	1.24330343736593	0.909970104032592	1.37642740714791	1.04309407381457	0	0.561951374187714	0.952769256906871	0.619435923573538	1.63192314226718	1.29858980893384	0.804138126514911	0.470804793181578	0	1.19744307307108	0	1.17444888520399	0.980234317807464	0.646900984474130	1.05901699437495	0.725683661041614	0	0.804044105865765	1.78695376762338	1.45362043429004	1.45197163823299	1.11863830489966	0.754950975679639	0.421617642346306	0.982830197895699	0.649496864562366	0	1.18186369187901
1.12943569980765	1.29610236647432	35.5105618091294	2.28727443408403	1.61574286320565	2.74807400470731	2.01881772332224	2.26314090878105	1.57519840020234	2.67998584295750	1.39664777234634	1.29610236647432	0	2.39244538856815	0.664266512779321	1.29610236647432	73.3757453113766	1.29610236647432	75.8023746329889	2.77238357596265	2.01028604929746	2.19138707399537	1.50020831886775	2.69749018534032	1.96866071226100	1.29610236647432	58.8727441181401	2.20992600040549	0.753740671584067	2.53940580384024	1.50020831886775	2.67252977362222	0.254950975679639	1.29610236647432	53.4883164812653	2.24887162338119	1.58212673322967	2.92802550874150	0.225000000000000	2.10024049298923	1.24121915873064	1.29610236647432	56.2227711874824	1.29610236647432	83.5224520712844	2.27633668428178	0.850000000000000	2.35511936084927	0.642748006609122	1.29610236647432	54.2309874518250	3.08305613409769	1.14044947279570	2.74807400470731	2.05563250606717	2.05105334215396	1.22601998352392	2.27893256437002	0.728868986855663	1.29610236647432	79.8122797569397
1.62943569980765	1.62943569980765	2.32643245236423	1.61574286320565	2.28727443408403	2.01881772332224	2.74807400470731	1.57519840020234	2.26314090878105	1.39664777234634	2.67998584295750	1.62943569980765	2.92553806628197	0.664266512779321	2.39244538856815	1.62943569980765	2.56624845651179	1.62943569980765	2.63462785803674	2.01028604929746	2.77238357596265	1.50020831886775	2.19138707399537	1.96866071226100	2.69749018534032	1.62943569980765	2.46924796736613	0.753740671584067	2.20992600040549	1.50020831886775	2.53940580384024	0.254950975679639	2.67252977362222	1.62943569980765	2.19138707399537	1.58212673322967	2.24887162338119	0.225000000000000	2.92802550874150	1.24121915873064	2.10024049298923	1.62943569980765	2.82687877287873	1.62943569980765	2.80388458501164	0.850000000000000	2.27633668428178	0.642748006609122	2.35511936084927	1.62943569980765	2.43347980567342	1.14044947279570	3.08305613409769	2.05563250606717	2.74807400470731	1.22601998352392	2.05105334215396	0.728868986855663	2.27893256437002	1.62943569980765	2.81129939168667
0.596343022093828	0.763009688760495	0.711073132666395	1.75418175637021	1.07383657974573	2.21498132699348	1.37590879058170	1.73004823106723	0.970824391947380	2.14689316524368	1.25722909606802	0.763009688760495	0.664266512779321	1.85935271085432	0	0.763009688760495	1.36610760923143	0.763009688760495	1.25099960031968	2.23929089824883	1.57003184681076	1.65829439628154	0.897566153550812	2.16439750762649	1.49770658007502	0.763009688760495	0.807774721070176	1.67683332269167	0.195256241897666	2.00631312612642	0.838525491562421	2.13943709590840	0.465026880943457	0.763009688760495	0.938416218956173	1.71577894566737	1.02133491079077	2.39493283102767	0.770146090037468	1.56714781527541	0.832541290267336	0.763009688760495	1.34837865601618	0.763009688760495	1.60351177108246	1.74324400656796	0.637377439199098	1.82202668313544	0.0750000000000000	0.763009688760495	0.693271231193102	2.54996345638387	0.809706737035082	2.21498132699348	1.54292741242095	1.51796066444013	0.795691523141977	1.74583988665619	0.502493781056045	0.763009688760495	1.33416640641263
0	0	0.696996752556577	0.991172067609712	0.657838734276379	1.45197163823299	1.11863830489966	0.967038542306735	0.633705208973402	1.38388347648318	1.05055014314985	0	1.29610236647432	1.09634302209383	0.763009688760495	0	0.936812756704135	0	1.00519215822909	1.47628120948833	1.14294787615500	0.895284707521048	0.561951374187714	1.40138781886600	1.06805448553266	0	0.839812267558480	0.913823633931171	0.580490300597838	1.24330343736593	0.909970104032592	1.37642740714791	1.04309407381457	0	0.561951374187714	0.952769256906871	0.619435923573538	1.63192314226718	1.29858980893384	0.804138126514911	0.470804793181578	0	1.19744307307108	0	1.17444888520399	0.980234317807464	0.646900984474130	1.05901699437495	0.725683661041614	0	0.804044105865765	1.78695376762338	1.45362043429004	1.45197163823299	1.11863830489966	0.754950975679639	0.421617642346306	0.982830197895699	0.649496864562366	0	1.18186369187901
0.770146090037468	0.936812756704135	40.1123422402632	1.92798482431385	0.357945526581909	2.38878439493712	0.862046982478333	1.90385129901087	0.601040764008565	2.32069623318732	0.862046982478333	0.936812756704135	73.3757453113766	2.03315577879796	1.36610760923143	0.936812756704135	0	0.936812756704135	33.3766385365573	2.41309396619247	0.215058131676066	1.83209746422518	0.626996810199223	2.33820057557013	0.134629120178363	0.936812756704135	45.5411901469428	1.85063639063531	1.17924764150708	2.18011619407006	1.20959704034029	2.31324016385204	1.58113883008419	0.936812756704135	20.2237484161567	1.88958201361101	0.436606229914325	2.56873589897131	1.77992275113276	1.74095088321905	0.594243216200236	0.936812756704135	41.3400532171888	0.936812756704135	10.1980390271856	1.91704707451160	1.01118742080783	1.99582975107908	1.32500000000000	0.936812756704135	47.4236228055175	2.72376652432751	2.01075234675979	2.38878439493712	0.261007662722764	1.69176373238377	0.608789783094296	1.91964295459983	1.10961705105861	0.936812756704135	43.5660418215839
1.27014609003747	1.27014609003747	1.96714284259405	0.357945526581909	1.92798482431385	0.862046982478333	2.38878439493712	0.601040764008565	1.90385129901087	0.862046982478333	2.32069623318732	1.27014609003747	2.56624845651179	1.36610760923143	2.03315577879796	1.27014609003747	2.20695884674160	1.27014609003747	2.27533824826656	0.215058131676066	2.41309396619247	0.626996810199223	1.83209746422518	0.134629120178363	2.33820057557013	1.27014609003747	2.10995835759595	1.17924764150708	1.85063639063531	1.20959704034029	2.18011619407006	1.58113883008419	2.31324016385204	1.27014609003747	1.83209746422518	0.436606229914325	1.88958201361101	1.77992275113276	2.56873589897131	0.594243216200236	1.74095088321905	1.27014609003747	2.46758916310855	1.27014609003747	2.44459497524145	1.01118742080783	1.91704707451160	1.32500000000000	1.99582975107908	1.27014609003747	2.07419019590323	2.01075234675979	2.72376652432751	0.261007662722764	2.38878439493712	0.608789783094296	1.69176373238377	1.10961705105861	1.91964295459983	1.27014609003747	2.45200978191648
0.838525491562421	1.00519215822909	54.0832691319598	1.99636422583880	0.570635610525666	2.45716379646208	0.125000000000000	1.97223070053582	0.390512483795333	2.38907563471227	1.52581945196671	1.00519215822909	75.8023746329889	2.10153518032292	1.25099960031968	1.00519215822909	33.3766385365573	1.00519215822909	0	2.48147336771742	1	1.90047686575014	0.450693909432999	2.40657997709509	0.875000000000000	1.00519215822909	22.3606797749979	1.91901579216026	1.14263948820264	2.24849559559501	0.596343022093828	2.38161956537699	1.65718134191766	1.00519215822909	39.0512483795333	1.95796141513596	0.520216301167120	2.63711530049627	1.94052183703250	1.80933028474400	0.972432516938836	1.00519215822909	68.0073525436772	1.00519215822909	35.3553390593274	1.98542647603655	1.31196417634019	2.06420915260404	1.25623445264011	1.00519215822909	26.9258240356725	2.79214592585246	1.56624551076771	2.45716379646208	0.760345316287278	1.76014313390873	0.938416218956173	1.98802235612479	1.32003787824441	1.00519215822909	10.1980390271856
1.33852549156242	1.33852549156242	2.03552224411900	0.570635610525666	1.99636422583880	0.125000000000000	2.45716379646208	0.390512483795333	1.97223070053582	1.52581945196671	2.38907563471227	1.33852549156242	2.63462785803674	1.25099960031968	2.10153518032292	1.33852549156242	2.27533824826656	1.33852549156242	2.34371764979151	1	2.48147336771742	0.450693909432999	1.90047686575014	0.875000000000000	2.40657997709509	1.33852549156242	2.17833775912090	1.14263948820264	1.91901579216026	0.596343022093828	2.24849559559501	1.65718134191766	2.38161956537699	1.33852549156242	1.90047686575014	0.520216301167120	1.95796141513596	1.94052183703250	2.63711530049627	0.972432516938836	1.80933028474400	1.33852549156242	2.53596856463350	1.33852549156242	2.51297437676641	1.31196417634019	1.98542647603655	1.25623445264011	2.06420915260404	1.33852549156242	2.14256959742819	1.56624551076771	2.79214592585246	0.760345316287278	2.45716379646208	0.938416218956173	1.76014313390873	1.32003787824441	1.98802235612479	1.33852549156242	2.52038918344144
0.976281209488332	1.14294787615500	1.15244305716161	2.13411994376471	0.570635610525666	2.59491951438799	1.00778221853732	2.10998641846173	0.807774721070176	2.52683135263818	0.910013736160065	1.14294787615500	2.01028604929746	2.23929089824883	1.57003184681076	1.14294787615500	0.215058131676066	1.14294787615500	1	2.61922908564333	0	2.03823258367605	0.838525491562421	2.54433569502100	0.125000000000000	1.14294787615500	1.34629120178363	2.05677151008617	1.38044376922785	2.38625131352092	1.41620090382685	2.51937528330290	1.75961643547678	1.14294787615500	0.673145600891813	2.09571713306187	0.648556088553642	2.77487101842218	1.94052183703250	1.94708600266991	0.771767452021657	1.14294787615500	1.06800046816469	1.14294787615500	0.176776695296637	2.12318219396246	1.17100384286304	2.20196487052995	1.52581945196671	1.14294787615500	1.39754248593737	2.92990164377837	2.22556172684561	2.59491951438799	0.279508497187474	1.89789885183464	0.794119008713430	2.12577807405070	1.28160056179763	1.14294787615500	1.25099960031968
0	0	0.696996752556577	0.991172067609712	0.657838734276379	1.45197163823299	1.11863830489966	0.967038542306735	0.633705208973402	1.38388347648318	1.05055014314985	0	1.29610236647432	1.09634302209383	0.763009688760495	0	0.936812756704135	0	1.00519215822909	1.47628120948833	1.14294787615500	0.895284707521048	0.561951374187714	1.40138781886600	1.06805448553266	0	0.839812267558480	0.913823633931171	0.580490300597838	1.24330343736593	0.909970104032592	1.37642740714791	1.04309407381457	0	0.561951374187714	0.952769256906871	0.619435923573538	1.63192314226718	1.29858980893384	0.804138126514911	0.470804793181578	0	1.19744307307108	0	1.17444888520399	0.980234317807464	0.646900984474130	1.05901699437495	0.725683661041614	0	0.804044105865765	1.78695376762338	1.45362043429004	1.45197163823299	1.11863830489966	0.754950975679639	0.421617642346306	0.982830197895699	0.649496864562366	0	1.18186369187901
0.395284707521047	0.561951374187714	0.901387818865997	1.55312344179743	0.269258240356725	2.01392301242070	0.559016994374948	1.52898991649445	0.0750000000000000	1.94583485067090	1.11803398874990	0.561951374187714	1.50020831886775	1.65829439628154	0.897566153550812	0.561951374187714	0.626996810199223	0.561951374187714	0.450693909432999	2.03823258367605	0.838525491562421	1.45723608170876	0	1.96333919305371	0.728868986855663	0.561951374187714	0.515388203202208	1.47577500811889	0.751664818918645	1.80525481155364	0.588430114796991	1.93837878133562	1.25224797863682	0.561951374187714	0.559016994374948	1.51472063109459	0.190394327646598	2.19387451645489	1.52069063257456	1.36608950070263	0.535023363975817	0.561951374187714	1.28695376762338	0.561951374187714	0.800390529679106	1.54218569199518	0.862046982478333	1.62096836856266	0.883883476483184	0.561951374187714	0.559016994374948	2.34890514181109	1.41421356237310	2.01392301242070	0.707106781186548	1.31690234986735	0.496235831031980	1.54478157208341	0.877852493303972	0.561951374187714	0.656220237420334
0	0	0.696996752556577	0.991172067609712	0.657838734276379	1.45197163823299	1.11863830489966	0.967038542306735	0.633705208973402	1.38388347648318	1.05055014314985	0	1.29610236647432	1.09634302209383	0.763009688760495	0	0.936812756704135	0	1.00519215822909	1.47628120948833	1.14294787615500	0.895284707521048	0.561951374187714	1.40138781886600	1.06805448553266	0	0.839812267558480	0.913823633931171	0.580490300597838	1.24330343736593	0.909970104032592	1.37642740714791	1.04309407381457	0	0.561951374187714	0.952769256906871	0.619435923573538	1.63192314226718	1.29858980893384	0.804138126514911	0.470804793181578	0	1.19744307307108	0	1.17444888520399	0.980234317807464	0.646900984474130	1.05901699437495	0.725683661041614	0	0.804044105865765	1.78695376762338	1.45362043429004	1.45197163823299	1.11863830489966	0.754950975679639	0.421617642346306	0.982830197895699	0.649496864562366	0	1.18186369187901
0.901387818865997	1.06805448553266	1.13192314226718	2.05922655314238	0.465026880943457	2.52002612376565	0.883883476483184	2.03509302783940	0.693271231193102	2.45193796201585	0.951971638232989	1.06805448553266	1.96866071226100	2.16439750762649	1.49770658007502	1.06805448553266	0.134629120178363	1.06805448553266	0.875000000000000	2.54433569502100	0.125000000000000	1.96333919305371	0.728868986855663	2.46944230439866	0	1.06805448553266	1.23110722522451	1.98187811946384	1.31196417634019	2.31135792289859	1.30000000000000	2.44448189268057	1.71555384642978	1.06805448553266	0.637377439199098	2.02082374243953	0.540832691319598	2.69997762779984	1.91213231759729	1.87219261204758	0.728010988928052	1.06805448553266	1.11803398874990	1.06805448553266	0.125000000000000	2.04828880334013	1.14263948820264	2.12707147990761	1.45773797371133	1.06805448553266	1.28695376762338	2.85500825315604	2.12867329574080	2.52002612376565	0.176776695296637	1.82300546121230	0.743303437365925	2.05088468342836	1.24323167591564	1.06805448553266	1.12611056295552
0	0	0.696996752556577	0.991172067609712	0.657838734276379	1.45197163823299	1.11863830489966	0.967038542306735	0.633705208973402	1.38388347648318	1.05055014314985	0	1.29610236647432	1.09634302209383	0.763009688760495	0	0.936812756704135	0	1.00519215822909	1.47628120948833	1.14294787615500	0.895284707521048	0.561951374187714	1.40138781886600	1.06805448553266	0	0.839812267558480	0.913823633931171	0.580490300597838	1.24330343736593	0.909970104032592	1.37642740714791	1.04309407381457	0	0.561951374187714	0.952769256906871	0.619435923573538	1.63192314226718	1.29858980893384	0.804138126514911	0.470804793181578	0	1.19744307307108	0	1.17444888520399	0.980234317807464	0.646900984474130	1.05901699437495	0.725683661041614	0	0.804044105865765	1.78695376762338	1.45362043429004	1.45197163823299	1.11863830489966	0.754950975679639	0.421617642346306	0.982830197895699	0.649496864562366	0	1.18186369187901
0.673145600891813	0.839812267558480	47.1699056602830	1.83098433516819	0.783022988168291	2.29178390579147	0.673145600891813	1.80685080986521	0.538516480713450	2.22369574404166	1.54616460960662	0.839812267558480	58.8727441181401	1.93615528965231	0.807774721070176	0.839812267558480	45.5411901469428	0.839812267558480	22.3606797749979	2.31609347704681	1.34629120178363	1.73509697507953	0.515388203202208	2.24120008642448	1.23110722522451	0.839812267558480	0	1.75363590148965	0.770146090037468	2.08311570492441	0.0750000000000000	2.21623967470639	1.26342787684933	0.839812267558480	40.3112887414927	1.79258152446535	0.704006392016436	2.47173540982566	1.56624551076771	1.64395039407339	0.946374661537385	0.839812267558480	68.0073525436772	0.839812267558480	51.4781507049350	1.82004658536594	1.11635567808831	1.89882926193343	0.838525491562421	0.839812267558480	5	2.62676603518185	1.00778221853732	2.29178390579147	1.17924764150708	1.59476324323812	0.897566153550812	1.82264246545418	1.06301458127347	0.839812267558480	22
1.17314560089181	1.17314560089181	1.87014235344839	0.783022988168291	1.83098433516819	0.673145600891813	2.29178390579147	0.538516480713450	1.80685080986522	1.54616460960662	2.22369574404166	1.17314560089181	2.46924796736613	0.807774721070176	1.93615528965231	1.17314560089181	2.10995835759595	1.17314560089181	2.17833775912090	1.34629120178363	2.31609347704681	0.515388203202208	1.73509697507953	1.23110722522451	2.24120008642448	1.17314560089181	2.01295786845029	0.770146090037468	1.75363590148965	0.0750000000000000	2.08311570492441	1.26342787684933	2.21623967470639	1.17314560089181	1.73509697507953	0.704006392016436	1.79258152446535	1.56624551076771	2.47173540982566	0.946374661537385	1.64395039407339	1.17314560089181	2.37058867396290	1.17314560089181	2.34759448609580	1.11635567808831	1.82004658536594	0.838525491562421	1.89882926193343	1.17314560089181	1.97718970675758	1.00778221853732	2.62676603518185	1.17924764150708	2.29178390579147	0.897566153550812	1.59476324323812	1.06301458127347	1.82264246545418	1.17314560089181	2.35500929277083
0.413823633931171	0.580490300597838	0.550000000000000	1.57166236820755	0.901387818865997	2.03246193883083	1.26589889011722	1.54752884290457	0.826513762740827	1.96437377708102	1.07935165724615	0.580490300597838	0.753740671584067	1.67683332269167	0.195256241897666	0.580490300597838	1.17924764150708	0.580490300597838	1.14263948820264	2.05677151008617	1.38044376922785	1.47577500811889	0.751664818918645	1.98187811946384	1.31196417634019	0.580490300597838	0.770146090037468	1.49431393452901	0	1.82379373796376	0.816241385865726	1.95691770774574	0.515388203202208	0.580490300597838	0.743303437365925	1.53325955750471	0.855131568824354	2.21241344286502	0.807774721070176	1.38462842711275	0.637377439199098	0.580490300597838	1.18163022980965	0.580490300597838	1.42060726451754	1.56072461840530	0.475000000000000	1.63950729497279	0.145773797371133	0.580490300597838	0.672681202353686	2.36744406822121	0.982344135219425	2.03246193883083	1.36565002837477	1.33544127627748	0.601040764008565	1.56332049849354	0.357945526581909	0.580490300597838	1.25822295321616
0	0	0.696996752556577	0.991172067609712	0.657838734276379	1.45197163823299	1.11863830489966	0.967038542306735	0.633705208973402	1.38388347648318	1.05055014314985	0	1.29610236647432	1.09634302209383	0.763009688760495	0	0.936812756704135	0	1.00519215822909	1.47628120948833	1.14294787615500	0.895284707521048	0.561951374187714	1.40138781886600	1.06805448553266	0	0.839812267558480	0.913823633931171	0.580490300597838	1.24330343736593	0.909970104032592	1.37642740714791	1.04309407381457	0	0.561951374187714	0.952769256906871	0.619435923573538	1.63192314226718	1.29858980893384	0.804138126514911	0.470804793181578	0	1.19744307307108	0	1.17444888520399	0.980234317807464	0.646900984474130	1.05901699437495	0.725683661041614	0	0.804044105865765	1.78695376762338	1.45362043429004	1.45197163823299	1.11863830489966	0.754950975679639	0.421617642346306	0.982830197895699	0.649496864562366	0	1.18186369187901
0.743303437365925	0.909970104032592	1.24348301154459	1.90114217164230	0.855131568824354	2.36194174226558	0.704450140180269	1.87700864633933	0.608789783094296	2.29385358051578	1.61902748586922	0.909970104032592	1.50020831886775	2.00631312612642	0.838525491562421	0.909970104032592	1.20959704034029	0.909970104032592	0.596343022093828	2.38625131352092	1.41620090382685	1.80525481155364	0.588430114796991	2.31135792289859	1.30000000000000	0.909970104032592	0.0750000000000000	1.82379373796376	0.816241385865726	2.15327354139852	0	2.28639751118050	1.29927864601863	0.909970104032592	1.08224304109567	1.86273936093946	0.776208734813001	2.54189324629977	1.60351177108246	1.71410823054750	1.01980390271856	0.909970104032592	1.77200451466694	0.909970104032592	1.35300591277348	1.89020442184006	1.17924764150708	1.96898709840754	0.874642784226795	0.909970104032592	0.145773797371133	2.69692387165597	0.972753822917186	2.36194174226558	1.24348301154459	1.66492107971223	0.970824391947380	1.89280030192829	1.12054674155075	0.909970104032592	0.555090082779363
0	0	0.696996752556577	0.991172067609712	0.657838734276379	1.45197163823299	1.11863830489966	0.967038542306735	0.633705208973402	1.38388347648318	1.05055014314985	0	1.29610236647432	1.09634302209383	0.763009688760495	0	0.936812756704135	0	1.00519215822909	1.47628120948833	1.14294787615500	0.895284707521048	0.561951374187714	1.40138781886600	1.06805448553266	0	0.839812267558480	0.913823633931171	0.580490300597838	1.24330343736593	0.909970104032592	1.37642740714791	1.04309407381457	0	0.561951374187714	0.952769256906871	0.619435923573538	1.63192314226718	1.29858980893384	0.804138126514911	0.470804793181578	0	1.19744307307108	0	1.17444888520399	0.980234317807464	0.646900984474130	1.05901699437495	0.725683661041614	0	0.804044105865765	1.78695376762338	1.45362043429004	1.45197163823299	1.11863830489966	0.754950975679639	0.421617642346306	0.982830197895699	0.649496864562366	0	1.18186369187901
0.876427407147905	1.04309407381457	0.656220237420334	2.03426614142428	1.36129533900620	2.49506571204756	1.77992275113276	2.01013261612131	1.32712094399870	2.42697755029776	1.19085053638146	1.04309407381457	0.254950975679639	2.13943709590840	0.465026880943457	1.04309407381457	1.58113883008419	1.04309407381457	1.65718134191766	2.51937528330290	1.75961643547678	1.93837878133562	1.25224797863682	2.44448189268057	1.71555384642978	1.04309407381457	1.26342787684933	1.95691770774574	0.515388203202208	2.28639751118050	1.29927864601863	2.41952148096248	0	1.04309407381457	1.08656569060504	1.99586333072144	1.32876822659183	2.67501721608175	0.305163890393343	1.84723220032948	0.989002022242624	1.04309407381457	1.22193494098499	1.04309407381457	1.83439363278441	2.02332839162204	0.610327780786685	2.10211106818952	0.425000000000000	1.04309407381457	1.15352719950593	2.83004784143795	1.10368700273221	2.49506571204756	1.80086784634520	1.79804504949421	0.972432516938836	2.02592427171027	0.480884601541784	1.04309407381457	1.77094607484248
0	0	0.696996752556577	0.991172067609712	0.657838734276379	1.45197163823299	1.11863830489966	0.967038542306735	0.633705208973402	1.38388347648318	1.05055014314985	0	1.29610236647432	1.09634302209383	0.763009688760495	0	0.936812756704135	0	1.00519215822909	1.47628120948833	1.14294787615500	0.895284707521048	0.561951374187714	1.40138781886600	1.06805448553266	0	0.839812267558480	0.913823633931171	0.580490300597838	1.24330343736593	0.909970104032592	1.37642740714791	1.04309407381457	0	0.561951374187714	0.952769256906871	0.619435923573538	1.63192314226718	1.29858980893384	0.804138126514911	0.470804793181578	0	1.19744307307108	0	1.17444888520399	0.980234317807464	0.646900984474130	1.05901699437495	0.725683661041614	0	0.804044105865765	1.78695376762338	1.45362043429004	1.45197163823299	1.11863830489966	0.754950975679639	0.421617642346306	0.982830197895699	0.649496864562366	0	1.18186369187901
0.395284707521047	0.561951374187714	20	1.55312344179743	0.430116263352131	2.01392301242070	1.06066017177982	1.52898991649445	0.596343022093828	1.94583485067090	0.559016994374948	0.561951374187714	53.4883164812653	1.65829439628154	0.938416218956173	0.561951374187714	20.2237484161567	0.561951374187714	39.0512483795333	2.03823258367605	0.673145600891813	1.45723608170876	0.559016994374948	1.96333919305371	0.637377439199098	0.561951374187714	40.3112887414927	1.47577500811889	0.743303437365925	1.80525481155364	1.08224304109567	1.93837878133562	1.08656569060504	0.561951374187714	0	1.51472063109459	0.459619407771256	2.19387451645489	1.27475487839820	1.36608950070263	0.106066017177982	0.561951374187714	29.1547594742265	0.561951374187714	30.4138126514911	1.54218569199518	0.505593710403917	1.62096836856266	0.883883476483184	0.561951374187714	40	2.34890514181109	1.67705098312484	2.01392301242070	0.750000000000000	1.31690234986735	0.145773797371133	1.54478157208341	0.608789783094296	0.561951374187714	48.2597140480546
0.895284707521048	0.895284707521048	1.59228146007763	0.430116263352131	1.55312344179743	1.06066017177982	2.01392301242070	0.596343022093828	1.52898991649445	0.559016994374948	1.94583485067090	0.895284707521048	2.19138707399537	0.938416218956173	1.65829439628154	0.895284707521048	1.83209746422518	0.895284707521048	1.90047686575014	0.673145600891813	2.03823258367605	0.559016994374948	1.45723608170876	0.637377439199098	1.96333919305371	0.895284707521048	1.73509697507953	0.743303437365925	1.47577500811889	1.08224304109567	1.80525481155364	1.08656569060504	1.93837878133562	0.895284707521048	1.45723608170876	0.459619407771256	1.51472063109459	1.27475487839820	2.19387451645489	0.106066017177982	1.36608950070263	0.895284707521048	2.09272778059213	0.895284707521048	2.06973359272503	0.505593710403917	1.54218569199518	0.883883476483184	1.62096836856266	0.895284707521048	1.69932881338681	1.67705098312484	2.34890514181109	0.750000000000000	2.01392301242070	0.145773797371133	1.31690234986735	0.608789783094296	1.54478157208341	0.895284707521048	2.07714839940006
0.452769256906871	0.619435923573538	0.886707392548410	1.61060799118325	0.0790569415042095	2.07140756180653	0.601040764008565	1.58647446588027	0.175000000000000	2.00331940005672	1.00560926805594	0.619435923573538	1.58212673322967	1.71577894566737	1.02133491079077	0.619435923573538	0.436606229914325	0.619435923573538	0.520216301167120	2.09571713306187	0.648556088553642	1.51472063109458	0.190394327646598	2.02082374243953	0.540832691319598	0.619435923573538	0.704006392016436	1.53325955750471	0.855131568824354	1.86273936093946	0.776208734813001	1.99586333072144	1.32876822659183	0.619435923573538	0.459619407771256	1.57220518048041	0	2.25135906584071	1.57678470312215	1.42357405008845	0.471699056602830	0.619435923573538	1.18004237212059	0.619435923573538	0.618970920156997	1.59967024138100	0.862046982478333	1.67845291794848	0.996242942258564	0.619435923573538	0.749166203188585	2.40638969119691	1.59256083086330	2.07140756180653	0.535023363975817	1.37438689925318	0.447213595499958	1.60226612146924	0.908639092269312	0.619435923573538	0.760345316287278
0	0	0.696996752556577	0.991172067609712	0.657838734276379	1.45197163823299	1.11863830489966	0.967038542306735	0.633705208973402	1.38388347648318	1.05055014314985	0	1.29610236647432	1.09634302209383	0.763009688760495	0	0.936812756704135	0	1.00519215822909	1.47628120948833	1.14294787615500	0.895284707521048	0.561951374187714	1.40138781886600	1.06805448553266	0	0.839812267558480	0.913823633931171	0.580490300597838	1.24330343736593	0.909970104032592	1.37642740714791	1.04309407381457	0	0.561951374187714	0.952769256906871	0.619435923573538	1.63192314226718	1.29858980893384	0.804138126514911	0.470804793181578	0	1.19744307307108	0	1.17444888520399	0.980234317807464	0.646900984474130	1.05901699437495	0.725683661041614	0	0.804044105865765	1.78695376762338	1.45362043429004	1.45197163823299	1.11863830489966	0.754950975679639	0.421617642346306	0.982830197895699	0.649496864562366	0	1.18186369187901
1.13192314226718	1.29858980893384	0.790569415042095	2.28976187654356	1.60000000000000	2.75056144716683	2.06155281280883	2.26562835124058	1.59471784338171	2.68247328541703	1.25000000000000	1.29858980893384	0.225000000000000	2.39493283102767	0.770146090037468	1.29858980893384	1.77992275113276	1.29858980893384	1.94052183703250	2.77487101842218	1.94052183703250	2.19387451645489	1.52069063257456	2.69997762779984	1.91213231759729	1.29858980893384	1.56624551076771	2.21241344286502	0.807774721070176	2.54189324629977	1.60351177108246	2.67501721608175	0.305163890393343	1.29858980893384	1.27475487839820	2.25135906584072	1.57678470312215	2.93051295120102	0	2.10272793544875	1.18796043705167	1.29858980893384	1.23743686707646	1.29858980893384	2.03485257451246	2.27882412674131	0.770146090037468	2.35760680330879	0.728868986855663	1.29858980893384	1.45773797371133	3.08554357655722	1.34629120178363	2.75056144716683	2.01556443707464	2.05354078461348	1.18163022980965	2.28142000682954	0.676849318534044	1.29858980893384	2.06594409411291
0	0	0.696996752556577	0.991172067609712	0.657838734276379	1.45197163823299	1.11863830489966	0.967038542306735	0.633705208973402	1.38388347648318	1.05055014314985	0	1.29610236647432	1.09634302209383	0.763009688760495	0	0.936812756704135	0	1.00519215822909	1.47628120948833	1.14294787615500	0.895284707521048	0.561951374187714	1.40138781886600	1.06805448553266	0	0.839812267558480	0.913823633931171	0.580490300597838	1.24330343736593	0.909970104032592	1.37642740714791	1.04309407381457	0	0.561951374187714	0.952769256906871	0.619435923573538	1.63192314226718	1.29858980893384	0.804138126514911	0.470804793181578	0	1.19744307307108	0	1.17444888520399	0.980234317807464	0.646900984474130	1.05901699437495	0.725683661041614	0	0.804044105865765	1.78695376762338	1.45362043429004	1.45197163823299	1.11863830489966	0.754950975679639	0.421617642346306	0.982830197895699	0.649496864562366	0	1.18186369187901
0.304138126514911	0.470804793181578	0.431566912540802	1.46197686079129	0.459619407771256	1.92277643141457	1.06595028026639	1.43784333548831	0.583630876496438	1.85468826966476	0.601040764008565	0.470804793181578	1.24121915873064	1.56714781527541	0.832541290267336	0.470804793181578	0.594243216200236	0.470804793181578	0.972432516938836	1.94708600266991	0.771767452021657	1.36608950070263	0.535023363975817	1.87219261204758	0.728010988928052	0.470804793181578	0.946374661537385	1.38462842711275	0.637377439199098	1.71410823054750	1.01980390271856	1.84723220032948	0.989002022242624	0.470804793181578	0.106066017177982	1.42357405008845	0.471699056602830	2.10272793544875	1.18796043705167	1.27494291969649	0	0.470804793181578	0.761577310586391	0.470804793181578	0.848896342317482	1.45103911098904	0.425000000000000	1.52982178755653	0.777817459305202	0.470804793181578	0.928035559663529	2.25775856080495	1.57678470312215	1.92277643141457	0.828402076289045	1.22575576886122	0.0500000000000000	1.45363499107728	0.515388203202208	0.470804793181578	1.19085053638146
0	0	0.696996752556577	0.991172067609712	0.657838734276379	1.45197163823299	1.11863830489966	0.967038542306735	0.633705208973402	1.38388347648318	1.05055014314985	0	1.29610236647432	1.09634302209383	0.763009688760495	0	0.936812756704135	0	1.00519215822909	1.47628120948833	1.14294787615500	0.895284707521048	0.561951374187714	1.40138781886600	1.06805448553266	0	0.839812267558480	0.913823633931171	0.580490300597838	1.24330343736593	0.909970104032592	1.37642740714791	1.04309407381457	0	0.561951374187714	0.952769256906871	0.619435923573538	1.63192314226718	1.29858980893384	0.804138126514911	0.470804793181578	0	1.19744307307108	0	1.17444888520399	0.980234317807464	0.646900984474130	1.05901699437495	0.725683661041614	0	0.804044105865765	1.78695376762338	1.45362043429004	1.45197163823299	1.11863830489966	0.754950975679639	0.421617642346306	0.982830197895699	0.649496864562366	0	1.18186369187901
1.03077640640442	1.19744307307108	25.4950975679639	2.18861514068079	1.13633181773635	2.64941471130407	1.77658380044399	2.16448161537782	1.32500000000000	2.58132654955427	0.176776695296637	1.19744307307108	56.2227711874824	2.29378609516491	1.34837865601618	1.19744307307108	41.3400532171888	1.19744307307108	68.0073525436772	2.67372428255941	1.06800046816469	2.09272778059213	1.28695376762338	2.59883089193708	1.11803398874990	1.19744307307108	68.0073525436772	2.11126670700225	1.18163022980965	2.44074651043701	1.77200451466694	2.57387048021899	1.22193494098499	1.19744307307108	29.1547594742265	2.15021232997795	1.18004237212059	2.82936621533826	1.23743686707646	2.00158119958599	0.761577310586391	1.19744307307108	0	1.19744307307108	49.2442890089805	2.17767739087855	0.711073132666395	2.25646006744603	1.27475487839820	1.19744307307108	66.7083203206317	2.98439684069446	2.15783456270401	2.64941471130407	1.28695376762338	1.95239404875072	0.807774721070176	2.18027327096678	0.848896342317482	1.19744307307108	77.3886296557834
1.53077640640442	1.53077640640442	2.22777315896099	1.13633181773635	2.18861514068079	1.77658380044399	2.64941471130407	1.32500000000000	2.16448161537782	0.176776695296637	2.58132654955427	1.53077640640442	2.82687877287873	1.34837865601618	2.29378609516491	1.53077640640442	2.46758916310855	1.53077640640442	2.53596856463350	1.06800046816469	2.67372428255941	1.28695376762338	2.09272778059213	1.11803398874990	2.59883089193708	1.53077640640442	2.37058867396290	1.18163022980965	2.11126670700225	1.77200451466694	2.44074651043701	1.22193494098499	2.57387048021899	1.53077640640442	2.09272778059213	1.18004237212059	2.15021232997795	1.23743686707646	2.82936621533826	0.761577310586391	2.00158119958599	1.53077640640442	2.72821947947550	1.53077640640442	2.70522529160840	0.711073132666395	2.17767739087855	1.27475487839820	2.25646006744603	1.53077640640442	2.33482051227018	2.15783456270401	2.98439684069446	1.28695376762338	2.64941471130407	0.807774721070176	1.95239404875072	0.848896342317482	2.18027327096678	1.53077640640442	2.71264009828343
1.00778221853732	1.17444888520399	50.2493781056045	2.16562095281370	0.548292804986533	2.62642052343697	0.875000000000000	2.14148742751072	0.755810822891549	2.55833236168717	1.06800046816469	1.17444888520399	83.5224520712844	2.27079190729781	1.60351177108246	1.17444888520399	10.1980390271856	1.17444888520399	35.3553390593274	2.65073009469232	0.176776695296637	2.06973359272503	0.800390529679106	2.57583670406998	0.125000000000000	1.17444888520399	51.4781507049350	2.08827251913516	1.42060726451754	2.41775232256991	1.35300591277348	2.55087629235189	1.83439363278441	1.17444888520399	30.4138126514911	2.12721814211086	0.618970920156997	2.80637202747116	2.03485257451246	1.97858701171890	0.848896342317482	1.17444888520399	49.2442890089805	1.17444888520399	0	2.15468320301145	1.26589889011722	2.23346587957893	1.56624551076771	1.17444888520399	54.0832691319598	2.96140265282736	2.21147575161927	2.62642052343697	0.125000000000000	1.92939986088362	0.862046982478333	2.15727908309968	1.36427636496423	1.17444888520399	45.0998891351187
1.50778221853732	1.50778221853732	2.20477897109390	0.548292804986533	2.16562095281370	0.875000000000000	2.62642052343697	0.755810822891549	2.14148742751072	1.06800046816469	2.55833236168717	1.50778221853732	2.80388458501164	1.60351177108246	2.27079190729781	1.50778221853732	2.44459497524145	1.50778221853732	2.51297437676641	0.176776695296637	2.65073009469232	0.800390529679106	2.06973359272503	0.125000000000000	2.57583670406998	1.50778221853732	2.34759448609580	1.42060726451754	2.08827251913516	1.35300591277348	2.41775232256991	1.83439363278441	2.55087629235189	1.50778221853732	2.06973359272503	0.618970920156997	2.12721814211086	2.03485257451246	2.80637202747116	0.848896342317482	1.97858701171890	1.50778221853732	2.70522529160840	1.50778221853732	2.68223110374130	1.26589889011722	2.15468320301145	1.56624551076771	2.23346587957893	1.50778221853732	2.31182632440308	2.21147575161927	2.96140265282736	0.125000000000000	2.62642052343697	0.862046982478333	1.92939986088362	1.36427636496423	2.15727908309968	1.50778221853732	2.68964591041633
0.480234317807464	0.646900984474130	0.0750000000000000	1.63807305208384	0.867827747885489	2.09887262270712	1.42060726451754	1.61393952678087	0.928035559663529	2.03078446095731	0.626996810199223	0.646900984474130	0.850000000000000	1.74324400656796	0.637377439199098	0.646900984474130	1.01118742080783	0.646900984474130	1.31196417634019	2.12318219396246	1.17100384286304	1.54218569199518	0.862046982478333	2.04828880334013	1.14263948820264	0.646900984474130	1.11635567808831	1.56072461840530	0.475000000000000	1.89020442184006	1.17924764150708	2.02332839162204	0.610327780786685	0.646900984474130	0.505593710403917	1.59967024138100	0.862046982478333	2.27882412674131	0.770146090037468	1.45103911098904	0.425000000000000	0.646900984474130	0.711073132666395	0.646900984474130	1.26589889011722	1.62713530228159	0	1.70591797884908	0.564025708633924	0.646900984474130	1.05148704224065	2.43385475209751	1.44676362962303	2.09887262270712	1.25224797863682	1.40185196015377	0.427931069215592	1.62973118236983	0.145773797371133	0.646900984474130	1.49540964287382
0	0	0.696996752556577	0.991172067609712	0.657838734276379	1.45197163823299	1.11863830489966	0.967038542306735	0.633705208973402	1.38388347648318	1.05055014314985	0	1.29610236647432	1.09634302209383	0.763009688760495	0	0.936812756704135	0	1.00519215822909	1.47628120948833	1.14294787615500	0.895284707521048	0.561951374187714	1.40138781886600	1.06805448553266	0	0.839812267558480	0.913823633931171	0.580490300597838	1.24330343736593	0.909970104032592	1.37642740714791	1.04309407381457	0	0.561951374187714	0.952769256906871	0.619435923573538	1.63192314226718	1.29858980893384	0.804138126514911	0.470804793181578	0	1.19744307307108	0	1.17444888520399	0.980234317807464	0.646900984474130	1.05901699437495	0.725683661041614	0	0.804044105865765	1.78695376762338	1.45362043429004	1.45197163823299	1.11863830489966	0.754950975679639	0.421617642346306	0.982830197895699	0.649496864562366	0	1.18186369187901
0.559016994374948	0.725683661041614	0.637377439199098	1.71685572865133	1.04462912078881	2.17765529927460	1.38067012714841	1.69272220334835	0.958188394836840	2.10956713752480	1.18585412256314	0.725683661041614	0.642748006609122	1.82202668313544	0.0750000000000000	0.725683661041614	1.32500000000000	0.725683661041614	1.25623445264011	2.20196487052995	1.52581945196671	1.62096836856266	0.883883476483184	2.12707147990761	1.45773797371133	0.725683661041614	0.838525491562421	1.63950729497279	0.145773797371133	1.96898709840754	0.874642784226795	2.10211106818952	0.425000000000000	0.725683661041614	0.883883476483184	1.67845291794848	0.996242942258564	2.35760680330879	0.728868986855663	1.52982178755653	0.777817459305202	0.725683661041614	1.27475487839820	0.725683661041614	1.56624551076771	1.70591797884908	0.564025708633924	1.78470065541656	0	0.725683661041614	0.728868986855663	2.51263742866499	0.883883476483184	2.17765529927460	1.51038074669932	1.48063463672125	0.743303437365925	1.70851385893731	0.427931069215592	0.725683661041614	1.35300591277348
0	0	0.696996752556577	0.991172067609712	0.657838734276379	1.45197163823299	1.11863830489966	0.967038542306735	0.633705208973402	1.38388347648318	1.05055014314985	0	1.29610236647432	1.09634302209383	0.763009688760495	0	0.936812756704135	0	1.00519215822909	1.47628120948833	1.14294787615500	0.895284707521048	0.561951374187714	1.40138781886600	1.06805448553266	0	0.839812267558480	0.913823633931171	0.580490300597838	1.24330343736593	0.909970104032592	1.37642740714791	1.04309407381457	0	0.561951374187714	0.952769256906871	0.619435923573538	1.63192314226718	1.29858980893384	0.804138126514911	0.470804793181578	0	1.19744307307108	0	1.17444888520399	0.980234317807464	0.646900984474130	1.05901699437495	0.725683661041614	0	0.804044105865765	1.78695376762338	1.45362043429004	1.45197163823299	1.11863830489966	0.754950975679639	0.421617642346306	0.982830197895699	0.649496864562366	0	1.18186369187901
0.637377439199098	0.804044105865765	44.7213595499958	1.79521617347548	0.827647267862342	2.25601574409875	0.790569415042095	1.77108264817250	0.596343022093828	2.18792758234895	1.52069063257456	0.804044105865765	54.2309874518250	1.90038712795959	0.693271231193102	0.804044105865765	47.4236228055175	0.804044105865765	26.9258240356725	2.28032531535410	1.39754248593737	1.69932881338681	0.559016994374948	2.20543192473176	1.28695376762338	0.804044105865765	5	1.71786773979694	0.672681202353686	2.04734754323169	0.145773797371133	2.18047151301367	1.15352719950593	0.804044105865765	40	1.75681336277264	0.749166203188585	2.43596724813294	1.45773797371133	1.60818223238068	0.928035559663529	0.804044105865765	66.7083203206317	0.804044105865765	54.0832691319598	1.78427842367323	1.05148704224065	1.86306110024071	0.728868986855663	0.804044105865765	0	2.59099787348914	0.901387818865997	2.25601574409875	1.25000000000000	1.55899508154540	0.878208403512515	1.78687430376146	0.985203024761902	0.804044105865765	27
1.13737743919910	1.13737743919910	1.83437419175568	0.827647267862342	1.79521617347548	0.790569415042095	2.25601574409875	0.596343022093828	1.77108264817250	1.52069063257456	2.18792758234895	1.13737743919910	2.43347980567342	0.693271231193102	1.90038712795959	1.13737743919910	2.07419019590323	1.13737743919910	2.14256959742819	1.39754248593737	2.28032531535410	0.559016994374948	1.69932881338681	1.28695376762338	2.20543192473176	1.13737743919910	1.97718970675758	0.672681202353686	1.71786773979694	0.145773797371133	2.04734754323169	1.15352719950593	2.18047151301367	1.13737743919910	1.69932881338681	0.749166203188585	1.75681336277264	1.45773797371133	2.43596724813294	0.928035559663529	1.60818223238068	1.13737743919910	2.33482051227018	1.13737743919910	2.31182632440308	1.05148704224065	1.78427842367323	0.728868986855663	1.86306110024071	1.13737743919910	1.94142154506486	0.901387818865997	2.59099787348914	1.25000000000000	2.25601574409875	0.878208403512515	1.55899508154540	0.985203024761902	1.78687430376146	1.13737743919910	2.31924113107811
1.28695376762338	1.45362043429004	1.52069063257456	2.44479250189975	1.66508258053467	2.90559207252303	1.67705098312484	2.42065897659678	1.46820468600260	2.83750391077323	2.06155281280883	1.45362043429004	1.14044947279570	2.54996345638387	0.809706737035082	1.45362043429004	2.01075234675979	1.45362043429004	1.56624551076771	2.92990164377837	2.22556172684561	2.34890514181109	1.41421356237310	2.85500825315604	2.12867329574080	1.45362043429004	1.00778221853732	2.36744406822121	0.982344135219425	2.69692387165597	0.972753822917186	2.83004784143795	1.10368700273221	1.45362043429004	1.67705098312484	2.40638969119691	1.59256083086330	3.08554357655722	1.34629120178363	2.25775856080495	1.57678470312215	1.45362043429004	2.15783456270401	1.45362043429004	2.21147575161927	2.43385475209751	1.44676362962303	2.51263742866499	0.883883476483184	1.45362043429004	0.901387818865997	3.24057420191342	0	2.90559207252303	2.12132034355964	2.20857140996968	1.53174736820404	2.43645063218574	1.31172596223449	1.45362043429004	1.51017383105390
0	0	0.696996752556577	0.991172067609712	0.657838734276379	1.45197163823299	1.11863830489966	0.967038542306735	0.633705208973402	1.38388347648318	1.05055014314985	0	1.29610236647432	1.09634302209383	0.763009688760495	0	0.936812756704135	0	1.00519215822909	1.47628120948833	1.14294787615500	0.895284707521048	0.561951374187714	1.40138781886600	1.06805448553266	0	0.839812267558480	0.913823633931171	0.580490300597838	1.24330343736593	0.909970104032592	1.37642740714791	1.04309407381457	0	0.561951374187714	0.952769256906871	0.619435923573538	1.63192314226718	1.29858980893384	0.804138126514911	0.470804793181578	0	1.19744307307108	0	1.17444888520399	0.980234317807464	0.646900984474130	1.05901699437495	0.725683661041614	0	0.804044105865765	1.78695376762338	1.45362043429004	1.45197163823299	1.11863830489966	0.754950975679639	0.421617642346306	0.982830197895699	0.649496864562366	0	1.18186369187901
0.951971638232989	1.11863830489966	1.25000000000000	2.10981037250937	0.471699056602830	2.57060994313264	0.750000000000000	2.08567684720639	0.656220237420334	2.50252178138284	1.11803398874990	1.11863830489966	2.05563250606717	2.21498132699348	1.54292741242095	1.11863830489966	0.261007662722764	1.11863830489966	0.760345316287278	2.59491951438799	0.279508497187474	2.01392301242070	0.707106781186548	2.52002612376565	0.176776695296637	1.11863830489966	1.17924764150708	2.03246193883083	1.36565002837477	2.36194174226558	1.24348301154459	2.49506571204756	1.80086784634520	1.11863830489966	0.750000000000000	2.07140756180653	0.535023363975817	2.75056144716683	2.01556443707464	1.92277643141457	0.828402076289045	1.11863830489966	1.28695376762338	1.11863830489966	0.125000000000000	2.09887262270712	1.25224797863682	2.17765529927460	1.51038074669932	1.11863830489966	1.25000000000000	2.90559207252303	2.12132034355964	2.57060994313264	0	1.87358928057929	0.834415963413932	2.10146850279535	1.34000932832574	1.11863830489966	1.00280855600658
0	0	0.696996752556577	0.991172067609712	0.657838734276379	1.45197163823299	1.11863830489966	0.967038542306735	0.633705208973402	1.38388347648318	1.05055014314985	0	1.29610236647432	1.09634302209383	0.763009688760495	0	0.936812756704135	0	1.00519215822909	1.47628120948833	1.14294787615500	0.895284707521048	0.561951374187714	1.40138781886600	1.06805448553266	0	0.839812267558480	0.913823633931171	0.580490300597838	1.24330343736593	0.909970104032592	1.37642740714791	1.04309407381457	0	0.561951374187714	0.952769256906871	0.619435923573538	1.63192314226718	1.29858980893384	0.804138126514911	0.470804793181578	0	1.19744307307108	0	1.17444888520399	0.980234317807464	0.646900984474130	1.05901699437495	0.725683661041614	0	0.804044105865765	1.78695376762338	1.45362043429004	1.45197163823299	1.11863830489966	0.754950975679639	0.421617642346306	0.982830197895699	0.649496864562366	0	1.18186369187901
0.254950975679639	0.421617642346306	0.443001128666734	1.41278970995602	0.443001128666734	1.87358928057929	1.03501207722422	1.38865618465304	0.548292804986533	1.80550111882949	0.649037749287359	0.421617642346306	1.22601998352392	1.51796066444013	0.795691523141977	0.421617642346306	0.608789783094296	0.421617642346306	0.938416218956173	1.89789885183464	0.794119008713430	1.31690234986735	0.496235831031980	1.82300546121230	0.743303437365925	0.421617642346306	0.897566153550812	1.33544127627748	0.601040764008565	1.66492107971223	0.970824391947380	1.79804504949421	0.972432516938836	0.421617642346306	0.145773797371133	1.37438689925318	0.447213595499958	2.05354078461348	1.18163022980965	1.22575576886122	0.0500000000000000	0.421617642346306	0.807774721070176	0.421617642346306	0.862046982478333	1.40185196015377	0.427931069215592	1.48063463672125	0.743303437365925	0.421617642346306	0.878208403512515	2.20857140996968	1.53174736820404	1.87358928057929	0.834415963413932	1.17656861802595	0	1.40444784024201	0.505593710403917	0.421617642346306	1.15244305716161
0	0	0.696996752556577	0.991172067609712	0.657838734276379	1.45197163823299	1.11863830489966	0.967038542306735	0.633705208973402	1.38388347648318	1.05055014314985	0	1.29610236647432	1.09634302209383	0.763009688760495	0	0.936812756704135	0	1.00519215822909	1.47628120948833	1.14294787615500	0.895284707521048	0.561951374187714	1.40138781886600	1.06805448553266	0	0.839812267558480	0.913823633931171	0.580490300597838	1.24330343736593	0.909970104032592	1.37642740714791	1.04309407381457	0	0.561951374187714	0.952769256906871	0.619435923573538	1.63192314226718	1.29858980893384	0.804138126514911	0.470804793181578	0	1.19744307307108	0	1.17444888520399	0.980234317807464	0.646900984474130	1.05901699437495	0.725683661041614	0	0.804044105865765	1.78695376762338	1.45362043429004	1.45197163823299	1.11863830489966	0.754950975679639	0.421617642346306	0.982830197895699	0.649496864562366	0	1.18186369187901
0.482830197895699	0.649496864562366	0.213600093632938	1.64066893217208	0.926350365682445	2.10146850279535	1.43461667354036	1.61653540686910	0.948683298050514	2.03338034104555	0.771767452021657	0.649496864562366	0.728868986855663	1.74583988665619	0.502493781056045	0.649496864562366	1.10961705105861	0.649496864562366	1.32003787824441	2.12577807405070	1.28160056179763	1.54478157208341	0.877852493303972	2.05088468342836	1.24323167591564	0.649496864562366	1.06301458127347	1.56332049849354	0.357945526581909	1.89280030192829	1.12054674155075	2.02592427171027	0.480884601541784	0.649496864562366	0.608789783094296	1.60226612146924	0.908639092269312	2.28142000682954	0.676849318534044	1.45363499107728	0.515388203202208	0.649496864562366	0.848896342317482	0.649496864562366	1.36427636496423	1.62973118236983	0.145773797371133	1.70851385893731	0.427931069215592	0.649496864562366	0.985203024761902	2.43645063218574	1.31172596223449	2.10146850279535	1.34000932832574	1.40444784024201	0.505593710403917	1.63232706245807	0	0.649496864562366	1.48408220796558
0	0	0.696996752556577	0.991172067609712	0.657838734276379	1.45197163823299	1.11863830489966	0.967038542306735	0.633705208973402	1.38388347648318	1.05055014314985	0	1.29610236647432	1.09634302209383	0.763009688760495	0	0.936812756704135	0	1.00519215822909	1.47628120948833	1.14294787615500	0.895284707521048	0.561951374187714	1.40138781886600	1.06805448553266	0	0.839812267558480	0.913823633931171	0.580490300597838	1.24330343736593	0.909970104032592	1.37642740714791	1.04309407381457	0	0.561951374187714	0.952769256906871	0.619435923573538	1.63192314226718	1.29858980893384	0.804138126514911	0.470804793181578	0	1.19744307307108	0	1.17444888520399	0.980234317807464	0.646900984474130	1.05901699437495	0.725683661041614	0	0.804044105865765	1.78695376762338	1.45362043429004	1.45197163823299	1.11863830489966	0.754950975679639	0.421617642346306	0.982830197895699	0.649496864562366	0	1.18186369187901
1.01519702521235	1.18186369187901	61.7170964968379	2.17303575948873	0.817389136213591	2.63383533011200	0.261007662722764	2.14890223418575	0.610327780786685	2.56574716836220	1.76227835485771	1.18186369187901	79.8122797569397	2.27820671397284	1.33416640641263	1.18186369187901	43.5660418215839	1.18186369187901	10.1980390271856	2.65814490136735	1.25099960031968	2.07714839940006	0.656220237420334	2.58325151074501	1.12611056295552	1.18186369187901	22	2.09568732581019	1.25822295321616	2.42516712924494	0.555090082779363	2.55829109902692	1.77094607484248	1.18186369187901	48.2597140480546	2.13463294878589	0.760345316287278	2.81378683414619	2.06594409411291	1.98600181839393	1.19085053638146	1.18186369187901	77.3886296557834	1.18186369187901	45.0998891351187	2.16209800968648	1.49540964287382	2.24088068625396	1.35300591277348	1.18186369187901	27	2.96881745950239	1.51017383105390	2.63383533011200	1.00280855600658	1.93681466755865	1.15244305716161	2.16469388977471	1.48408220796558	1.18186369187901	0
1.51519702521235	1.51519702521235	2.21219377776893	0.817389136213591	2.17303575948873	0.261007662722764	2.63383533011200	0.610327780786685	2.14890223418575	1.76227835485771	2.56574716836220	1.51519702521235	2.81129939168667	1.33416640641263	2.27820671397284	1.51519702521235	2.45200978191648	1.51519702521235	2.52038918344144	1.25099960031968	2.65814490136735	0.656220237420334	2.07714839940006	1.12611056295552	2.58325151074501	1.51519702521235	2.35500929277083	1.25822295321616	2.09568732581019	0.555090082779363	2.42516712924494	1.77094607484248	2.55829109902692	1.51519702521235	2.07714839940006	0.760345316287278	2.13463294878589	2.06594409411291	2.81378683414619	1.19085053638146	1.98600181839393	1.51519702521235	2.71264009828343	1.51519702521235	2.68964591041633	1.49540964287382	2.16209800968648	1.35300591277348	2.24088068625396	1.51519702521235	2.31924113107811	1.51017383105390	2.96881745950239	1.00280855600658	2.63383533011200	1.15244305716161	1.93681466755865	1.48408220796558	2.16469388977471	1.51519702521235	2.69706071709136



2	4	1	0	1
5	2	4	0	0
6	2	4	0	0
7	2	4	0	0
8	2	4	0	0
2	9	1	0	1
10	2	4	0	0
2	11	1	0	1
2	12	1	0	1
13	2	4	0	0
14	2	4	0	0
15	2	4	0	0
2	16	1	0	1
17	2	4	0	0
18	2	4	0	0
19	2	4	0	0
2	20	1	0	1
21	2	4	0	0
22	2	4	0	0
23	2	4	0	0
2	24	1	0	1
2	25	1	0	1
26	2	4	0	0
27	2	4	0	0
2	28	1	0	1
29	2	4	0	0
30	2	4	0	0
31	2	4	0	0
32	2	4	0	0
2	33	1	0	1








4	3	2	0	0
3	5	3	0	1
3	6	3	0	1
3	7	3	0	1
3	8	3	0	1
9	3	2	0	0
3	10	3	0	1
11	3	2	0	0
12	3	2	0	0
3	13	3	0	1
3	14	3	0	1
3	15	3	0	1
16	3	2	0	0
3	17	3	0	1
3	18	3	0	1
3	19	3	0	1
20	3	2	0	0
3	21	3	0	1
3	22	3	0	1
3	23	3	0	1
24	3	2	0	0
25	3	2	0	0
3	26	3	0	1
3	27	3	0	1
28	3	2	0	0
3	29	3	0	1
3	30	3	0	1
3	31	3	0	1
3	32	3	0	1
33	3	2	0	0









linktime（task1）
0	0	0.491172067609713	0.951971638232989	0.467038542306735	0.883883476483184	0	0.596343022093828	0	0	0.976281209488332	0.395284707521047	0.901387818865997	0	0.413823633931171	0.743303437365925	0.876427407147905	0	0.452769256906871	1.13192314226718	0.304138126514911	0	0	0.480234317807464	0.559016994374948	0	1.28695376762338	0.951971638232989	0.254950975679639	0.482830197895699	0
0.530330085889911	0.696996752556577	0.886002257333468	1.45773797371133	0.964689069078737	0.559016994374948	0.696996752556577	0.711073132666395	0.696996752556577	0.696996752556577	1.15244305716161	0.901387818865997	1.13192314226718	0.696996752556577	0.550000000000000	1.24348301154459	0.656220237420334	0.696996752556577	0.886707392548410	0.790569415042095	0.431566912540802	0.696996752556577	0.696996752556577	0.0750000000000000	0.637377439199098	0.696996752556577	1.52069063257456	1.25000000000000	0.443001128666734	0.213600093632938	0.696996752556577
0	0	0.657838734276379	1.11863830489966	0.633705208973402	1.05055014314985	0	0.763009688760495	0	0	1.14294787615500	0.561951374187714	1.06805448553266	0	0.580490300597838	0.909970104032592	1.04309407381457	0	0.619435923573538	1.29858980893384	0.470804793181578	0	0	0.646900984474130	0.725683661041614	0	1.45362043429004	1.11863830489966	0.421617642346306	0.649496864562366	0
0	0	0.657838734276379	1.11863830489966	0.633705208973402	1.05055014314985	0	0.763009688760495	0	0	1.14294787615500	0.561951374187714	1.06805448553266	0	0.580490300597838	0.909970104032592	1.04309407381457	0	0.619435923573538	1.29858980893384	0.470804793181578	0	0	0.646900984474130	0.725683661041614	0	1.45362043429004	1.11863830489966	0.421617642346306	0.649496864562366	0
0	0	0.657838734276379	1.11863830489966	0.633705208973402	1.05055014314985	0	0.763009688760495	0	0	1.14294787615500	0.561951374187714	1.06805448553266	0	0.580490300597838	0.909970104032592	1.04309407381457	0	0.619435923573538	1.29858980893384	0.470804793181578	0	0	0.646900984474130	0.725683661041614	0	1.45362043429004	1.11863830489966	0.421617642346306	0.649496864562366	0
0	0	0.657838734276379	1.11863830489966	0.633705208973402	1.05055014314985	0	0.763009688760495	0	0	1.14294787615500	0.561951374187714	1.06805448553266	0	0.580490300597838	0.909970104032592	1.04309407381457	0	0.619435923573538	1.29858980893384	0.470804793181578	0	0	0.646900984474130	0.725683661041614	0	1.45362043429004	1.11863830489966	0.421617642346306	0.649496864562366	0
1.12943569980765	1.29610236647432	1.61574286320565	2.01881772332224	1.57519840020234	1.39664777234634	1.29610236647432	0.664266512779321	1.29610236647432	1.29610236647432	2.01028604929746	1.50020831886775	1.96866071226100	1.29610236647432	0.753740671584067	1.50020831886775	0.254950975679639	1.29610236647432	1.58212673322967	0.225000000000000	1.24121915873064	1.29610236647432	1.29610236647432	0.850000000000000	0.642748006609122	1.29610236647432	1.14044947279570	2.05563250606717	1.22601998352392	0.728868986855663	1.29610236647432
0	0	0.657838734276379	1.11863830489966	0.633705208973402	1.05055014314985	0	0.763009688760495	0	0	1.14294787615500	0.561951374187714	1.06805448553266	0	0.580490300597838	0.909970104032592	1.04309407381457	0	0.619435923573538	1.29858980893384	0.470804793181578	0	0	0.646900984474130	0.725683661041614	0	1.45362043429004	1.11863830489966	0.421617642346306	0.649496864562366	0
0.770146090037468	0.936812756704135	0.357945526581909	0.862046982478333	0.601040764008565	0.862046982478333	0.936812756704135	1.36610760923143	0.936812756704135	0.936812756704135	0.215058131676066	0.626996810199223	0.134629120178363	0.936812756704135	1.17924764150708	1.20959704034029	1.58113883008419	0.936812756704135	0.436606229914325	1.77992275113276	0.594243216200236	0.936812756704135	0.936812756704135	1.01118742080783	1.32500000000000	0.936812756704135	2.01075234675979	0.261007662722764	0.608789783094296	1.10961705105861	0.936812756704135
0.838525491562421	1.00519215822909	0.570635610525666	0.125000000000000	0.390512483795333	1.52581945196671	1.00519215822909	1.25099960031968	1.00519215822909	1.00519215822909	1	0.450693909432999	0.875000000000000	1.00519215822909	1.14263948820264	0.596343022093828	1.65718134191766	1.00519215822909	0.520216301167120	1.94052183703250	0.972432516938836	1.00519215822909	1.00519215822909	1.31196417634019	1.25623445264011	1.00519215822909	1.56624551076771	0.760345316287278	0.938416218956173	1.32003787824441	1.00519215822909
0	0	0.657838734276379	1.11863830489966	0.633705208973402	1.05055014314985	0	0.763009688760495	0	0	1.14294787615500	0.561951374187714	1.06805448553266	0	0.580490300597838	0.909970104032592	1.04309407381457	0	0.619435923573538	1.29858980893384	0.470804793181578	0	0	0.646900984474130	0.725683661041614	0	1.45362043429004	1.11863830489966	0.421617642346306	0.649496864562366	0
0	0	0.657838734276379	1.11863830489966	0.633705208973402	1.05055014314985	0	0.763009688760495	0	0	1.14294787615500	0.561951374187714	1.06805448553266	0	0.580490300597838	0.909970104032592	1.04309407381457	0	0.619435923573538	1.29858980893384	0.470804793181578	0	0	0.646900984474130	0.725683661041614	0	1.45362043429004	1.11863830489966	0.421617642346306	0.649496864562366	0
0	0	0.657838734276379	1.11863830489966	0.633705208973402	1.05055014314985	0	0.763009688760495	0	0	1.14294787615500	0.561951374187714	1.06805448553266	0	0.580490300597838	0.909970104032592	1.04309407381457	0	0.619435923573538	1.29858980893384	0.470804793181578	0	0	0.646900984474130	0.725683661041614	0	1.45362043429004	1.11863830489966	0.421617642346306	0.649496864562366	0
0.673145600891813	0.839812267558480	0.783022988168291	0.673145600891813	0.538516480713450	1.54616460960662	0.839812267558480	0.807774721070176	0.839812267558480	0.839812267558480	1.34629120178363	0.515388203202208	1.23110722522451	0.839812267558480	0.770146090037468	0.0750000000000000	1.26342787684933	0.839812267558480	0.704006392016436	1.56624551076771	0.946374661537385	0.839812267558480	0.839812267558480	1.11635567808831	0.838525491562421	0.839812267558480	1.00778221853732	1.17924764150708	0.897566153550812	1.06301458127347	0.839812267558480
0	0	0.657838734276379	1.11863830489966	0.633705208973402	1.05055014314985	0	0.763009688760495	0	0	1.14294787615500	0.561951374187714	1.06805448553266	0	0.580490300597838	0.909970104032592	1.04309407381457	0	0.619435923573538	1.29858980893384	0.470804793181578	0	0	0.646900984474130	0.725683661041614	0	1.45362043429004	1.11863830489966	0.421617642346306	0.649496864562366	0
0	0	0.657838734276379	1.11863830489966	0.633705208973402	1.05055014314985	0	0.763009688760495	0	0	1.14294787615500	0.561951374187714	1.06805448553266	0	0.580490300597838	0.909970104032592	1.04309407381457	0	0.619435923573538	1.29858980893384	0.470804793181578	0	0	0.646900984474130	0.725683661041614	0	1.45362043429004	1.11863830489966	0.421617642346306	0.649496864562366	0
0	0	0.657838734276379	1.11863830489966	0.633705208973402	1.05055014314985	0	0.763009688760495	0	0	1.14294787615500	0.561951374187714	1.06805448553266	0	0.580490300597838	0.909970104032592	1.04309407381457	0	0.619435923573538	1.29858980893384	0.470804793181578	0	0	0.646900984474130	0.725683661041614	0	1.45362043429004	1.11863830489966	0.421617642346306	0.649496864562366	0
0.395284707521047	0.561951374187714	0.430116263352131	1.06066017177982	0.596343022093828	0.559016994374948	0.561951374187714	0.938416218956173	0.561951374187714	0.561951374187714	0.673145600891813	0.559016994374948	0.637377439199098	0.561951374187714	0.743303437365925	1.08224304109567	1.08656569060504	0.561951374187714	0.459619407771256	1.27475487839820	0.106066017177982	0.561951374187714	0.561951374187714	0.505593710403917	0.883883476483184	0.561951374187714	1.67705098312484	0.750000000000000	0.145773797371133	0.608789783094296	0.561951374187714
0	0	0.657838734276379	1.11863830489966	0.633705208973402	1.05055014314985	0	0.763009688760495	0	0	1.14294787615500	0.561951374187714	1.06805448553266	0	0.580490300597838	0.909970104032592	1.04309407381457	0	0.619435923573538	1.29858980893384	0.470804793181578	0	0	0.646900984474130	0.725683661041614	0	1.45362043429004	1.11863830489966	0.421617642346306	0.649496864562366	0
0	0	0.657838734276379	1.11863830489966	0.633705208973402	1.05055014314985	0	0.763009688760495	0	0	1.14294787615500	0.561951374187714	1.06805448553266	0	0.580490300597838	0.909970104032592	1.04309407381457	0	0.619435923573538	1.29858980893384	0.470804793181578	0	0	0.646900984474130	0.725683661041614	0	1.45362043429004	1.11863830489966	0.421617642346306	0.649496864562366	0
0	0	0.657838734276379	1.11863830489966	0.633705208973402	1.05055014314985	0	0.763009688760495	0	0	1.14294787615500	0.561951374187714	1.06805448553266	0	0.580490300597838	0.909970104032592	1.04309407381457	0	0.619435923573538	1.29858980893384	0.470804793181578	0	0	0.646900984474130	0.725683661041614	0	1.45362043429004	1.11863830489966	0.421617642346306	0.649496864562366	0
1.03077640640442	1.19744307307108	1.13633181773635	1.77658380044399	1.32500000000000	0.176776695296637	1.19744307307108	1.34837865601618	1.19744307307108	1.19744307307108	1.06800046816469	1.28695376762338	1.11803398874990	1.19744307307108	1.18163022980965	1.77200451466694	1.22193494098499	1.19744307307108	1.18004237212059	1.23743686707646	0.761577310586391	1.19744307307108	1.19744307307108	0.711073132666395	1.27475487839820	1.19744307307108	2.15783456270401	1.28695376762338	0.807774721070176	0.848896342317482	1.19744307307108
1.00778221853732	1.17444888520399	0.548292804986533	0.875000000000000	0.755810822891549	1.06800046816469	1.17444888520399	1.60351177108246	1.17444888520399	1.17444888520399	0.176776695296637	0.800390529679106	0.125000000000000	1.17444888520399	1.42060726451754	1.35300591277348	1.83439363278441	1.17444888520399	0.618970920156997	2.03485257451246	0.848896342317482	1.17444888520399	1.17444888520399	1.26589889011722	1.56624551076771	1.17444888520399	2.21147575161927	0.125000000000000	0.862046982478333	1.36427636496423	1.17444888520399
0	0	0.657838734276379	1.11863830489966	0.633705208973402	1.05055014314985	0	0.763009688760495	0	0	1.14294787615500	0.561951374187714	1.06805448553266	0	0.580490300597838	0.909970104032592	1.04309407381457	0	0.619435923573538	1.29858980893384	0.470804793181578	0	0	0.646900984474130	0.725683661041614	0	1.45362043429004	1.11863830489966	0.421617642346306	0.649496864562366	0
0	0	0.657838734276379	1.11863830489966	0.633705208973402	1.05055014314985	0	0.763009688760495	0	0	1.14294787615500	0.561951374187714	1.06805448553266	0	0.580490300597838	0.909970104032592	1.04309407381457	0	0.619435923573538	1.29858980893384	0.470804793181578	0	0	0.646900984474130	0.725683661041614	0	1.45362043429004	1.11863830489966	0.421617642346306	0.649496864562366	0
0.637377439199098	0.804044105865765	0.827647267862342	0.790569415042095	0.596343022093828	1.52069063257456	0.804044105865765	0.693271231193102	0.804044105865765	0.804044105865765	1.39754248593737	0.559016994374948	1.28695376762338	0.804044105865765	0.672681202353686	0.145773797371133	1.15352719950593	0.804044105865765	0.749166203188585	1.45773797371133	0.928035559663529	0.804044105865765	0.804044105865765	1.05148704224065	0.728868986855663	0.804044105865765	0.901387818865997	1.25000000000000	0.878208403512515	0.985203024761902	0.804044105865765
0	0	0.657838734276379	1.11863830489966	0.633705208973402	1.05055014314985	0	0.763009688760495	0	0	1.14294787615500	0.561951374187714	1.06805448553266	0	0.580490300597838	0.909970104032592	1.04309407381457	0	0.619435923573538	1.29858980893384	0.470804793181578	0	0	0.646900984474130	0.725683661041614	0	1.45362043429004	1.11863830489966	0.421617642346306	0.649496864562366	0
0	0	0.657838734276379	1.11863830489966	0.633705208973402	1.05055014314985	0	0.763009688760495	0	0	1.14294787615500	0.561951374187714	1.06805448553266	0	0.580490300597838	0.909970104032592	1.04309407381457	0	0.619435923573538	1.29858980893384	0.470804793181578	0	0	0.646900984474130	0.725683661041614	0	1.45362043429004	1.11863830489966	0.421617642346306	0.649496864562366	0
0	0	0.657838734276379	1.11863830489966	0.633705208973402	1.05055014314985	0	0.763009688760495	0	0	1.14294787615500	0.561951374187714	1.06805448553266	0	0.580490300597838	0.909970104032592	1.04309407381457	0	0.619435923573538	1.29858980893384	0.470804793181578	0	0	0.646900984474130	0.725683661041614	0	1.45362043429004	1.11863830489966	0.421617642346306	0.649496864562366	0
0	0	0.657838734276379	1.11863830489966	0.633705208973402	1.05055014314985	0	0.763009688760495	0	0	1.14294787615500	0.561951374187714	1.06805448553266	0	0.580490300597838	0.909970104032592	1.04309407381457	0	0.619435923573538	1.29858980893384	0.470804793181578	0	0	0.646900984474130	0.725683661041614	0	1.45362043429004	1.11863830489966	0.421617642346306	0.649496864562366	0
1.01519702521235	1.18186369187901	0.817389136213591	0.261007662722764	0.610327780786685	1.76227835485771	1.18186369187901	1.33416640641263	1.18186369187901	1.18186369187901	1.25099960031968	0.656220237420334	1.12611056295552	1.18186369187901	1.25822295321616	0.555090082779363	1.77094607484248	1.18186369187901	0.760345316287278	2.06594409411291	1.19085053638146	1.18186369187901	1.18186369187901	1.49540964287382	1.35300591277348	1.18186369187901	1.51017383105390	1.00280855600658	1.15244305716161	1.48408220796558	1.18186369187901


linktime（task2）
0	0.530330085889911	0.991172067609712	1.45197163823299	0.967038542306735	1.38388347648318	1.12943569980765	1.09634302209383	0.770146090037468	0.838525491562421	1.47628120948833	0.895284707521048	1.40138781886600	0.673145600891813	0.913823633931171	1.24330343736593	1.37642740714791	0.395284707521047	0.952769256906871	1.63192314226718	0.804138126514911	1.03077640640442	1.00778221853732	0.980234317807464	1.05901699437495	0.637377439199098	1.78695376762338	1.45197163823299	0.754950975679639	0.982830197895699	1.01519702521235
1.03033008588991	1.72732683844649	0.886002257333468	1.45773797371133	0.964689069078737	0.559016994374948	2.32643245236423	0.711073132666395	1.96714284259405	2.03552224411900	1.15244305716161	0.901387818865997	1.13192314226718	1.87014235344839	0.550000000000000	1.24348301154459	0.656220237420334	1.59228146007763	0.886707392548410	0.790569415042095	0.431566912540802	2.22777315896099	2.20477897109390	0.0750000000000000	0.637377439199098	1.83437419175568	1.52069063257456	1.25000000000000	0.443001128666734	0.213600093632938	2.21219377776893
0.491172067609713	0.886002257333468	1.64901080188609	2.10981037250937	1.62487727658311	2.04172221075956	1.61574286320565	1.75418175637021	0.357945526581909	0.570635610525666	2.13411994376471	1.55312344179743	2.05922655314238	0.783022988168291	1.57166236820755	1.90114217164230	2.03426614142428	0.430116263352131	1.61060799118325	2.28976187654356	1.46197686079129	1.13633181773635	0.548292804986533	1.63807305208384	1.71685572865133	0.827647267862342	2.44479250189975	2.10981037250937	1.41278970995602	1.64066893217208	0.817389136213591
0.951971638232989	1.45773797371133	2.10981037250937	2.57060994313264	2.08567684720639	2.50252178138284	2.01881772332224	2.21498132699348	0.862046982478333	0.125000000000000	2.59491951438799	2.01392301242070	2.52002612376565	0.673145600891813	2.03246193883083	2.36194174226558	2.49506571204756	1.06066017177982	2.07140756180653	2.75056144716683	1.92277643141457	1.77658380044399	0.875000000000000	2.09887262270712	2.17765529927460	0.790569415042095	2.90559207252303	2.57060994313264	1.87358928057929	2.10146850279535	0.261007662722764
0.467038542306735	0.964689069078737	1.62487727658311	2.08567684720639	1.60074375128014	2.01758868545659	1.57519840020234	1.73004823106723	0.601040764008565	0.390512483795333	2.10998641846173	1.52898991649445	2.03509302783940	0.538516480713450	1.54752884290457	1.87700864633933	2.01013261612131	0.596343022093828	1.58647446588027	2.26562835124058	1.43784333548831	1.32500000000000	0.755810822891549	1.61393952678087	1.69272220334835	0.596343022093828	2.42065897659678	2.08567684720639	1.38865618465304	1.61653540686910	0.610327780786685
0.883883476483184	0.559016994374948	2.04172221075956	2.50252178138284	2.01758868545659	2.43443361963304	1.39664777234634	2.14689316524368	0.862046982478333	1.52581945196671	2.52683135263818	1.94583485067090	2.45193796201585	1.54616460960662	1.96437377708102	2.29385358051578	2.42697755029776	0.559016994374948	2.00331940005672	2.68247328541703	1.85468826966476	0.176776695296637	1.06800046816469	2.03078446095731	2.10956713752480	1.52069063257456	2.83750391077323	2.50252178138284	1.80550111882949	2.03338034104555	1.76227835485771
1.62943569980765	2.32643245236423	1.61574286320565	2.01881772332224	1.57519840020234	1.39664777234634	2.92553806628197	0.664266512779321	2.56624845651179	2.63462785803674	2.01028604929746	1.50020831886775	1.96866071226100	2.46924796736613	0.753740671584067	1.50020831886775	0.254950975679639	2.19138707399537	1.58212673322967	0.225000000000000	1.24121915873064	2.82687877287873	2.80388458501164	0.850000000000000	0.642748006609122	2.43347980567342	1.14044947279570	2.05563250606717	1.22601998352392	0.728868986855663	2.81129939168667
0.596343022093828	0.711073132666395	1.75418175637021	2.21498132699348	1.73004823106723	2.14689316524368	0.664266512779321	1.85935271085432	1.36610760923143	1.25099960031968	2.23929089824883	1.65829439628154	2.16439750762649	0.807774721070176	1.67683332269167	2.00631312612642	2.13943709590840	0.938416218956173	1.71577894566737	2.39493283102767	1.56714781527541	1.34837865601618	1.60351177108246	1.74324400656796	1.82202668313544	0.693271231193102	2.54996345638387	2.21498132699348	1.51796066444013	1.74583988665619	1.33416640641263
1.27014609003747	1.96714284259405	0.357945526581909	0.862046982478333	0.601040764008565	0.862046982478333	2.56624845651179	1.36610760923143	2.20695884674160	2.27533824826656	0.215058131676066	0.626996810199223	0.134629120178363	2.10995835759595	1.17924764150708	1.20959704034029	1.58113883008419	1.83209746422518	0.436606229914325	1.77992275113276	0.594243216200236	2.46758916310855	2.44459497524145	1.01118742080783	1.32500000000000	2.07419019590323	2.01075234675979	0.261007662722764	0.608789783094296	1.10961705105861	2.45200978191648
1.33852549156242	2.03552224411900	0.570635610525666	0.125000000000000	0.390512483795333	1.52581945196671	2.63462785803674	1.25099960031968	2.27533824826656	2.34371764979151	1	0.450693909432999	0.875000000000000	2.17833775912090	1.14263948820264	0.596343022093828	1.65718134191766	1.90047686575014	0.520216301167120	1.94052183703250	0.972432516938836	2.53596856463350	2.51297437676641	1.31196417634019	1.25623445264011	2.14256959742819	1.56624551076771	0.760345316287278	0.938416218956173	1.32003787824441	2.52038918344144
0.976281209488332	1.15244305716161	2.13411994376471	2.59491951438799	2.10998641846173	2.52683135263818	2.01028604929746	2.23929089824883	0.215058131676066	1	2.61922908564333	2.03823258367605	2.54433569502100	1.34629120178363	2.05677151008617	2.38625131352092	2.51937528330290	0.673145600891813	2.09571713306187	2.77487101842218	1.94708600266991	1.06800046816469	0.176776695296637	2.12318219396246	2.20196487052995	1.39754248593737	2.92990164377837	2.59491951438799	1.89789885183464	2.12577807405070	1.25099960031968
0.395284707521047	0.901387818865997	1.55312344179743	2.01392301242070	1.52898991649445	1.94583485067090	1.50020831886775	1.65829439628154	0.626996810199223	0.450693909432999	2.03823258367605	1.45723608170876	1.96333919305371	0.515388203202208	1.47577500811889	1.80525481155364	1.93837878133562	0.559016994374948	1.51472063109459	2.19387451645489	1.36608950070263	1.28695376762338	0.800390529679106	1.54218569199518	1.62096836856266	0.559016994374948	2.34890514181109	2.01392301242070	1.31690234986735	1.54478157208341	0.656220237420334
0.901387818865997	1.13192314226718	2.05922655314238	2.52002612376565	2.03509302783940	2.45193796201585	1.96866071226100	2.16439750762649	0.134629120178363	0.875000000000000	2.54433569502100	1.96333919305371	2.46944230439866	1.23110722522451	1.98187811946384	2.31135792289859	2.44448189268057	0.637377439199098	2.02082374243953	2.69997762779984	1.87219261204758	1.11803398874990	0.125000000000000	2.04828880334013	2.12707147990761	1.28695376762338	2.85500825315604	2.52002612376565	1.82300546121230	2.05088468342836	1.12611056295552
1.17314560089181	1.87014235344839	0.783022988168291	0.673145600891813	0.538516480713450	1.54616460960662	2.46924796736613	0.807774721070176	2.10995835759595	2.17833775912090	1.34629120178363	0.515388203202208	1.23110722522451	2.01295786845029	0.770146090037468	0.0750000000000000	1.26342787684933	1.73509697507953	0.704006392016436	1.56624551076771	0.946374661537385	2.37058867396290	2.34759448609580	1.11635567808831	0.838525491562421	1.97718970675758	1.00778221853732	1.17924764150708	0.897566153550812	1.06301458127347	2.35500929277083
0.413823633931171	0.550000000000000	1.57166236820755	2.03246193883083	1.54752884290457	1.96437377708102	0.753740671584067	1.67683332269167	1.17924764150708	1.14263948820264	2.05677151008617	1.47577500811889	1.98187811946384	0.770146090037468	1.49431393452901	1.82379373796376	1.95691770774574	0.743303437365925	1.53325955750471	2.21241344286502	1.38462842711275	1.18163022980965	1.42060726451754	1.56072461840530	1.63950729497279	0.672681202353686	2.36744406822121	2.03246193883083	1.33544127627748	1.56332049849354	1.25822295321616
0.743303437365925	1.24348301154459	1.90114217164230	2.36194174226558	1.87700864633933	2.29385358051578	1.50020831886775	2.00631312612642	1.20959704034029	0.596343022093828	2.38625131352092	1.80525481155364	2.31135792289859	0.0750000000000000	1.82379373796376	2.15327354139852	2.28639751118050	1.08224304109567	1.86273936093946	2.54189324629977	1.71410823054750	1.77200451466694	1.35300591277348	1.89020442184006	1.96898709840754	0.145773797371133	2.69692387165597	2.36194174226558	1.66492107971223	1.89280030192829	0.555090082779363
0.876427407147905	0.656220237420334	2.03426614142428	2.49506571204756	2.01013261612131	2.42697755029776	0.254950975679639	2.13943709590840	1.58113883008419	1.65718134191766	2.51937528330290	1.93837878133562	2.44448189268057	1.26342787684933	1.95691770774574	2.28639751118050	2.41952148096248	1.08656569060504	1.99586333072144	2.67501721608175	1.84723220032948	1.22193494098499	1.83439363278441	2.02332839162204	2.10211106818952	1.15352719950593	2.83004784143795	2.49506571204756	1.79804504949421	2.02592427171027	1.77094607484248
0.895284707521048	1.59228146007763	0.430116263352131	1.06066017177982	0.596343022093828	0.559016994374948	2.19138707399537	0.938416218956173	1.83209746422518	1.90047686575014	0.673145600891813	0.559016994374948	0.637377439199098	1.73509697507953	0.743303437365925	1.08224304109567	1.08656569060504	1.45723608170876	0.459619407771256	1.27475487839820	0.106066017177982	2.09272778059213	2.06973359272503	0.505593710403917	0.883883476483184	1.69932881338681	1.67705098312484	0.750000000000000	0.145773797371133	0.608789783094296	2.07714839940006
0.452769256906871	0.886707392548410	1.61060799118325	2.07140756180653	1.58647446588027	2.00331940005672	1.58212673322967	1.71577894566737	0.436606229914325	0.520216301167120	2.09571713306187	1.51472063109458	2.02082374243953	0.704006392016436	1.53325955750471	1.86273936093946	1.99586333072144	0.459619407771256	1.57220518048041	2.25135906584071	1.42357405008845	1.18004237212059	0.618970920156997	1.59967024138100	1.67845291794848	0.749166203188585	2.40638969119691	2.07140756180653	1.37438689925318	1.60226612146924	0.760345316287278
1.13192314226718	0.790569415042095	2.28976187654356	2.75056144716683	2.26562835124058	2.68247328541703	0.225000000000000	2.39493283102767	1.77992275113276	1.94052183703250	2.77487101842218	2.19387451645489	2.69997762779984	1.56624551076771	2.21241344286502	2.54189324629977	2.67501721608175	1.27475487839820	2.25135906584072	2.93051295120102	2.10272793544875	1.23743686707646	2.03485257451246	2.27882412674131	2.35760680330879	1.45773797371133	3.08554357655722	2.75056144716683	2.05354078461348	2.28142000682954	2.06594409411291
0.304138126514911	0.431566912540802	1.46197686079129	1.92277643141457	1.43784333548831	1.85468826966476	1.24121915873064	1.56714781527541	0.594243216200236	0.972432516938836	1.94708600266991	1.36608950070263	1.87219261204758	0.946374661537385	1.38462842711275	1.71410823054750	1.84723220032948	0.106066017177982	1.42357405008845	2.10272793544875	1.27494291969649	0.761577310586391	0.848896342317482	1.45103911098904	1.52982178755653	0.928035559663529	2.25775856080495	1.92277643141457	1.22575576886122	1.45363499107728	1.19085053638146
1.53077640640442	2.22777315896099	1.13633181773635	1.77658380044399	1.32500000000000	0.176776695296637	2.82687877287873	1.34837865601618	2.46758916310855	2.53596856463350	1.06800046816469	1.28695376762338	1.11803398874990	2.37058867396290	1.18163022980965	1.77200451466694	1.22193494098499	2.09272778059213	1.18004237212059	1.23743686707646	0.761577310586391	2.72821947947550	2.70522529160840	0.711073132666395	1.27475487839820	2.33482051227018	2.15783456270401	1.28695376762338	0.807774721070176	0.848896342317482	2.71264009828343
1.50778221853732	2.20477897109390	0.548292804986533	0.875000000000000	0.755810822891549	1.06800046816469	2.80388458501164	1.60351177108246	2.44459497524145	2.51297437676641	0.176776695296637	0.800390529679106	0.125000000000000	2.34759448609580	1.42060726451754	1.35300591277348	1.83439363278441	2.06973359272503	0.618970920156997	2.03485257451246	0.848896342317482	2.70522529160840	2.68223110374130	1.26589889011722	1.56624551076771	2.31182632440308	2.21147575161927	0.125000000000000	0.862046982478333	1.36427636496423	2.68964591041633
0.480234317807464	0.0750000000000000	1.63807305208384	2.09887262270712	1.61393952678087	2.03078446095731	0.850000000000000	1.74324400656796	1.01118742080783	1.31196417634019	2.12318219396246	1.54218569199518	2.04828880334013	1.11635567808831	1.56072461840530	1.89020442184006	2.02332839162204	0.505593710403917	1.59967024138100	2.27882412674131	1.45103911098904	0.711073132666395	1.26589889011722	1.62713530228159	1.70591797884908	1.05148704224065	2.43385475209751	2.09887262270712	1.40185196015377	1.62973118236983	1.49540964287382
0.559016994374948	0.637377439199098	1.71685572865133	2.17765529927460	1.69272220334835	2.10956713752480	0.642748006609122	1.82202668313544	1.32500000000000	1.25623445264011	2.20196487052995	1.62096836856266	2.12707147990761	0.838525491562421	1.63950729497279	1.96898709840754	2.10211106818952	0.883883476483184	1.67845291794848	2.35760680330879	1.52982178755653	1.27475487839820	1.56624551076771	1.70591797884908	1.78470065541656	0.728868986855663	2.51263742866499	2.17765529927460	1.48063463672125	1.70851385893731	1.35300591277348
1.13737743919910	1.83437419175568	0.827647267862342	0.790569415042095	0.596343022093828	1.52069063257456	2.43347980567342	0.693271231193102	2.07419019590323	2.14256959742819	1.39754248593737	0.559016994374948	1.28695376762338	1.97718970675758	0.672681202353686	0.145773797371133	1.15352719950593	1.69932881338681	0.749166203188585	1.45773797371133	0.928035559663529	2.33482051227018	2.31182632440308	1.05148704224065	0.728868986855663	1.94142154506486	0.901387818865997	1.25000000000000	0.878208403512515	0.985203024761902	2.31924113107811
1.28695376762338	1.52069063257456	2.44479250189975	2.90559207252303	2.42065897659678	2.83750391077323	1.14044947279570	2.54996345638387	2.01075234675979	1.56624551076771	2.92990164377837	2.34890514181109	2.85500825315604	1.00778221853732	2.36744406822121	2.69692387165597	2.83004784143795	1.67705098312484	2.40638969119691	3.08554357655722	2.25775856080495	2.15783456270401	2.21147575161927	2.43385475209751	2.51263742866499	0.901387818865997	3.24057420191342	2.90559207252303	2.20857140996968	2.43645063218574	1.51017383105390
0.951971638232989	1.25000000000000	2.10981037250937	2.57060994313264	2.08567684720639	2.50252178138284	2.05563250606717	2.21498132699348	0.261007662722764	0.760345316287278	2.59491951438799	2.01392301242070	2.52002612376565	1.17924764150708	2.03246193883083	2.36194174226558	2.49506571204756	0.750000000000000	2.07140756180653	2.75056144716683	1.92277643141457	1.28695376762338	0.125000000000000	2.09887262270712	2.17765529927460	1.25000000000000	2.90559207252303	2.57060994313264	1.87358928057929	2.10146850279535	1.00280855600658
0.254950975679639	0.443001128666734	1.41278970995602	1.87358928057929	1.38865618465304	1.80550111882949	1.22601998352392	1.51796066444013	0.608789783094296	0.938416218956173	1.89789885183464	1.31690234986735	1.82300546121230	0.897566153550812	1.33544127627748	1.66492107971223	1.79804504949421	0.145773797371133	1.37438689925318	2.05354078461348	1.22575576886122	0.807774721070176	0.862046982478333	1.40185196015377	1.48063463672125	0.878208403512515	2.20857140996968	1.87358928057929	1.17656861802595	1.40444784024201	1.15244305716161
0.482830197895699	0.213600093632938	1.64066893217208	2.10146850279535	1.61653540686910	2.03338034104555	0.728868986855663	1.74583988665619	1.10961705105861	1.32003787824441	2.12577807405070	1.54478157208341	2.05088468342836	1.06301458127347	1.56332049849354	1.89280030192829	2.02592427171027	0.608789783094296	1.60226612146924	2.28142000682954	1.45363499107728	0.848896342317482	1.36427636496423	1.62973118236983	1.70851385893731	0.985203024761902	2.43645063218574	2.10146850279535	1.40444784024201	1.63232706245807	1.48408220796558
1.51519702521235	2.21219377776893	0.817389136213591	0.261007662722764	0.610327780786685	1.76227835485771	2.81129939168667	1.33416640641263	2.45200978191648	2.52038918344144	1.25099960031968	0.656220237420334	1.12611056295552	2.35500929277083	1.25822295321616	0.555090082779363	1.77094607484248	2.07714839940006	0.760345316287278	2.06594409411291	1.19085053638146	2.71264009828343	2.68964591041633	1.49540964287382	1.35300591277348	2.31924113107811	1.51017383105390	1.00280855600658	1.15244305716161	1.48408220796558	2.69706071709136


tasktime（1）
0
1.19699675255658
1.15783873427638
1.61863830489966
1.13370520897340
1.55055014314985
1.79610236647432
1.26300968876049
1.43681275670413
1.50519215822909
1.64294787615500
1.06195137418771
1.56805448553266
1.33981226755848
1.08049030059784
1.40997010403259
1.54309407381457
1.06195137418771
1.11943592357354
1.79858980893384
0.970804793181578
1.69744307307108
1.67444888520399
1.14690098447413
1.22568366104161
1.30404410586577
1.95362043429004
1.61863830489966
0.921617642346306
1.14949686456237
1.68186369187901



tasktime（2）
0
0.166666666666667
0.166666666666667
0.166666666666667
0.166666666666667
0.166666666666667
0.166666666666667
0.166666666666667
0.166666666666667
0.166666666666667
0.166666666666667
0.166666666666667
0.166666666666667
0.166666666666667
0.166666666666667
0.166666666666667
0.166666666666667
0.166666666666667
0.166666666666667
0.166666666666667
0.166666666666667
0.166666666666667
0.166666666666667
0.166666666666667
0.166666666666667
0.166666666666667
0.166666666666667
0.166666666666667
0.166666666666667
0.166666666666667
0.166666666666667