task 1:
目标函数：306.709
决策变量：
x
t1  （大小 4）	t1  （大小 4）	v1  （大小 2）	值
1	1	1	0
1	1	2	0
1	2	1	0
1	2	2	0
1	3	1	1
1	3	2	0
1	4	1	0
1	4	2	0
2	1	1	0
2	1	2	0
2	2	1	0
2	2	2	0
2	3	1	0
2	3	2	0
2	4	1	0
2	4	2	0
3	1	1	0
3	1	2	0
3	2	1	0
3	2	2	0
3	3	1	0
3	3	2	0
3	4	1	0
3	4	2	0
4	1	1	0
4	1	2	0
4	2	1	0
4	2	2	0
4	3	1	0
4	3	2	0
4	4	1	0
4	4	2	0

y
t1  （大小 4）	值
1	0
2	1.11657858855231
3	0
4	2.22624638388422

时间：0.19秒

task 2：
目标函数：320.42
决策变量：
x
t1  （大小 4）	t1  （大小 4）	v1  （大小 2）	值
1	1	1	0
1	1	2	
1	2	1	
1	2	2	
1	3	1	
1	3	2	
1	4	1	
1	4	2	
2	1	1	
2	1	2	
2	2	1	
2	2	2	
2	3	1	1
2	3	2	
2	4	1	0
2	4	2	0
3	1	1	1
3	1	2	0
3	2	1	0
3	2	2	0
3	3	1	0
3	3	2	0
3	4	1	0
3	4	2	0
4	1	1	0
4	1	2	0
4	2	1	0
4	2	2	0
4	3	1	0
4	3	2	0
4	4	1	0
4	4	2	0

y
t1  （大小 4）	值
1	0
2	2.35055014315033
3	2.66299060718877
4	0.883883476483175

时间：0.14