最优解为:701.2803
最优解路径:

Best_route =

  1 至 24 列

    19    28     1    34    15    14    30     9     3    17    16    38    13    27    18     7    24    20    29    23     8    12     0     0
     0     0     0     0     0     0     0     0     0     0     0     0     0     0     0     0     0     0     0     0     0     0     0     0
     0     0     0     0     0     0     0     0     0     0     0     0     0     0     0     0     0     0     0     0     0     0     0     0
     0     0     0     0     0     0     0     0     0     0     0     0     0     0     0     0     0     0     0     0     0     0     0     0
     0     0     0     0     0     0     0     0     0     0     0     0     0     0     0     0     0     0     0     0     0     0     0     0
     0     0     0     0     0     0     0     0     0     0     0     0     0     0     0     0     0     0     0     0     0     0     0     0
    33     6    37    22    26    10    40     2    31    11    36    25    39     4    21    35     5    32     0     0     0     0     0     0
     0     0     0     0     0     0     0     0     0     0     0     0     0     0     0     0     0     0     0     0     0     0     0     0
     0     0     0     0     0     0     0     0     0     0     0     0     0     0     0     0     0     0     0     0     0     0     0     0
     0     0     0     0     0     0     0     0     0     0     0     0     0     0     0     0     0     0     0     0     0     0     0     0

  25 至 41 列

     0     0     0     0     0     0     0     0     0     0     0     0     0     0     0     0     0
     0     0     0     0     0     0     0     0     0     0     0     0     0     0     0     0     0
     0     0     0     0     0     0     0     0     0     0     0     0     0     0     0     0     0
     0     0     0     0     0     0     0     0     0     0     0     0     0     0     0     0     0
     0     0     0     0     0     0     0     0     0     0     0     0     0     0     0     0     0
     0     0     0     0     0     0     0     0     0     0     0     0     0     0     0     0     0
     0     0     0     0     0     0     0     0     0     0     0     0     0     0     0     0     0
     0     0     0     0     0     0     0     0     0     0     0     0     0     0     0     0     0
     0     0     0     0     0     0     0     0     0     0     0     0     0     0     0     0     0
     0     0     0     0     0     0     0     0     0     0     0     0     0     0     0     0     0

本次运算用时:219.43秒
算法在第148代时收敛

best
1046.45452871375
1039.23242382679
1039.23242382679
1030.15534362472
1030.15534362472
1030.15534362472
1030.15534362472
1030.15534362472
1030.15534362472
737.539378996756
737.539378996756
728.114432208493
728.114432208493
724.611886047900
724.611886047900
724.611886047900
723.746793339050
723.746793339050
723.746793339050
723.746793339050
722.156382163323
716.585621551205
716.585621551205
716.585621551205
716.585621551205
709.318292751550
709.318292751550
709.318292751550
709.318292751550
709.318292751550
709.318292751550
708.378203734966
708.378203734966
708.378203734966
708.378203734966
708.378203734966
708.378203734966
708.378203734966
708.378203734966
708.378203734966
708.378203734966
706.867972752232
706.867972752232
706.867972752232
706.867972752232
706.867972752232
702.793784714294
702.793784714294
702.793784714294
702.793784714294
702.793784714294
702.793784714294
702.793784714294
702.793784714294
702.793784714294
702.793784714294
702.793784714294
702.793784714294
702.793784714294
702.793784714294
702.793784714294
702.793784714294
702.793784714294
702.793784714294
702.793784714294
702.793784714294
702.793784714294
702.793784714294
702.793784714294
702.793784714294
702.793784714294
702.793784714294
702.793784714294
702.793784714294
702.793784714294
702.793784714294
702.793784714294
702.793784714294
702.793784714294
702.793784714294
702.793784714294
702.793784714294
702.793784714294
702.793784714294
702.793784714294
702.793784714294
702.793784714294
702.793784714294
702.793784714294
702.793784714294
702.793784714294
702.793784714294
702.793784714294
702.793784714294
702.793784714294
702.793784714294
702.793784714294
702.793784714294
702.793784714294
702.793784714294
702.793784714294
702.793784714294
702.793784714294
702.793784714294
702.793784714294
702.793784714294
702.793784714294
702.793784714294
702.793784714294
702.793784714294
702.793784714294
702.793784714294
702.793784714294
702.793784714294
702.793784714294
702.793784714294
702.793784714294
702.793784714294
702.793784714294
702.793784714294
702.793784714294
702.793784714294
702.793784714294
702.793784714294
702.101420924189
702.101420924189
702.101420924189
702.101420924189
702.101420924189
702.101420924189
702.101420924189
702.101420924189
702.101420924189
702.101420924189
702.101420924189
702.101420924189
702.101420924189
702.101420924189
702.101420924189
702.101420924189
702.101420924189
702.101420924189
702.101420924189
702.101420924189
702.101420924189
702.101420924189
702.101420924189
701.280345997893
701.280345997893
701.280345997893
701.280345997893
701.280345997893
701.280345997893
701.280345997893
701.280345997893
701.280345997893
701.280345997893
701.280345997893
701.280345997893
701.280345997893
701.280345997893
701.280345997893
701.280345997893
701.280345997893
701.280345997893
701.280345997893
701.280345997893
701.280345997893
701.280345997893
701.280345997893
701.280345997893
701.280345997893
701.280345997893
701.280345997893
701.280345997893
701.280345997893
701.280345997893
701.280345997893
701.280345997893
701.280345997893
701.280345997893
701.280345997893
701.280345997893
701.280345997893
701.280345997893
701.280345997893
701.280345997893
701.280345997893
701.280345997893
701.280345997893
701.280345997893
701.280345997893
701.280345997893
701.280345997893
701.280345997893
701.280345997893
701.280345997893
701.280345997893
701.280345997893
701.280345997893
701.280345997893
701.280345997893
701.280345997893
701.280345997893
701.280345997893
701.280345997893
701.280345997893
701.280345997893
701.280345997893
701.280345997893
701.280345997893
701.280345997893
701.280345997893
701.280345997893
701.280345997893
701.280345997893
701.280345997893
701.280345997893
701.280345997893
701.280345997893
701.280345997893
701.280345997893
701.280345997893
701.280345997893
701.280345997893
701.280345997893
701.280345997893
701.280345997893
701.280345997893
701.280345997893
701.280345997893
701.280345997893
701.280345997893
701.280345997893
701.280345997893
701.280345997893
701.280345997893
701.280345997893
701.280345997893
701.280345997893
701.280345997893
701.280345997893
701.280345997893
701.280345997893
701.280345997893
701.280345997893
701.280345997893
701.280345997893
701.280345997893
701.280345997893
701.280345997893
701.280345997893
701.280345997893
701.280345997893
701.280345997893
701.280345997893
701.280345997893
701.280345997893
701.280345997893
701.280345997893
701.280345997893
701.280345997893
701.280345997893
701.280345997893
701.280345997893
701.280345997893
701.280345997893
701.280345997893
701.280345997893
701.280345997893
701.280345997893
701.280345997893
701.280345997893
701.280345997893
701.280345997893
701.280345997893
701.280345997893
701.280345997893
701.280345997893
701.280345997893
701.280345997893
701.280345997893
701.280345997893
701.280345997893
701.280345997893
701.280345997893
701.280345997893
701.280345997893
701.280345997893
701.280345997893
701.280345997893
701.280345997893
701.280345997893
701.280345997893
701.280345997893
701.280345997893
701.280345997893
701.280345997893
701.280345997893
701.280345997893
701.280345997893
701.280345997893
701.280345997893
701.280345997893
701.280345997893
701.280345997893
701.280345997893
701.280345997893
701.280345997893
701.280345997893
701.280345997893
701.280345997893
701.280345997893
701.280345997893
701.280345997893
701.280345997893
701.280345997893
701.280345997893
701.280345997893
701.280345997893
701.280345997893
701.280345997893
701.280345997893
701.280345997893
701.280345997893
701.280345997893
701.280345997893
701.280345997893
701.280345997893
701.280345997893
701.280345997893
701.280345997893
701.280345997893
701.280345997893
701.280345997893
701.280345997893
701.280345997893
701.280345997893
701.280345997893
701.280345997893
701.280345997893
701.280345997893
701.280345997893
701.280345997893
701.280345997893
701.280345997893
701.280345997893
701.280345997893
701.280345997893
701.280345997893
701.280345997893
701.280345997893
701.280345997893
701.280345997893
701.280345997893
701.280345997893
701.280345997893
701.280345997893
701.280345997893
701.280345997893
701.280345997893
701.280345997893
701.280345997893
701.280345997893
701.280345997893
701.280345997893
701.280345997893
701.280345997893
701.280345997893
701.280345997893
701.280345997893
701.280345997893
701.280345997893
701.280345997893
701.280345997893
701.280345997893
701.280345997893
701.280345997893
701.280345997893
701.280345997893
701.280345997893
701.280345997893
701.280345997893
701.280345997893
701.280345997893
701.280345997893
701.280345997893
701.280345997893
701.280345997893
701.280345997893
701.280345997893
701.280345997893
701.280345997893
701.280345997893
701.280345997893
701.280345997893
701.280345997893
701.280345997893
701.280345997893
701.280345997893
701.280345997893
701.280345997893
701.280345997893
701.280345997893
701.280345997893
701.280345997893
701.280345997893
701.280345997893
701.280345997893
701.280345997893
701.280345997893
701.280345997893
701.280345997893
701.280345997893
701.280345997893
701.280345997893
701.280345997893
701.280345997893
701.280345997893
701.280345997893
701.280345997893
701.280345997893
701.280345997893
701.280345997893
701.280345997893
701.280345997893
701.280345997893
701.280345997893
701.280345997893
701.280345997893
701.280345997893
701.280345997893
701.280345997893
701.280345997893
701.280345997893
701.280345997893
701.280345997893
701.280345997893
701.280345997893
701.280345997893
701.280345997893
701.280345997893
701.280345997893
701.280345997893
701.280345997893
701.280345997893
701.280345997893
701.280345997893
701.280345997893
701.280345997893
701.280345997893
701.280345997893
701.280345997893
701.280345997893
701.280345997893
701.280345997893
701.280345997893
701.280345997893
701.280345997893
701.280345997893
701.280345997893
701.280345997893
701.280345997893
701.280345997893
701.280345997893
701.280345997893
701.280345997893
701.280345997893
701.280345997893
701.280345997893
701.280345997893
701.280345997893
701.280345997893
701.280345997893
701.280345997893
701.280345997893
701.280345997893
701.280345997893
701.280345997893
701.280345997893
701.280345997893
701.280345997893
701.280345997893
701.280345997893
701.280345997893
701.280345997893
701.280345997893
701.280345997893
701.280345997893
701.280345997893
701.280345997893
701.280345997893
701.280345997893
701.280345997893
701.280345997893
701.280345997893
701.280345997893
701.280345997893
701.280345997893
701.280345997893

ave
1248.95205569863
1203.89626525702
1260.38277652364
1195.44201727775
1185.41644143268
1163.78645331262
1306.19320759132
1158.12181309927
1328.12445500107
1163.21191794662
1141.49956076261
1216.99312385922
1131.68571517010
1114.69292749944
1063.79288566300
1132.60249426476
1091.18714391484
1212.40154739149
1062.07135768004
1028.91424577938
1019.56458624471
1002.80047544676
1085.47921516831
1146.30423856088
1115.81098443471
1093.12262592078
1104.65994891336
1080.93447635744
1055.53201002394
1034.67618527153
1111.85375006649
936.266831703467
1101.00493812939
1085.41753614497
1143.40323260741
1020.68304360635
961.410121647112
1094.70881964984
1049.01863236884
964.646151464544
1019.88131522513
1065.37655993027
1045.60531832067
1003.02140170535
895.717406449863
893.695772514796
942.468661517240
941.991129488407
909.782316960392
909.927147235825
953.695732179813
923.047564118650
877.929209499751
953.917587898763
876.510043938387
908.119549137419
951.801370456669
862.573806795254
877.875207849686
805.758921188534
830.368251111278
801.391532997484
814.653416048072
816.603792127480
816.963831375885
798.256798636766
847.766350170459
815.245289354366
799.043931689833
814.401632269250
738.028843820813
798.692648428168
816.746843476462
798.934965903590
770.177962978358
737.448366693733
784.994862721465
782.407639903702
754.636966981273
755.554388009213
723.021964758990
755.137485714257
766.557547238678
721.485778925696
721.520795609208
753.136029081160
722.272098618265
709.355311350791
722.700707864012
766.863954112529
723.068035526661
722.282623315696
756.601944855330
721.419400584834
705.359624225805
736.660640610382
768.475381756495
719.783388277918
736.816752291169
735.933864647033
720.563978422259
721.379710139265
770.003890050640
735.655762868348
779.491015599221
706.627277506719
706.435580135269
737.549018831943
752.872561382832
720.262334633913
768.199771426389
734.513990771822
705.674067517860
750.677093640638
704.054777857291
749.548314567392
705.892048799732
754.771068152266
704.115667540928
738.112560145768
738.226912051605
750.783830413721
781.952128338586
703.972780468569
779.991906606557
705.920482088834
736.165431495637
734.981177138981
752.802580631432
734.995093098821
704.964774017809
735.641671254152
705.432123449304
751.044512800132
767.390765329316
721.132102796056
734.504164210852
751.158800486210
719.082592871971
718.607416295488
736.759697409013
736.486670297863
753.042673471251
734.788675127932
704.475822360763
734.145583181826
751.310983541883
720.397465606087
704.226270917773
704.438598964023
735.660812222812
734.246741483489
769.686482206983
704.020273284119
766.899051698277
749.545460029377
705.639838154213
738.041973549936
723.305190409775
724.459289754757
747.911055204072
786.643738183989
751.600553524957
704.444360634338
703.202044949081
738.987694406565
780.577366176154
705.002826196059
721.266280262271
719.000364351882
703.698117372513
766.095937643026
754.084937082232
752.434303624826
783.826023854306
734.517863551064
719.309431497482
703.773708497582
703.124337215791
705.827307434408
751.343359714527
717.272470126227
768.716004243824
751.984486821337
767.294749195878
720.576664047275
734.824611320619
722.057621876158
749.939308511780
736.021386786282
721.519716786707
751.023558502917
740.256453117704
704.983756037177
734.496471801841
749.497333461999
717.947999503150
702.373410035533
737.318640597888
735.433897732255
717.130333676158
720.250433752873
721.594811693807
720.000225002991
736.063736507620
750.695269433386
736.077501740338
704.126328901318
734.943615791712
720.305840666453
754.774131912533
703.631208441732
735.585432877387
734.666480095552
720.785378275929
719.645119889529
705.096144757522
736.056518998756
735.016398418214
733.177659190974
722.221222130716
718.877207213001
718.138396804754
719.872694888528
719.638932205458
736.402104881345
734.258085088649
722.012271055321
721.741149709648
735.414313628738
722.009099332604
721.027075431835
766.211811316353
735.809985467066
718.004491166654
719.609235542739
736.157095871090
719.047207419102
733.479655821484
764.447042091862
734.953842506314
751.228005841957
718.026481266441
719.133850511391
704.915289066937
733.656750254948
722.504699342086
703.543464205985
703.827110953678
721.048561898633
702.480150984838
767.269388167258
719.025227483926
720.114170658637
782.750778975386
717.742941128036
766.511928619085
736.505340000715
749.423101569823
751.065747383864
731.295438593438
719.200512817141
705.789287523119
751.913050893865
705.734332782541
749.607915996598
720.303312336766
735.262593190230
735.988733458142
720.480557975223
738.120465760864
751.349173328335
717.735079935958
735.758626429747
717.942203489545
736.843513114784
764.318063120943
734.549633562835
732.513737070568
720.437123561646
736.765260905145
750.281373246405
750.096954565226
747.834784124227
702.215633042961
717.522651109504
718.756333681891
752.502020606138
718.408018742453
722.966867574220
732.173251114732
736.183797159580
736.569796455781
720.851404312459
717.251321690602
720.491991694138
719.006652092046
749.771038461718
705.673164406216
767.847877592439
737.534911366845
754.112863119928
719.906013434513
720.354012867018
751.959116795904
778.581313177834
749.568030805522
748.631357819561
721.635828715761
734.676490049623
735.445249767863
735.786380917632
704.665004671767
702.968070013176
735.963968403619
737.044507314207
705.175415921001
717.857819604115
705.294718925776
733.013473246314
723.658159553462
738.415666466320
751.021400057260
721.424700413523
719.069399115926
719.320464384838
716.782127727124
718.323201430799
750.010111030319
752.030921355690
719.878523816124
719.270479141063
746.767599078100
736.040640926332
735.495524134751
702.573347604021
749.316055304840
737.244402778662
734.818194804351
718.510798479605
737.372958840092
702.606935544381
720.246229575238
721.398403280409
705.949066250994
735.049880125884
719.080321400607
717.839478418991
719.267710673246
785.694856570787
748.349573544094
753.021046429056
703.401506956796
734.778480105742
720.399588217569
768.923015511749
748.586416423365
734.556042422486
735.282302164762
720.822144474618
705.389744768935
737.309664586702
716.607258921825
704.896649338084
734.065845791951
719.385444887967
750.983345136330
720.226613401096
702.687792744665
752.083339515500
718.824428152042
735.274995520644
734.101209349126
701.280345997893
762.441958349234
782.011787767762
718.313998929272
720.896149986808
734.581016508261
733.781972139046
750.213723464871
733.125956596654
768.272906358973
705.272780061486
754.034766322194
734.392095510165
749.349179881432
720.214283952072
736.350552301282
702.930268025283
737.727799778316
718.812794517507
780.434443898532
731.325044822458
749.716309803742
704.462928314297
720.226247035851
764.137352090652
736.792842565265
722.173814062119
732.502182385646
735.665795274598
708.271739407875
721.001727827985
719.582185301446
734.997513397240
768.125355933159
749.176436330079
719.490795218107
810.581780817052
717.047744645492
778.845411733772
734.370346129340
719.867074721766
719.279875578927
734.092860555548
749.198233561180
705.984366654054
798.802357930547
733.395118769055
753.114723863116
750.010024334812
717.186434201815
781.099590936364
735.198115318000
733.604900221604
721.947595467082
718.417994199156
733.137214388688
703.373526290156
702.664751146549
704.406843854187
796.451484320604
701.698288384667
749.073550313316
717.780739204288
722.549398068959
766.423084864628
734.752112368997
753.715884765455
750.318938789909
736.108979142253
733.952455443760
753.158168856685
724.879895873860
719.211890991044
719.866661656678
736.658365230433
703.781161820291
765.357790347909
703.921025099686
752.436413647410
734.062291232973
718.663922072217
721.283353551978
720.842391589105
704.833069539678
707.588871875808
732.602110121131
739.408253062670
736.960938691351
718.185847319715
703.194604573787
716.558691534249
766.188651159048
737.563510919422
721.341323276479
748.707133029024
703.112129182028
734.678913012287
750.709634212112
764.164947151958
733.786427362322
751.001345848331
735.231156437898
736.192381470734
702.472256056161
720.519768485195
748.440512244323
735.223575025862
704.200314395588
717.910868597798
737.174255840391
718.127612208067
783.725509852696
733.830291525161
703.460057576581
809.392428242059
718.317884941831
764.061237379108
703.694247496809
748.512114096742
750.750664245217
782.869369241516
740.394227725039
766.350890473419
703.174244196596
738.305977898890
751.677414855332
719.281139781628