task 1：
目标函数值:308.25
决策变量：
x
t1  （大小 4）	t1  （大小 4）	v1  （大小 2）	值
1	1	1	0
1	1	2	0
1	2	1	1
1	2	2	0
1	3	1	0
1	3	2	0
1	4	1	0
1	4	2	0
2	1	1	0
2	1	2	0
2	2	1	0
2	2	2	0
2	3	1	0
2	3	2	0
2	4	1	0
2	4	2	0
3	1	1	0
3	1	2	0
3	2	1	0
3	2	2	0
3	3	1	0
3	3	2	0
3	4	1	0
3	4	2	0
4	1	1	0
4	1	2	0
4	2	1	0
4	2	2	0
4	3	1	0
4	3	2	0
4	4	1	0
4	4	2	1

y
t1  （大小 4）	值
1	0
2	0.883883476483184
3	2.4344336196303
4	3.80286493622983

时间：0.17秒

task 2：
目标函数值：321.599
决策变量：
x
t1  （大小 4）	t1  （大小 4）	v1  （大小 2）	值
1	1	1	0
1	1	2	0
1	2	1	0
1	2	2	0
1	3	1	0
1	3	2	0
1	4	1	0
1	4	2	0
2	1	1	0
2	1	2	0
2	2	1	0
2	2	2	0
2	3	1	0
2	3	2	0
2	4	1	0
2	4	2	0
3	1	1	0
3	1	2	0
3	2	1	0
3	2	2	0
3	3	1	0
3	3	2	0
3	4	1	0
3	4	2	0
4	1	1	0
4	1	2	0
4	2	1	0
4	2	2	0
4	3	1	0
4	3	2	0
4	4	1	0
4	4	2	0

y
t1  （大小 4）	值
1	0
2	2.7642233527993
3	1.51531364603606
4	0.967038542306735

时间：0.19秒