最优解为:937.4013
最优解路径:

Best_route =

  1 至 24 列

     0     0     0     0     0     0     0     0     0     0     0     0     0     0     0     0     0     0     0     0     0     0     0     0
     0     0     0     0     0     0     0     0     0     0     0     0     0     0     0     0     0     0     0     0     0     0     0     0
     0     0     0     0     0     0     0     0     0     0     0     0     0     0     0     0     0     0     0     0     0     0     0     0
    18    13    24    16    22    28    27    20    10    29     5     0     0     0     0     0     0     0     0     0     0     0     0     0
    14    25     6    26     1    17    12    15     2     8     7     0     0     0     0     0     0     0     0     0     0     0     0     0
     0     0     0     0     0     0     0     0     0     0     0     0     0     0     0     0     0     0     0     0     0     0     0     0
     4    19    23     9    11    21    30     3     0     0     0     0     0     0     0     0     0     0     0     0     0     0     0     0

  25 至 31 列

     0     0     0     0     0     0     0
     0     0     0     0     0     0     0
     0     0     0     0     0     0     0
     0     0     0     0     0     0     0
     0     0     0     0     0     0     0
     0     0     0     0     0     0     0
     0     0     0     0     0     0     0

本次运算用时:101.031秒
算法在第308代时收敛

best
962.268752422654
962.268752422654
956.789666522659
956.789666522659
951.998396622104
951.683352432871
951.683352432871
949.852557718164
949.852557718164
946.635552193203
943.804978378464
943.804978378464
943.804978378464
943.804978378464
943.689795374814
938.469515543596
938.469515543596
938.469515543596
938.469515543596
938.469515543596
938.469515543596
938.469515543596
938.469515543596
937.846554346541
937.846554346541
937.846554346541
937.846554346541
937.846554346541
937.846554346541
937.846554346541
937.846554346541
937.846554346541
937.846554346541
937.403597866630
937.403597866630
937.403597866630
937.403597866630
937.403597866630
937.403597866630
937.403597866630
937.403597866630
937.403597866630
937.403597866630
937.403597866630
937.403597866630
937.403597866630
937.403597866630
937.403597866630
937.403597866630
937.403597866630
937.403597866630
937.403597866630
937.403597866630
937.403597866630
937.403597866630
937.403597866630
937.403597866630
937.403597866630
937.403597866630
937.403597866630
937.403597866630
937.403597866630
937.403597866630
937.403597866630
937.403597866630
937.403597866630
937.403597866630
937.403597866630
937.403597866630
937.403597866630
937.403597866630
937.403597866630
937.403597866630
937.403597866630
937.403597866630
937.403597866630
937.403597866630
937.403597866630
937.403597866630
937.403597866630
937.403597866630
937.403597866630
937.403597866630
937.403597866630
937.403597866630
937.403597866630
937.403597866630
937.403597866630
937.403597866630
937.403597866630
937.403597866630
937.403597866630
937.403597866630
937.403597866630
937.403597866630
937.403597866630
937.403597866630
937.403597866630
937.403597866630
937.403597866630
937.403597866630
937.403597866630
937.403597866630
937.403597866630
937.403597866630
937.403597866630
937.403597866630
937.403597866630
937.403597866630
937.403597866630
937.403597866630
937.403597866630
937.403597866630
937.403597866630
937.403597866630
937.403597866630
937.403597866630
937.403597866630
937.403597866630
937.403597866630
937.403597866630
937.403597866630
937.403597866630
937.403597866630
937.403597866630
937.403597866630
937.403597866630
937.403597866630
937.403597866630
937.403597866630
937.403597866630
937.403597866630
937.403597866630
937.403597866630
937.403597866630
937.403597866630
937.403597866630
937.403597866630
937.403597866630
937.403597866630
937.403597866630
937.403597866630
937.403597866630
937.403597866630
937.403597866630
937.403597866630
937.403597866630
937.403597866630
937.403597866630
937.403597866630
937.403597866630
937.403597866630
937.403597866630
937.403597866630
937.403597866630
937.403597866630
937.403597866630
937.403597866630
937.403597866630
937.403597866630
937.403597866630
937.403597866630
937.403597866630
937.403597866630
937.403597866630
937.403597866630
937.403597866630
937.403597866630
937.403597866630
937.403597866630
937.403597866630
937.403597866630
937.403597866630
937.403597866630
937.403597866630
937.403597866630
937.403597866630
937.403597866630
937.403597866630
937.403597866630
937.403597866630
937.403597866630
937.403597866630
937.403597866630
937.403597866630
937.403597866630
937.403597866630
937.403597866630
937.403597866630
937.403597866630
937.403597866630
937.403597866630
937.403597866630
937.403597866630
937.403597866630
937.403597866630
937.403597866630
937.403597866630
937.403597866630
937.403597866630
937.403597866630
937.403597866630
937.403597866630
937.403597866630
937.403597866630
937.403597866630
937.403597866630
937.403597866630
937.403597866630
937.403597866630
937.403597866630
937.403597866630
937.403597866630
937.403597866630
937.403597866630
937.403597866630
937.403597866630
937.403597866630
937.403597866630
937.403597866630
937.403597866630
937.403597866630
937.403597866630
937.403597866630
937.403597866630
937.403597866630
937.403597866630
937.403597866630
937.403597866630
937.403597866630
937.403597866630
937.403597866630
937.403597866630
937.403597866630
937.403597866630
937.403597866630
937.403597866630
937.403597866630
937.403597866630
937.403597866630
937.403597866630
937.403597866630
937.403597866630
937.403597866630
937.403597866630
937.403597866630
937.403597866630
937.403597866630
937.403597866630
937.403597866630
937.403597866630
937.403597866630
937.403597866630
937.403597866630
937.403597866630
937.403597866630
937.403597866630
937.403597866630
937.403597866630
937.403597866630
937.403597866630
937.403597866630
937.403597866630
937.403597866630
937.403597866630
937.403597866630
937.403597866630
937.403597866630
937.403597866630
937.403597866630
937.403597866630
937.403597866630
937.403597866630
937.403597866630
937.403597866630
937.403597866630
937.403597866630
937.403597866630
937.403597866630
937.403597866630
937.403597866630
937.403597866630
937.403597866630
937.403597866630
937.403597866630
937.403597866630
937.403597866630
937.403597866630
937.403597866630
937.403597866630
937.403597866630
937.403597866630
937.403597866630
937.403597866630
937.403597866630
937.403597866630
937.403597866630
937.403597866630
937.403597866630
937.403597866630
937.403597866630
937.403597866630
937.403597866630
937.403597866630
937.403597866630
937.403597866630
937.403597866630
937.401317337785
937.401317337785
937.401317337785
937.401317337785
937.401317337785
937.401317337785
937.401317337785
937.401317337785
937.401317337785
937.401317337785
937.401317337785
937.401317337785
937.401317337785
937.401317337785
937.401317337785
937.401317337785
937.401317337785
937.401317337785
937.401317337785
937.401317337785
937.401317337785
937.401317337785
937.401317337785
937.401317337785
937.401317337785
937.401317337785
937.401317337785
937.401317337785
937.401317337785
937.401317337785
937.401317337785
937.401317337785
937.401317337785
937.401317337785
937.401317337785
937.401317337785
937.401317337785
937.401317337785
937.401317337785
937.401317337785
937.401317337785
937.401317337785
937.401317337785
937.401317337785
937.401317337785
937.401317337785
937.401317337785
937.401317337785
937.401317337785
937.401317337785
937.401317337785
937.401317337785
937.401317337785
937.401317337785
937.401317337785
937.401317337785
937.401317337785
937.401317337785
937.401317337785
937.401317337785
937.401317337785
937.401317337785
937.401317337785
937.401317337785
937.401317337785
937.401317337785
937.401317337785
937.401317337785
937.401317337785
937.401317337785
937.401317337785
937.401317337785
937.401317337785
937.401317337785
937.401317337785
937.401317337785
937.401317337785
937.401317337785
937.401317337785
937.401317337785
937.401317337785
937.401317337785
937.401317337785
937.401317337785
937.401317337785
937.401317337785
937.401317337785
937.401317337785
937.401317337785
937.401317337785
937.401317337785
937.401317337785
937.401317337785
937.401317337785
937.401317337785
937.401317337785
937.401317337785
937.401317337785
937.401317337785
937.401317337785
937.401317337785
937.401317337785
937.401317337785
937.401317337785
937.401317337785
937.401317337785
937.401317337785
937.401317337785
937.401317337785
937.401317337785
937.401317337785
937.401317337785
937.401317337785
937.401317337785
937.401317337785
937.401317337785
937.401317337785
937.401317337785
937.401317337785
937.401317337785
937.401317337785
937.401317337785
937.401317337785
937.401317337785
937.401317337785
937.401317337785
937.401317337785
937.401317337785
937.401317337785
937.401317337785
937.401317337785
937.401317337785
937.401317337785
937.401317337785
937.401317337785
937.401317337785
937.401317337785
937.401317337785
937.401317337785
937.401317337785
937.401317337785
937.401317337785
937.401317337785
937.401317337785
937.401317337785
937.401317337785
937.401317337785
937.401317337785
937.401317337785
937.401317337785
937.401317337785
937.401317337785
937.401317337785
937.401317337785
937.401317337785
937.401317337785
937.401317337785
937.401317337785
937.401317337785
937.401317337785
937.401317337785
937.401317337785
937.401317337785
937.401317337785
937.401317337785
937.401317337785
937.401317337785
937.401317337785
937.401317337785
937.401317337785
937.401317337785
937.401317337785
937.401317337785
937.401317337785
937.401317337785
937.401317337785
937.401317337785
937.401317337785
937.401317337785
937.401317337785
937.401317337785
937.401317337785
937.401317337785
937.401317337785
937.401317337785
937.401317337785
937.401317337785
937.401317337785
937.401317337785
937.401317337785
937.401317337785
937.401317337785
937.401317337785

ave
1253.70264547767
1255.86992048813
1237.52591038565
1236.54770374624
1204.53653347680
1219.39271647879
1223.89279525512
1127.48959273984
1204.11491775414
1186.94233083106
1106.71404569219
1125.11514763137
1155.49209400164
1075.69188942098
1073.82697775876
1184.00877147728
1059.74569563214
1104.66288163786
1042.10693407569
1119.38450791130
1087.80759892305
1101.32025873789
1055.85381698780
1129.61099595763
1055.64352362318
1097.77145426712
1083.24697228189
1037.98353565274
1051.65944969723
1008.48893493920
1009.43289804077
1005.85906787908
1070.07867691260
991.467513952631
1049.53788269955
1112.12310056705
1051.00222024551
1096.86815180844
973.642557709816
1049.17429516916
989.115272862058
1018.05979057017
1064.26791493720
986.289343782814
987.797048648927
972.646189757168
1001.89899976946
986.867097747863
986.717225249504
988.374777379562
1031.09309094114
940.835272964859
970.854654379687
940.883079328679
956.786326473415
954.464411198341
984.827843365939
941.118618645387
954.489443991275
970.713822055421
955.181396844082
954.397128734713
969.992684683878
942.044585966170
940.046091114094
969.146102521546
955.496529788395
955.610681942521
970.584021553203
969.980924320461
972.393153750452
972.704000174200
985.407481655766
941.794048304333
969.511453482760
954.776284624436
939.097212135147
953.106611143041
939.700142560728
940.198276878152
972.666913902322
938.250405000888
940.033108373862
938.341518978313
939.179100358349
953.276402350737
954.084655592946
938.395754130599
970.149852913494
954.107965182669
937.520746812206
953.039276059703
968.698448182440
969.043274369857
953.989510234180
938.008590406232
938.454560927905
939.625102265202
939.486196619565
952.501268404978
953.877318677195
938.898704622466
937.403597866629
937.866846401298
952.977022301687
968.802214600395
938.383568831033
953.300726935807
938.304911123703
954.419312895839
953.065739590204
953.423916669296
937.978058681343
954.251358417926
954.689212366664
939.220637038883
938.539670511306
954.556697913064
954.092586511411
952.888994225293
955.150024908461
953.813304623188
969.898089803341
952.679448604357
954.168673021633
938.231575055574
938.613705661041
939.378937628967
953.633675321739
955.185737142087
953.911573254217
938.017677539845
939.369657972314
938.655918749713
984.583433349040
939.108216596511
938.435002808444
954.621970231414
938.299028414448
940.345548290015
969.111873880681
953.989055993881
968.151691377054
939.295247740056
952.513883225676
969.181332683542
984.152459134322
938.353775108583
938.074850766717
954.788364224551
953.820590296471
953.589603438386
937.716632034054
938.644406741582
969.093480843968
968.483318742123
953.266221090650
939.365369030743
984.291825090087
953.515356317582
984.132780452281
938.845886719154
953.357093200371
952.960137906870
984.567230745107
969.309591691783
938.464194495252
955.014286743043
939.472374993970
939.146658131317
938.003934064370
953.507251169439
939.312005084990
937.524955397187
955.120587722661
953.218331451836
952.403597866629
968.986764138661
937.778794201859
952.494323413983
939.007097075539
939.251759578398
937.428259679672
938.566549148137
954.041518046931
938.292707986582
952.926805583908
967.984780284031
985.375126362462
954.375562491985
953.709687718841
968.374171845609
954.606734982229
954.417490803048
953.727737360014
953.329094272074
938.156626698344
967.854592418340
968.854977347271
968.578369080998
937.403597866629
938.255873776338
938.211753520122
953.584839099790
938.057914230325
938.125833528363
953.416793243714
938.179553732757
938.059925804805
939.150579574922
968.011979038259
938.442612872741
937.403597866629
938.155259728895
937.403597866629
939.020131047773
938.511767686610
984.014820068989
939.265132386695
937.956517157322
940.360635891920
953.844873750673
939.400306389177
953.306842533851
938.550327845828
953.305518812637
938.702473459758
953.750245172266
954.953097621780
937.409213638741
938.634141801097
938.005001165879
969.237360450031
968.842629385118
952.438979053952
969.046273020853
954.075003300287
952.403597866629
953.647231773472
953.614448889861
970.026634965707
953.878810888842
938.106339696400
970.154314054677
983.834246206278
953.311875069028
967.730850020392
937.796713563979
953.210154478748
937.403597866629
938.517533182199
939.051823163431
969.484488583630
937.950470634409
938.532777679884
953.365084356203
954.348062477631
938.419096559044
937.403597866629
968.072992194098
953.568284288254
938.692224499225
953.208647508096
954.116448314108
954.624740427027
937.955163256972
938.543237550074
953.539058557978
939.209049029419
938.126454400713
939.134645817021
953.127306450722
953.474091656355
954.370862427084
968.709085900958
938.050855567712
953.211093707208
939.171534262319
953.609580768507
968.180601917935
968.326966470125
952.850967131116
937.921471840059
998.600509375870
954.991497405672
968.760760378019
938.337295472964
938.656126030338
939.539618569148
939.010185420473
940.459135634137
938.671625601522
939.318606796656
940.540008322425
937.926951992491
955.888673461421
953.392355942228
937.731497020872
968.740169563714
953.886174874467
938.712923360969
938.422055305662
967.691226775520
953.812760455218
1000.49672775412
953.415292456340
954.051050512677
939.187250114284
938.512033987641
972.025811060639
939.616990746276
953.760314148065
969.648825467935
985.843412182867
939.298598599673
953.791305700719
968.996301974249
968.193881578212
939.480047113147
969.857263981283
968.582403210235
953.286208984645
938.027980458349
938.512799446254
938.004592509829
937.780498633684
970.243502379141
968.801986445994
938.793143661942
953.116135170541
985.641665436299
954.134553750771
938.882817098887
939.529273151965
968.186945584276
952.820306645637
968.954253795579
953.139999586188
954.630935919735
938.166534665750
938.412747526644
938.489265880434
937.623625957856
938.027453469073
955.135839415155
953.826021235614
938.263074989243
938.026209943737
953.508019184680
938.045349257321
938.156789596197
938.677019848480
938.539053298955
984.338424503522
968.413618031989
937.401317337785
968.472512692592
953.931227587976
953.242200911624
938.430681333328
969.636342337273
939.085152916274
955.005592409565
953.327493739249
969.477555123009
937.906407780904
953.444092837015
952.872141146655
952.401317337785
953.119232200463
968.037962625174
954.709973492342
953.133006093097
953.229759864001
938.597135805659
969.127188928026
971.700480402845
937.963455887857
999.873492857131
938.942430606232
940.514899199259
937.795353414987
953.022895894429
937.426093177269
968.777372855270
969.224678323689
938.197053800718
952.401317337785
953.218554468193
954.407146086708
953.151296983108
953.210778675512
954.700641262713
984.281726321604
954.246973167760
954.480710036622
953.927274938257
938.069404424557
938.768184906882
1046.42168375340
953.314006418774
937.830514098994
938.055441996010
938.704498130337
952.735760181943
954.730387281742
938.209234335881
953.320980750555
939.593143908266
953.684812172425
969.876849736637
954.283421846363
954.060832639445
984.607392125633
969.799431342556
939.095919891037
954.306318861444
954.169863069471
953.286029342270
953.690009255162
953.799408047026
955.113953296332
955.203461406408
937.732307675256
939.385766898762
968.232995615068
1015.04987598030
937.794153516134
938.340552617104
956.602618011421
953.531199490059
937.619723043845
954.684438005006
937.401317337785
969.018331443032
938.902038500311
953.009126073536
938.129956172016
938.476331284427
953.204506284180
938.060563230921
955.363450415545
955.456962287459
938.043122006998
969.512835191304
938.671260818420
937.773756924595
953.123552488627
937.450860063803
938.110921079203
969.550085552921
939.660196729080
968.992999555986
938.037962625174
937.795353414987
954.362533637031
952.976367408892
999.338734274145
955.411792219606
937.974259244549
938.260800884724
938.869280666427
954.448851634494
937.401317337785
952.513533374414
969.881453468185
953.856244047740
938.720263796994
954.607329227475
952.894626881347
955.531300577330
953.106153753510
954.804642663512
953.838120821385
938.736190210660
937.401317337785
953.118014913486
953.770279816293
954.485454758084
938.270270911980
967.506476037883
938.887867012776
985.910115403782
938.159386270772
969.495970778491
937.744117300830
939.590682573671
954.597248403313
983.681795416802
937.401317337785
982.927171202831
967.868921565427
938.834740315333
938.692898643203
938.118418598303
997.731340449369
938.755457449965
984.978316363652
953.569737152056
938.838494839686