最优解为:7524.6306
最优解路径:

Best_route =

  1 至 24 列

    27    28   111   112    51    52    83    84    92     0     0     0     0     0     0     0     0     0     0     0     0     0     0     0
    71    72   101   115   116    73    74    29    30     0     0     0     0     0     0     0     0     0     0     0     0     0     0     0
    40    13    14     0     0     0     0     0     0     0     0     0     0     0     0     0     0     0     0     0     0     0     0     0
     0     0     0     0     0     0     0     0     0     0     0     0     0     0     0     0     0     0     0     0     0     0     0     0
     0     0     0     0     0     0     0     0     0     0     0     0     0     0     0     0     0     0     0     0     0     0     0     0
    61    62    93    47    48     5     6    21    22     0     0     0     0     0     0     0     0     0     0     0     0     0     0     0
    39    15    16    69    70     9    99    91    75    76     0     0     0     0     0     0     0     0     0     0     0     0     0     0
    43    44    23    33    34    95    59    60    53    54     0     0     0     0     0     0     0     0     0     0     0     0     0     0
    41    42    17    18    24    77    78    90     0     0     0     0     0     0     0     0     0     0     0     0     0     0     0     0
     3     4   107   108    63    64    65    66    31    32     0     0     0     0     0     0     0     0     0     0     0     0     0     0
    11    12   104    86   113   114     0     0     0     0     0     0     0     0     0     0     0     0     0     0     0     0     0     0
     0     0     0     0     0     0     0     0     0     0     0     0     0     0     0     0     0     0     0     0     0     0     0     0
     1    49    50    89     2    26   119   120   117    81    82   105   106     0     0     0     0     0     0     0     0     0     0     0
     0     0     0     0     0     0     0     0     0     0     0     0     0     0     0     0     0     0     0     0     0     0     0     0
     0     0     0     0     0     0     0     0     0     0     0     0     0     0     0     0     0     0     0     0     0     0     0     0
    35    36    37    38    10    94     0     0     0     0     0     0     0     0     0     0     0     0     0     0     0     0     0     0
    57    58    67    97    55    56    68   100     0     0     0     0     0     0     0     0     0     0     0     0     0     0     0     0
    45    46    85   103   109   110    88   102     0     0     0     0     0     0     0     0     0     0     0     0     0     0     0     0
    19    20    25    87    79    80    96     0     0     0     0     0     0     0     0     0     0     0     0     0     0     0     0     0
     7     8    98   118     0     0     0     0     0     0     0     0     0     0     0     0     0     0     0     0     0     0     0     0
     0     0     0     0     0     0     0     0     0     0     0     0     0     0     0     0     0     0     0     0     0     0     0     0

  25 至 48 列

     0     0     0     0     0     0     0     0     0     0     0     0     0     0     0     0     0     0     0     0     0     0     0     0
     0     0     0     0     0     0     0     0     0     0     0     0     0     0     0     0     0     0     0     0     0     0     0     0
     0     0     0     0     0     0     0     0     0     0     0     0     0     0     0     0     0     0     0     0     0     0     0     0
     0     0     0     0     0     0     0     0     0     0     0     0     0     0     0     0     0     0     0     0     0     0     0     0
     0     0     0     0     0     0     0     0     0     0     0     0     0     0     0     0     0     0     0     0     0     0     0     0
     0     0     0     0     0     0     0     0     0     0     0     0     0     0     0     0     0     0     0     0     0     0     0     0
     0     0     0     0     0     0     0     0     0     0     0     0     0     0     0     0     0     0     0     0     0     0     0     0
     0     0     0     0     0     0     0     0     0     0     0     0     0     0     0     0     0     0     0     0     0     0     0     0
     0     0     0     0     0     0     0     0     0     0     0     0     0     0     0     0     0     0     0     0     0     0     0     0
     0     0     0     0     0     0     0     0     0     0     0     0     0     0     0     0     0     0     0     0     0     0     0     0
     0     0     0     0     0     0     0     0     0     0     0     0     0     0     0     0     0     0     0     0     0     0     0     0
     0     0     0     0     0     0     0     0     0     0     0     0     0     0     0     0     0     0     0     0     0     0     0     0
     0     0     0     0     0     0     0     0     0     0     0     0     0     0     0     0     0     0     0     0     0     0     0     0
     0     0     0     0     0     0     0     0     0     0     0     0     0     0     0     0     0     0     0     0     0     0     0     0
     0     0     0     0     0     0     0     0     0     0     0     0     0     0     0     0     0     0     0     0     0     0     0     0
     0     0     0     0     0     0     0     0     0     0     0     0     0     0     0     0     0     0     0     0     0     0     0     0
     0     0     0     0     0     0     0     0     0     0     0     0     0     0     0     0     0     0     0     0     0     0     0     0
     0     0     0     0     0     0     0     0     0     0     0     0     0     0     0     0     0     0     0     0     0     0     0     0
     0     0     0     0     0     0     0     0     0     0     0     0     0     0     0     0     0     0     0     0     0     0     0     0
     0     0     0     0     0     0     0     0     0     0     0     0     0     0     0     0     0     0     0     0     0     0     0     0
     0     0     0     0     0     0     0     0     0     0     0     0     0     0     0     0     0     0     0     0     0     0     0     0

  49 至 72 列

     0     0     0     0     0     0     0     0     0     0     0     0     0     0     0     0     0     0     0     0     0     0     0     0
     0     0     0     0     0     0     0     0     0     0     0     0     0     0     0     0     0     0     0     0     0     0     0     0
     0     0     0     0     0     0     0     0     0     0     0     0     0     0     0     0     0     0     0     0     0     0     0     0
     0     0     0     0     0     0     0     0     0     0     0     0     0     0     0     0     0     0     0     0     0     0     0     0
     0     0     0     0     0     0     0     0     0     0     0     0     0     0     0     0     0     0     0     0     0     0     0     0
     0     0     0     0     0     0     0     0     0     0     0     0     0     0     0     0     0     0     0     0     0     0     0     0
     0     0     0     0     0     0     0     0     0     0     0     0     0     0     0     0     0     0     0     0     0     0     0     0
     0     0     0     0     0     0     0     0     0     0     0     0     0     0     0     0     0     0     0     0     0     0     0     0
     0     0     0     0     0     0     0     0     0     0     0     0     0     0     0     0     0     0     0     0     0     0     0     0
     0     0     0     0     0     0     0     0     0     0     0     0     0     0     0     0     0     0     0     0     0     0     0     0
     0     0     0     0     0     0     0     0     0     0     0     0     0     0     0     0     0     0     0     0     0     0     0     0
     0     0     0     0     0     0     0     0     0     0     0     0     0     0     0     0     0     0     0     0     0     0     0     0
     0     0     0     0     0     0     0     0     0     0     0     0     0     0     0     0     0     0     0     0     0     0     0     0
     0     0     0     0     0     0     0     0     0     0     0     0     0     0     0     0     0     0     0     0     0     0     0     0
     0     0     0     0     0     0     0     0     0     0     0     0     0     0     0     0     0     0     0     0     0     0     0     0
     0     0     0     0     0     0     0     0     0     0     0     0     0     0     0     0     0     0     0     0     0     0     0     0
     0     0     0     0     0     0     0     0     0     0     0     0     0     0     0     0     0     0     0     0     0     0     0     0
     0     0     0     0     0     0     0     0     0     0     0     0     0     0     0     0     0     0     0     0     0     0     0     0
     0     0     0     0     0     0     0     0     0     0     0     0     0     0     0     0     0     0     0     0     0     0     0     0
     0     0     0     0     0     0     0     0     0     0     0     0     0     0     0     0     0     0     0     0     0     0     0     0
     0     0     0     0     0     0     0     0     0     0     0     0     0     0     0     0     0     0     0     0     0     0     0     0

  73 至 96 列

     0     0     0     0     0     0     0     0     0     0     0     0     0     0     0     0     0     0     0     0     0     0     0     0
     0     0     0     0     0     0     0     0     0     0     0     0     0     0     0     0     0     0     0     0     0     0     0     0
     0     0     0     0     0     0     0     0     0     0     0     0     0     0     0     0     0     0     0     0     0     0     0     0
     0     0     0     0     0     0     0     0     0     0     0     0     0     0     0     0     0     0     0     0     0     0     0     0
     0     0     0     0     0     0     0     0     0     0     0     0     0     0     0     0     0     0     0     0     0     0     0     0
     0     0     0     0     0     0     0     0     0     0     0     0     0     0     0     0     0     0     0     0     0     0     0     0
     0     0     0     0     0     0     0     0     0     0     0     0     0     0     0     0     0     0     0     0     0     0     0     0
     0     0     0     0     0     0     0     0     0     0     0     0     0     0     0     0     0     0     0     0     0     0     0     0
     0     0     0     0     0     0     0     0     0     0     0     0     0     0     0     0     0     0     0     0     0     0     0     0
     0     0     0     0     0     0     0     0     0     0     0     0     0     0     0     0     0     0     0     0     0     0     0     0
     0     0     0     0     0     0     0     0     0     0     0     0     0     0     0     0     0     0     0     0     0     0     0     0
     0     0     0     0     0     0     0     0     0     0     0     0     0     0     0     0     0     0     0     0     0     0     0     0
     0     0     0     0     0     0     0     0     0     0     0     0     0     0     0     0     0     0     0     0     0     0     0     0
     0     0     0     0     0     0     0     0     0     0     0     0     0     0     0     0     0     0     0     0     0     0     0     0
     0     0     0     0     0     0     0     0     0     0     0     0     0     0     0     0     0     0     0     0     0     0     0     0
     0     0     0     0     0     0     0     0     0     0     0     0     0     0     0     0     0     0     0     0     0     0     0     0
     0     0     0     0     0     0     0     0     0     0     0     0     0     0     0     0     0     0     0     0     0     0     0     0
     0     0     0     0     0     0     0     0     0     0     0     0     0     0     0     0     0     0     0     0     0     0     0     0
     0     0     0     0     0     0     0     0     0     0     0     0     0     0     0     0     0     0     0     0     0     0     0     0
     0     0     0     0     0     0     0     0     0     0     0     0     0     0     0     0     0     0     0     0     0     0     0     0
     0     0     0     0     0     0     0     0     0     0     0     0     0     0     0     0     0     0     0     0     0     0     0     0

  97 至 120 列

     0     0     0     0     0     0     0     0     0     0     0     0     0     0     0     0     0     0     0     0     0     0     0     0
     0     0     0     0     0     0     0     0     0     0     0     0     0     0     0     0     0     0     0     0     0     0     0     0
     0     0     0     0     0     0     0     0     0     0     0     0     0     0     0     0     0     0     0     0     0     0     0     0
     0     0     0     0     0     0     0     0     0     0     0     0     0     0     0     0     0     0     0     0     0     0     0     0
     0     0     0     0     0     0     0     0     0     0     0     0     0     0     0     0     0     0     0     0     0     0     0     0
     0     0     0     0     0     0     0     0     0     0     0     0     0     0     0     0     0     0     0     0     0     0     0     0
     0     0     0     0     0     0     0     0     0     0     0     0     0     0     0     0     0     0     0     0     0     0     0     0
     0     0     0     0     0     0     0     0     0     0     0     0     0     0     0     0     0     0     0     0     0     0     0     0
     0     0     0     0     0     0     0     0     0     0     0     0     0     0     0     0     0     0     0     0     0     0     0     0
     0     0     0     0     0     0     0     0     0     0     0     0     0     0     0     0     0     0     0     0     0     0     0     0
     0     0     0     0     0     0     0     0     0     0     0     0     0     0     0     0     0     0     0     0     0     0     0     0
     0     0     0     0     0     0     0     0     0     0     0     0     0     0     0     0     0     0     0     0     0     0     0     0
     0     0     0     0     0     0     0     0     0     0     0     0     0     0     0     0     0     0     0     0     0     0     0     0
     0     0     0     0     0     0     0     0     0     0     0     0     0     0     0     0     0     0     0     0     0     0     0     0
     0     0     0     0     0     0     0     0     0     0     0     0     0     0     0     0     0     0     0     0     0     0     0     0
     0     0     0     0     0     0     0     0     0     0     0     0     0     0     0     0     0     0     0     0     0     0     0     0
     0     0     0     0     0     0     0     0     0     0     0     0     0     0     0     0     0     0     0     0     0     0     0     0
     0     0     0     0     0     0     0     0     0     0     0     0     0     0     0     0     0     0     0     0     0     0     0     0
     0     0     0     0     0     0     0     0     0     0     0     0     0     0     0     0     0     0     0     0     0     0     0     0
     0     0     0     0     0     0     0     0     0     0     0     0     0     0     0     0     0     0     0     0     0     0     0     0
     0     0     0     0     0     0     0     0     0     0     0     0     0     0     0     0     0     0     0     0     0     0     0     0

  121 列

     0
     0
     0
     0
     0
     0
     0
     0
     0
     0
     0
     0
     0
     0
     0
     0
     0
     0
     0
     0
     0

本次运算用时:3091.2秒
算法在第351代时收敛

best
10721.5301754059
10128.5735825870
10128.5735825870
10128.5735825870
10128.5735825870
10128.5735825870
10128.5735825870
10128.5735825870
8994.80927135588
8994.80927135588
8994.80927135588
8994.80927135588
8946.49991124612
8946.49991124612
8946.49991124612
8946.49991124612
8946.49991124612
8946.49991124612
8946.49991124612
8946.49991124612
8946.49991124612
8946.49991124612
8946.49991124612
8946.49991124612
8946.49991124612
8946.49991124612
8946.49991124612
8946.49991124612
8946.49991124612
8946.49991124612
8946.49991124612
8946.49991124612
8156.77698339220
8156.77698339220
8156.77698339220
8156.77698339220
8156.77698339220
8156.77698339220
8156.77698339220
8156.77698339220
8156.77698339220
8156.77698339220
8156.77698339220
8156.77698339220
8156.77698339220
8156.77698339220
8156.77698339220
8156.77698339220
8156.77698339220
8156.77698339220
8156.77698339220
8156.77698339220
8156.77698339220
8156.77698339220
8156.77698339220
8156.77698339220
8156.77698339220
8156.77698339220
8156.77698339220
8156.77698339220
8156.77698339220
8156.77698339220
8156.77698339220
8156.77698339220
8156.77698339220
8156.77698339220
8156.77698339220
8156.77698339220
8156.77698339220
8156.77698339220
8156.77698339220
8156.77698339220
8156.77698339220
8156.77698339220
8156.77698339220
8156.77698339220
8156.77698339220
8156.77698339220
8156.77698339220
7976.32820816492
7976.32820816492
7976.32820816492
7976.32820816492
7976.32820816492
7976.32820816492
7976.32820816492
7976.32820816492
7976.32820816492
7976.32820816492
7976.32820816492
7976.32820816492
7976.32820816492
7976.32820816492
7976.32820816492
7976.32820816492
7976.32820816492
7976.32820816492
7976.32820816492
7976.32820816492
7976.32820816492
7976.32820816492
7976.32820816492
7976.32820816492
7976.32820816492
7976.32820816492
7976.32820816492
7976.32820816492
7976.32820816492
7976.32820816492
7976.32820816492
7976.32820816492
7976.32820816492
7976.32820816492
7976.32820816492
7976.32820816492
7976.32820816492
7976.32820816492
7976.32820816492
7976.32820816492
7976.32820816492
7976.32820816492
7976.32820816492
7976.32820816492
7976.32820816492
7976.32820816492
7976.32820816492
7976.32820816492
7976.32820816492
7976.32820816492
7976.32820816492
7976.32820816492
7976.32820816492
7976.32820816492
7976.32820816492
7976.32820816492
7976.32820816492
7976.32820816492
7976.32820816492
7976.32820816492
7976.32820816492
7976.32820816492
7976.32820816492
7976.32820816492
7976.32820816492
7952.96716292320
7637.78619891633
7637.78619891633
7637.78619891633
7637.78619891633
7637.78619891633
7637.78619891633
7637.78619891633
7637.78619891633
7637.78619891633
7637.78619891633
7637.78619891633
7637.78619891633
7637.78619891633
7622.07808802351
7622.07808802351
7622.07808802351
7622.07808802351
7622.07808802351
7622.07808802351
7622.07808802351
7598.14749282028
7598.14749282028
7598.14749282028
7598.14749282028
7598.14749282028
7598.14749282028
7598.14749282028
7598.14749282028
7598.14749282028
7598.14749282028
7598.14749282028
7598.14749282028
7598.14749282028
7598.14749282028
7598.14749282028
7598.14749282028
7598.14749282028
7598.14749282028
7598.14749282028
7598.14749282028
7598.14749282028
7598.14749282028
7598.14749282028
7598.14749282028
7598.14749282028
7598.14749282028
7598.14749282028
7598.14749282028
7598.14749282028
7598.14749282028
7598.14749282028
7598.14749282028
7598.14749282028
7598.14749282028
7598.14749282028
7598.14749282028
7598.14749282028
7598.14749282028
7598.14749282028
7598.14749282028
7598.14749282028
7598.14749282028
7598.14749282028
7598.14749282028
7598.14749282028
7598.14749282028
7598.14749282028
7598.14749282028
7598.14749282028
7598.14749282028
7598.14749282028
7598.14749282028
7598.14749282028
7598.14749282028
7598.14749282028
7598.14749282028
7598.14749282028
7598.14749282028
7598.14749282028
7598.14749282028
7598.14749282028
7598.14749282028
7598.14749282028
7598.14749282028
7598.14749282028
7598.14749282028
7598.14749282028
7598.14749282028
7598.14749282028
7598.14749282028
7598.14749282028
7598.14749282028
7598.14749282028
7598.14749282028
7598.14749282028
7598.14749282028
7598.14749282028
7598.14749282028
7598.14749282028
7598.14749282028
7598.14749282028
7598.14749282028
7598.14749282028
7598.14749282028
7598.14749282028
7598.14749282028
7598.14749282028
7598.14749282028
7598.14749282028
7598.14749282028
7598.14749282028
7598.14749282028
7598.14749282028
7598.14749282028
7598.14749282028
7598.14749282028
7598.14749282028
7598.14749282028
7598.14749282028
7598.14749282028
7598.14749282028
7598.14749282028
7598.14749282028
7598.14749282028
7598.14749282028
7598.14749282028
7598.14749282028
7598.14749282028
7598.14749282028
7598.14749282028
7598.14749282028
7598.14749282028
7598.14749282028
7598.14749282028
7598.14749282028
7598.14749282028
7598.14749282028
7598.14749282028
7598.14749282028
7598.14749282028
7598.14749282028
7598.14749282028
7598.14749282028
7598.14749282028
7598.14749282028
7598.14749282028
7598.14749282028
7598.14749282028
7598.14749282028
7598.14749282028
7598.14749282028
7598.14749282028
7598.14749282028
7598.14749282028
7598.14749282028
7598.14749282028
7598.14749282028
7598.14749282028
7598.14749282028
7598.14749282028
7598.14749282028
7598.14749282028
7598.14749282028
7598.14749282028
7598.14749282028
7598.14749282028
7598.14749282028
7598.14749282028
7598.14749282028
7598.14749282028
7598.14749282028
7598.14749282028
7598.14749282028
7598.14749282028
7598.14749282028
7598.14749282028
7598.14749282028
7598.14749282028
7598.14749282028
7598.14749282028
7598.14749282028
7598.14749282028
7598.14749282028
7598.14749282028
7598.14749282028
7598.14749282028
7598.14749282028
7598.14749282028
7598.14749282028
7598.14749282028
7598.14749282028
7598.14749282028
7598.14749282028
7598.14749282028
7598.14749282028
7598.14749282028
7598.14749282028
7598.14749282028
7598.14749282028
7598.14749282028
7598.14749282028
7598.14749282028
7598.14749282028
7598.14749282028
7598.14749282028
7524.63056770146
7524.63056770146
7524.63056770146
7524.63056770146
7524.63056770146
7524.63056770146
7524.63056770146
7524.63056770146
7524.63056770146
7524.63056770146
7524.63056770146
7524.63056770146
7524.63056770146
7524.63056770146
7524.63056770146
7524.63056770146
7524.63056770146
7524.63056770146
7524.63056770146
7524.63056770146
7524.63056770146
7524.63056770146
7524.63056770146
7524.63056770146
7524.63056770146
7524.63056770146
7524.63056770146
7524.63056770146
7524.63056770146
7524.63056770146
7524.63056770146
7524.63056770146
7524.63056770146
7524.63056770146
7524.63056770146
7524.63056770146
7524.63056770146
7524.63056770146
7524.63056770146
7524.63056770146
7524.63056770146
7524.63056770146
7524.63056770146
7524.63056770146
7524.63056770146
7524.63056770146
7524.63056770146
7524.63056770146
7524.63056770146
7524.63056770146
7524.63056770146
7524.63056770146
7524.63056770146
7524.63056770146
7524.63056770146
7524.63056770146
7524.63056770146
7524.63056770146
7524.63056770146
7524.63056770146
7524.63056770146
7524.63056770146
7524.63056770146
7524.63056770146
7524.63056770146
7524.63056770146
7524.63056770146
7524.63056770146
7524.63056770146
7524.63056770146
7524.63056770146
7524.63056770146
7524.63056770146
7524.63056770146
7524.63056770146
7524.63056770146
7524.63056770146
7524.63056770146
7524.63056770146
7524.63056770146
7524.63056770146
7524.63056770146
7524.63056770146
7524.63056770146
7524.63056770146
7524.63056770146
7524.63056770146
7524.63056770146
7524.63056770146
7524.63056770146
7524.63056770146
7524.63056770146
7524.63056770146
7524.63056770146
7524.63056770146
7524.63056770146
7524.63056770146
7524.63056770146
7524.63056770146
7524.63056770146
7524.63056770146
7524.63056770146
7524.63056770146
7524.63056770146
7524.63056770146
7524.63056770146
7524.63056770146
7524.63056770146
7524.63056770146
7524.63056770146
7524.63056770146
7524.63056770146
7524.63056770146
7524.63056770146
7524.63056770146
7524.63056770146
7524.63056770146
7524.63056770146
7524.63056770146
7524.63056770146
7524.63056770146
7524.63056770146
7524.63056770146
7524.63056770146
7524.63056770146
7524.63056770146
7524.63056770146
7524.63056770146
7524.63056770146
7524.63056770146
7524.63056770146
7524.63056770146
7524.63056770146
7524.63056770146
7524.63056770146
7524.63056770146
7524.63056770146
7524.63056770146
7524.63056770146
7524.63056770146
7524.63056770146
7524.63056770146
7524.63056770146
7524.63056770146
7524.63056770146
7524.63056770146
7524.63056770146
7524.63056770146
7524.63056770146
7524.63056770146

ave
13419.7482178079
13466.6525902529
13669.6267026786
13950.5382202735
14082.7940366029
13243.5291840553
14125.6923641353
13925.2134797685
12858.5777566688
13716.3912556730
13616.2660143656
13592.2107937402
13401.7499464561
13856.8935587503
13526.4224070278
13230.8341691093
14318.4778793448
14249.6356438285
14161.6575762798
13339.4731504702
13602.6538332473
13623.6398183794
13957.4100455532
13491.2300140036
13221.0566193426
13463.7816642295
13226.6302001687
14210.8275020988
13574.4687510841
13089.6968087459
13121.9770370109
14019.3318552428
13072.5164816558
12786.1986710239
12702.5186118532
12749.0941951935
12366.9203436134
12553.3400587490
12860.9907251870
13189.2627841271
12250.1094505065
12360.8963918489
12721.8200647538
12162.9474201754
11846.1022246348
12361.8304177966
11641.1767230011
11464.9993796976
12098.8388731191
11646.6908158202
11649.0147844457
12201.5314361198
11886.0745307559
11403.1529858573
11317.6869750737
11886.6023401410
11756.1260991594
11750.0467334561
11671.7825697027
11826.7442943491
11781.6907319173
11468.8740990757
11874.1484600769
11743.6813159081
11669.3350216551
11036.7588801700
11335.3192434025
11244.0786734334
11069.0095157078
10741.4830653275
10442.2611190277
11180.3092059603
11288.5430307608
11016.7431127460
11246.9875830248
11158.6893299553
11291.2698513355
11434.8524275725
11118.2722535806
11206.0432562525
11078.2345090365
11077.4872372166
11197.8406676629
11078.3436588809
10947.2310981314
11271.1297601630
10483.4900587215
10585.7618735620
11050.6257156589
10720.0555600386
10574.1429118483
10870.0681808628
10603.3090469430
10536.4301704521
10841.6301675438
10932.5521608801
10186.3198626492
10307.5890952719
10412.5303727505
10472.6776379750
10732.9184116276
10749.9072517677
10742.1586841050
10198.8081756825
10301.7859650486
10390.2963086508
10785.9660094857
10297.4752566487
10552.8383131395
10020.8466279582
10305.1156849589
10171.5627379551
10866.1868705138
10069.6101095414
10596.0822787523
10206.2650737629
10121.5032539949
10336.1249833525
10024.0941698137
9976.61373397177
10714.1429245763
10231.4707776526
10600.9348729117
10206.3198282032
9906.09061063522
10270.5602998638
10425.7315930854
10481.9120218816
10127.2752078921
10218.4110243730
9598.04072719568
10290.9065082841
10869.6731092824
10764.9611682355
10108.7815432561
9890.36399443127
10308.7827295846
9650.17057295751
9649.59588691008
9949.56062350150
10293.4200292442
10216.8968047096
10694.7009998045
10536.0586540191
10105.8951856059
10049.7541544278
9843.29019648492
9867.51765900631
9955.24982681250
10342.7880073408
9623.45874139475
10090.1887812450
9796.21292051764
10490.1141762044
9928.81001690859
9945.08148302387
10420.1815095855
9869.80826613217
9645.53540992358
10021.1897856962
10454.7398002238
10455.6500628557
10074.5574058556
10290.4703917353
9783.99042335181
9606.09285559369
10073.3694881783
9847.80630513409
10140.7002048123
10085.2270168387
9936.90948946708
10161.4756659085
10172.6972198877
9870.20232091907
9768.61433301647
10100.7196768182
9921.62025771250
10274.8635968993
9748.80667896212
9929.56637038341
10156.6027520662
10341.6183806686
10244.9194010962
10074.2353115594
9841.18623774688
9967.01725198260
10171.0517438885
9900.91272109619
9975.29836441573
9924.94412287184
10121.7910178889
10291.2448721530
10317.1016790916
9551.87607559593
10401.6170762249
10099.9690845194
10148.8287350904
9822.51083418191
9710.39416747473
9845.06725411755
10384.0717697130
10116.1812413864
9708.43638420999
9925.08126448529
9673.16558091930
10094.8692299700
9745.06432710201
10535.3574406812
9952.78393416141
10127.8584432866
10331.8050737610
10293.9907709804
10622.5393623944
10346.4848052453
9813.43817015410
10191.2687571669
10057.7932355059
9708.11042880632
10018.7741593253
10570.6861224431
10120.3652783937
10116.9989790974
9967.94357433821
10044.3259812999
10225.0133882224
10633.3703257477
10137.0784132524
9629.99861986944
9905.95740583727
9462.82303628720
10192.5366590917
10187.3194898683
9927.38139900060
9827.06557417029
9481.80279315345
9977.75896078527
10282.3864452413
9841.34510249265
10130.6658244979
9598.13536303492
10234.8786724641
9808.61400805547
9956.69457840001
9694.33810575252
10403.5951715159
10200.5406953781
10069.9932600526
10460.7467981691
9870.38035884088
10013.9822337527
10212.5408664703
10529.6347486713
9843.28792178003
10339.9355049817
10002.4122673567
9741.66139408165
10435.6824576926
10480.1493219332
9995.26661905756
9927.96976234407
10286.4887488534
10454.5311055032
10107.7715778234
10383.8496082435
10415.8164215107
9989.19134134992
10519.5920405264
10280.6679851220
9727.02684141247
10372.8623751418
10380.0180486533
9638.66631629661
10286.5841709297
10161.5305598994
9935.37046495601
9784.08593719329
10454.4237433300
10237.7047224723
10747.6607871629
10523.3644684638
10195.5191028468
10127.9276431226
9966.42451890894
10298.7901693851
10340.8824484139
9856.90345287546
10423.7824962724
9894.48836819978
9929.04017050150
10016.6183664798
9968.75198886979
10153.5909847709
10130.8738196636
9823.84040645586
10119.8441872902
9929.12519147321
9895.81197414848
10052.6338591076
10355.4125792340
9974.70454639086
9827.35437748763
9933.16059256161
10760.4340587422
10132.6554505349
10343.6365138506
10659.3776964117
10361.8123273215
10654.0857114540
9910.64262271816
10568.2825117339
9849.44936107737
9857.01258890573
10587.5927243376
10299.7350302427
10292.4712664832
9978.44505437799
9947.78201987490
9902.18052847817
10163.7300225129
10164.8131601817
10158.2925507787
10350.4056879103
10429.7587135328
10093.8909916112
9958.61515664812
10391.8402631201
9892.77847365076
9438.94204503629
10251.1276015703
10363.5990189260
10612.6871009489
10433.5215911698
10141.7177443299
9774.66556183591
10649.1547278913
10585.2510260422
10597.8903060151
10025.7569886713
10265.5563022090
10241.6382229295
10269.8611000353
10811.4528378571
10568.0354985984
9813.12339293897
9546.78332737530
10082.6606693152
9702.51798016529
10278.2432481994
10377.2407006141
9636.42699547499
10128.1128820310
9862.42032926305
10006.8336827289
10001.4573146517
10405.4907458726
10406.5365566323
10361.0458268233
10180.0012014320
10227.3218839139
10032.6855562657
10069.9734138298
10161.6483704629
10198.3481793300
10344.9753561319
9857.37428814636
9790.94067489459
10040.0508811565
10209.2251939557
10170.2769378553
10217.2314923768
9636.65261737525
10208.2144194398
9507.63060628445
9837.33250025708
10074.7959041165
10478.1000078657
9546.18495329014
10319.4512446450
9835.60006629429
9798.09827037449
10498.4667119945
10103.9565248869
9604.37660427158
10528.8235518959
10343.2439289022
10045.7418145735
10225.1276595973
10121.2544757302
9705.46610475220
10461.2598924970
10592.4782340677
9995.72135229258
10131.4994623445
10472.4141308520
9794.54124502357
9779.12755825477
9678.70805673347
9862.80121726465
10003.4793250275
9770.28854906475
10058.5590470781
9470.00278696337
10097.0874831270
10241.6893799497
10018.8653329936
9408.48839096506
10087.1691595964
9720.83280548693
9703.64209297931
9927.87821720713
9393.87851991413
10437.7563380121
10190.0965934003
9885.94227385518
9806.34057185460
9632.77342383109
9914.10719351251
9684.03714011347
10000.6458163464
10060.4406954172
9987.98760737536
10487.8712842821
10349.8155477503
9764.58274170439
10376.3441474716
9909.68044200491
9849.31625299641
9973.19227295904
9973.25548253361
10268.7257330080
9981.25078780290
9909.53607432901
9550.83767293331
9612.11118433151
9525.78459177095
9725.86640363989
9921.12175934540
10213.5346994896
9391.11272855390
10014.2421084804
9623.01378015879
10034.9371193885
10267.9308133500
10056.2876532016
9668.49456323564
10007.9144760478
9576.32298624418
10382.5875880005
10260.8928092477
10074.3502052496
9754.97511862505
10141.1752334212
10530.8894996655
10037.7083459223
9917.97447292782
10197.5110628169
10103.1520881905
9620.68687012571
10061.4276844694
9742.16257390978
9775.70321855600
10069.6702263667
9595.35738607185
9866.66602320308
9925.45564621494
9718.96965841116
9753.74594606822
9609.41388257529
9799.06035546594
9881.97521395904
10549.6580147537
10105.4569068734
10359.5196599832
10128.6791026570
10446.8236503137
10227.8131011218
9826.67461843924
10103.0787239487
9776.41371448380
10511.7503233272
10134.2520515277
9936.59995450279
9978.54294899715
10253.8399330102
10448.0752311731
9952.18603024129
9788.76519997189
9826.99243485538
10044.2414817977
9777.19328591310
10040.4138570729
10374.8114714291
10205.5989209626
9757.73228720211
10006.9965955710
9705.94204114250
9257.03664309849
9631.10344022469
9611.61884714122
10111.4349513823