最优解为:354.6914
最优解路径:

Best_route =

     0     0     0     0     0     0     0
     6     1     5     3     4     2     0

本次运算用时:2.828秒
算法在第1代时收敛
>> 

best
354.691396611973
354.691396611973
354.691396611973
354.691396611973
354.691396611973
354.691396611973
354.691396611973
354.691396611973
354.691396611973
354.691396611973
354.691396611973
354.691396611973
354.691396611973
354.691396611973
354.691396611973
354.691396611973
354.691396611973
354.691396611973
354.691396611973
354.691396611973
354.691396611973
354.691396611973
354.691396611973
354.691396611973
354.691396611973
354.691396611973
354.691396611973
354.691396611973
354.691396611973
354.691396611973
354.691396611973
354.691396611973
354.691396611973
354.691396611973
354.691396611973
354.691396611973
354.691396611973
354.691396611973
354.691396611973
354.691396611973
354.691396611973
354.691396611973
354.691396611973
354.691396611973
354.691396611973
354.691396611973
354.691396611973
354.691396611973
354.691396611973
354.691396611973
354.691396611973
354.691396611973
354.691396611973
354.691396611973
354.691396611973
354.691396611973
354.691396611973
354.691396611973
354.691396611973
354.691396611973
354.691396611973
354.691396611973
354.691396611973
354.691396611973
354.691396611973
354.691396611973
354.691396611973
354.691396611973
354.691396611973
354.691396611973
354.691396611973
354.691396611973
354.691396611973
354.691396611973
354.691396611973
354.691396611973
354.691396611973
354.691396611973
354.691396611973
354.691396611973
354.691396611973
354.691396611973
354.691396611973
354.691396611973
354.691396611973
354.691396611973
354.691396611973
354.691396611973
354.691396611973
354.691396611973
354.691396611973
354.691396611973
354.691396611973
354.691396611973
354.691396611973
354.691396611973
354.691396611973
354.691396611973
354.691396611973
354.691396611973
354.691396611973
354.691396611973
354.691396611973
354.691396611973
354.691396611973
354.691396611973
354.691396611973
354.691396611973
354.691396611973
354.691396611973
354.691396611973
354.691396611973
354.691396611973
354.691396611973
354.691396611973
354.691396611973
354.691396611973
354.691396611973
354.691396611973
354.691396611973
354.691396611973
354.691396611973
354.691396611973
354.691396611973
354.691396611973
354.691396611973
354.691396611973
354.691396611973
354.691396611973
354.691396611973
354.691396611973
354.691396611973
354.691396611973
354.691396611973
354.691396611973
354.691396611973
354.691396611973
354.691396611973
354.691396611973
354.691396611973
354.691396611973
354.691396611973
354.691396611973
354.691396611973
354.691396611973
354.691396611973
354.691396611973
354.691396611973
354.691396611973
354.691396611973
354.691396611973
354.691396611973
354.691396611973
354.691396611973
354.691396611973
354.691396611973
354.691396611973
354.691396611973
354.691396611973
354.691396611973
354.691396611973
354.691396611973
354.691396611973
354.691396611973
354.691396611973
354.691396611973
354.691396611973
354.691396611973
354.691396611973
354.691396611973
354.691396611973
354.691396611973
354.691396611973
354.691396611973
354.691396611973
354.691396611973
354.691396611973
354.691396611973
354.691396611973
354.691396611973
354.691396611973
354.691396611973
354.691396611973
354.691396611973
354.691396611973
354.691396611973
354.691396611973
354.691396611973
354.691396611973
354.691396611973
354.691396611973
354.691396611973
354.691396611973
354.691396611973
354.691396611973
354.691396611973
354.691396611973
354.691396611973
354.691396611973
354.691396611973

ave
403.066252817262
387.855058070992
358.107146427722
357.082412646016
371.581766922500
400.961770792764
372.628846252699
387.249959014184
386.231139590319
385.374568460249
386.674722806062
402.111750465118
370.855649581213
356.099338372789
370.765300660859
356.326737275429
385.596992998372
371.260058056680
371.483417681375
355.636867562483
370.488041844428
355.689266535731
370.781930059513
355.756930709529
384.967358232426
355.486892805640
355.758791061033
354.751767621059
384.149434071320
369.956616352875
354.778561797266
369.640056284430
384.163456051352
355.012739931691
369.540795417877
369.360406274502
355.136313099196
354.944928960609
354.824910826320
384.661531611973
354.691396611973
369.374428254534
354.691396611973
354.691396611973
354.691396611973
354.751767621059
354.691396611973
354.691396611973
369.480424408791
354.691396611973
354.691396611973
354.691396611973
354.691396611973
354.691396611973
354.691396611973
354.691396611973
354.691396611973
354.691396611973
354.691396611973
354.691396611973
369.360406274502
354.691396611973
354.691396611973
354.691396611973
354.691396611973
354.691396611973
354.691396611973
354.691396611973
354.691396611973
354.691396611973
354.691396611973
354.691396611973
354.691396611973
354.691396611973
354.691396611973
354.691396611973
354.691396611973
354.691396611973
354.691396611973
354.691396611973
354.691396611973
369.992521949445
354.691396611973
355.122291119164
354.691396611973
354.691396611973
354.691396611973
354.691396611973
354.691396611973
354.691396611973
354.691396611973
354.691396611973
354.691396611973
354.691396611973
354.691396611973
355.022419740650
354.691396611973
354.691396611973
354.691396611973
354.691396611973
354.691396611973
354.691396611973
354.691396611973
354.691396611973
354.691396611973
354.691396611973
369.992521949445
354.691396611973
354.778561797266
354.691396611973
354.691396611973
354.691396611973
354.691396611973
354.691396611973
354.691396611973
354.691396611973
354.691396611973
354.691396611973
354.691396611973
354.691396611973
354.691396611973
354.857763775316
354.691396611973
354.691396611973
354.691396611973
354.691396611973
354.691396611973
354.691396611973
369.640056284430
354.778561797266
354.691396611973
369.480424408791
354.691396611973
354.691396611973
354.691396611973
369.640056284430
369.480424408791
354.691396611973
354.691396611973
354.691396611973
354.691396611973
369.374428254534
354.691396611973
354.691396611973
354.691396611973
354.751767621059
354.691396611973
354.691396611973
354.691396611973
354.691396611973
354.955923955821
354.691396611973
354.691396611973
369.480424408791
354.691396611973
355.012739931691
354.691396611973
354.691396611973
354.884557951523
354.691396611973
369.360406274502
354.751767621059
354.691396611973
354.691396611973
369.992521949445
354.691396611973
354.691396611973
354.691396611973
354.764539817234
354.691396611973
354.857763775316
355.022419740650
354.691396611973
354.691396611973
369.992521949445
354.691396611973
369.640056284430
354.691396611973
354.691396611973
354.691396611973
354.691396611973
354.691396611973
354.691396611973
354.691396611973
354.691396611973
354.691396611973
369.579244195145
354.691396611973
354.691396611973
354.691396611973
354.691396611973
354.691396611973
354.691396611973
354.691396611973
354.691396611973
354.691396611973
355.022419740650
354.691396611973
354.691396611973
354.691396611973