最优解为:323.7753
最优解路径:

Best_route =

     0     0     0     0     0     0     0
     2     1     5     6     3     4     0

本次运算用时:2.874秒
算法在第1代时收敛

best
323.775250585367
323.775250585367
323.775250585367
323.775250585367
323.775250585367
323.775250585367
323.775250585367
323.775250585367
323.775250585367
323.775250585367
323.775250585367
323.775250585367
323.775250585367
323.775250585367
323.775250585367
323.775250585367
323.775250585367
323.775250585367
323.775250585367
323.775250585367
323.775250585367
323.775250585367
323.775250585367
323.775250585367
323.775250585367
323.775250585367
323.775250585367
323.775250585367
323.775250585367
323.775250585367
323.775250585367
323.775250585367
323.775250585367
323.775250585367
323.775250585367
323.775250585367
323.775250585367
323.775250585367
323.775250585367
323.775250585367
323.775250585367
323.775250585367
323.775250585367
323.775250585367
323.775250585367
323.775250585367
323.775250585367
323.775250585367
323.775250585367
323.775250585367
323.775250585367
323.775250585367
323.775250585367
323.775250585367
323.775250585367
323.775250585367
323.775250585367
323.775250585367
323.775250585367
323.775250585367
323.775250585367
323.775250585367
323.775250585367
323.775250585367
323.775250585367
323.775250585367
323.775250585367
323.775250585367
323.775250585367
323.775250585367
323.775250585367
323.775250585367
323.775250585367
323.775250585367
323.775250585367
323.775250585367
323.775250585367
323.775250585367
323.775250585367
323.775250585367
323.775250585367
323.775250585367
323.775250585367
323.775250585367
323.775250585367
323.775250585367
323.775250585367
323.775250585367
323.775250585367
323.775250585367
323.775250585367
323.775250585367
323.775250585367
323.775250585367
323.775250585367
323.775250585367
323.775250585367
323.775250585367
323.775250585367
323.775250585367
323.775250585367
323.775250585367
323.775250585367
323.775250585367
323.775250585367
323.775250585367
323.775250585367
323.775250585367
323.775250585367
323.775250585367
323.775250585367
323.775250585367
323.775250585367
323.775250585367
323.775250585367
323.775250585367
323.775250585367
323.775250585367
323.775250585367
323.775250585367
323.775250585367
323.775250585367
323.775250585367
323.775250585367
323.775250585367
323.775250585367
323.775250585367
323.775250585367
323.775250585367
323.775250585367
323.775250585367
323.775250585367
323.775250585367
323.775250585367
323.775250585367
323.775250585367
323.775250585367
323.775250585367
323.775250585367
323.775250585367
323.775250585367
323.775250585367
323.775250585367
323.775250585367
323.775250585367
323.775250585367
323.775250585367
323.775250585367
323.775250585367
323.775250585367
323.775250585367
323.775250585367
323.775250585367
323.775250585367
323.775250585367
323.775250585367
323.775250585367
323.775250585367
323.775250585367
323.775250585367
323.775250585367
323.775250585367
323.775250585367
323.775250585367
323.775250585367
323.775250585367
323.775250585367
323.775250585367
323.775250585367
323.775250585367
323.775250585367
323.775250585367
323.775250585367
323.775250585367
323.775250585367
323.775250585367
323.775250585367
323.775250585367
323.775250585367
323.775250585367
323.775250585367
323.775250585367
323.775250585367
323.775250585367
323.775250585367
323.775250585367
323.775250585367
323.775250585367
323.775250585367
323.775250585367
323.775250585367
323.775250585367
323.775250585367
323.775250585367
323.775250585367
323.775250585367
323.775250585367
323.775250585367
323.775250585367
323.775250585367

ave
341.119513768213
370.328313653756
340.319459858286
340.494555643115
324.934061239339
325.292665682079
369.570097291792
324.963371391415
325.044465567622
324.212318862541
339.535982923200
339.388392962164
324.496992962164
324.350229014618
323.966634723954
324.104544876031
324.020934723954
323.775250585367
338.912334723954
339.103718862541
324.050244876031
323.775250585367
338.912334723954
354.388392962164
353.858034723954
324.251308823577
354.324413153205
339.005624684990
323.775250585367
338.966634723954
323.775250585367
323.775250585367
353.912334723954
338.775250585367
323.829550585367
338.720950585367
323.775250585367
323.775250585367
323.775250585367
323.775250585367
338.720950585367
353.666650585367
323.775250585367
323.775250585367
323.775250585367
323.775250585367
323.775250585367
323.775250585367
323.775250585367
338.720950585367
323.775250585367
323.966634723954
323.775250585367
323.775250585367
323.775250585367
323.775250585367
323.775250585367
323.775250585367
323.775250585367
323.775250585367
323.775250585367
323.775250585367
323.775250585367
323.775250585367
323.775250585367
338.720950585367
323.775250585367
338.720950585367
338.913475922838
323.775250585367
323.775250585367
323.775250585367
323.775250585367
323.775250585367
323.775250585367
338.720950585367
323.775250585367
323.775250585367
323.775250585367
338.720950585367
323.775250585367
323.775250585367
323.966634723954
323.775250585367
323.775250585367
323.775250585367
323.775250585367
338.775250585367
323.775250585367
323.775250585367
323.775250585367
323.775250585367
323.775250585367
323.775250585367
323.775250585367
338.775250585367
323.775250585367
323.775250585367
323.775250585367
338.775250585367
323.775250585367
323.775250585367
323.775250585367
323.775250585367
338.720950585367
323.775250585367
324.050244876031
323.775250585367
323.775250585367
323.775250585367
323.775250585367
323.775250585367
338.775250585367
323.775250585367
323.775250585367
323.775250585367
323.775250585367
323.775250585367
338.775250585367
323.775250585367
323.775250585367
323.775250585367
323.775250585367
323.967775922838
323.775250585367
323.775250585367
323.775250585367
323.775250585367
323.775250585367
323.775250585367
338.720950585367
323.775250585367
323.775250585367
323.775250585367
323.775250585367
338.913475922838
323.775250585367
323.775250585367
324.050244876031
323.775250585367
323.775250585367
323.775250585367
323.775250585367
338.720950585367
338.913475922838
323.775250585367
338.775250585367
323.775250585367
323.775250585367
323.775250585367
323.775250585367
323.775250585367
323.775250585367
323.775250585367
323.966634723954
323.775250585367
323.775250585367
323.775250585367
323.775250585367
323.775250585367
323.775250585367
323.775250585367
323.775250585367
338.775250585367
353.720950585367
323.966634723954
323.775250585367
323.775250585367
323.775250585367
323.775250585367
323.775250585367
323.775250585367
323.775250585367
338.913475922838
323.775250585367
323.775250585367
323.775250585367
338.720950585367
323.775250585367
323.775250585367
323.775250585367
323.775250585367
323.775250585367
323.775250585367
323.775250585367
323.775250585367
323.775250585367
323.775250585367
323.775250585367
323.775250585367
323.775250585367
323.775250585367
323.775250585367
323.775250585367
323.775250585367
338.720950585367
323.775250585367
323.775250585367
323.775250585367
323.775250585367