最优解为:311.7664
最优解路径:

Best_route =

     0     0     0     0     0
     3     1     2     4     0

本次运算用时:1.046秒
算法在第1代时收敛

best
311.766374124698
311.766374124698
311.766374124698
311.766374124698
311.766374124698
311.766374124698
311.766374124698
311.766374124698
311.766374124698
311.766374124698
311.766374124698
311.766374124698
311.766374124698
311.766374124698
311.766374124698
311.766374124698
311.766374124698
311.766374124698
311.766374124698
311.766374124698
311.766374124698
311.766374124698
311.766374124698
311.766374124698
311.766374124698
311.766374124698
311.766374124698
311.766374124698
311.766374124698
311.766374124698
311.766374124698
311.766374124698
311.766374124698
311.766374124698
311.766374124698
311.766374124698
311.766374124698
311.766374124698
311.766374124698
311.766374124698
311.766374124698
311.766374124698
311.766374124698
311.766374124698
311.766374124698
311.766374124698
311.766374124698
311.766374124698
311.766374124698
311.766374124698
311.766374124698
311.766374124698
311.766374124698
311.766374124698
311.766374124698
311.766374124698
311.766374124698
311.766374124698
311.766374124698
311.766374124698
311.766374124698
311.766374124698
311.766374124698
311.766374124698
311.766374124698
311.766374124698
311.766374124698
311.766374124698
311.766374124698
311.766374124698
311.766374124698
311.766374124698
311.766374124698
311.766374124698
311.766374124698
311.766374124698
311.766374124698
311.766374124698
311.766374124698
311.766374124698
311.766374124698
311.766374124698
311.766374124698
311.766374124698
311.766374124698
311.766374124698
311.766374124698
311.766374124698
311.766374124698
311.766374124698
311.766374124698
311.766374124698
311.766374124698
311.766374124698
311.766374124698
311.766374124698
311.766374124698
311.766374124698
311.766374124698
311.766374124698

ave
319.223748595122
316.781779902659
318.683378339339
317.275176232005
349.119236707575
315.288925775885
331.308208343986
333.030323616838
330.701734344583
315.765421648519
315.000646357954
316.205999339559
329.431136021965
359.235429089990
313.448769262641
312.960300545993
328.914376245931
314.011567394121
328.163221395806
328.623413115835
313.463853085957
327.374851422838
311.766374124698
313.421730574130
313.078958393334
312.131779318350
312.294263662190
311.766374124698
326.766374124698
311.766374124698
312.294263662190
311.766374124698
312.239963662190
311.766374124698
311.766374124698
311.766374124698
311.766374124698
312.239963662190
311.766374124698
311.766374124698
311.766374124698
311.766374124698
326.766374124698
312.051904012715
312.432411008501
326.766374124698
311.766374124698
311.766374124698
311.766374124698
311.766374124698
311.766374124698
311.766374124698
311.766374124698
311.766374124698
326.708814539035
311.766374124698
326.708814539035
311.766374124698
311.766374124698
311.766374124698
311.766374124698
311.766374124698
311.766374124698
311.766374124698
311.766374124698
311.766374124698
311.766374124698
311.766374124698
311.766374124698
311.766374124698
311.766374124698
311.766374124698
311.766374124698
311.766374124698
311.766374124698
311.766374124698
311.766374124698
312.432411008501
311.766374124698
311.766374124698
311.766374124698
311.766374124698
311.766374124698
311.766374124698
311.766374124698
311.766374124698
311.766374124698
311.766374124698
311.766374124698
311.766374124698
311.766374124698
312.906000545993
311.766374124698
311.766374124698
311.766374124698
327.432411008501
311.766374124698
311.766374124698
311.766374124698
311.766374124698