最优解为:352.2934
最优解路径:

Best_route =

     0     0     0     0     0     0     0
     1     2     5     4     3     6     0

本次运算用时:2.89秒
算法在第4代时收敛

best
354.461857586457
352.776726491088
352.776726491088
352.293390856844
352.293390856844
352.293390856844
352.293390856844
352.293390856844
352.293390856844
352.293390856844
352.293390856844
352.293390856844
352.293390856844
352.293390856844
352.293390856844
352.293390856844
352.293390856844
352.293390856844
352.293390856844
352.293390856844
352.293390856844
352.293390856844
352.293390856844
352.293390856844
352.293390856844
352.293390856844
352.293390856844
352.293390856844
352.293390856844
352.293390856844
352.293390856844
352.293390856844
352.293390856844
352.293390856844
352.293390856844
352.293390856844
352.293390856844
352.293390856844
352.293390856844
352.293390856844
352.293390856844
352.293390856844
352.293390856844
352.293390856844
352.293390856844
352.293390856844
352.293390856844
352.293390856844
352.293390856844
352.293390856844
352.293390856844
352.293390856844
352.293390856844
352.293390856844
352.293390856844
352.293390856844
352.293390856844
352.293390856844
352.293390856844
352.293390856844
352.293390856844
352.293390856844
352.293390856844
352.293390856844
352.293390856844
352.293390856844
352.293390856844
352.293390856844
352.293390856844
352.293390856844
352.293390856844
352.293390856844
352.293390856844
352.293390856844
352.293390856844
352.293390856844
352.293390856844
352.293390856844
352.293390856844
352.293390856844
352.293390856844
352.293390856844
352.293390856844
352.293390856844
352.293390856844
352.293390856844
352.293390856844
352.293390856844
352.293390856844
352.293390856844
352.293390856844
352.293390856844
352.293390856844
352.293390856844
352.293390856844
352.293390856844
352.293390856844
352.293390856844
352.293390856844
352.293390856844
352.293390856844
352.293390856844
352.293390856844
352.293390856844
352.293390856844
352.293390856844
352.293390856844
352.293390856844
352.293390856844
352.293390856844
352.293390856844
352.293390856844
352.293390856844
352.293390856844
352.293390856844
352.293390856844
352.293390856844
352.293390856844
352.293390856844
352.293390856844
352.293390856844
352.293390856844
352.293390856844
352.293390856844
352.293390856844
352.293390856844
352.293390856844
352.293390856844
352.293390856844
352.293390856844
352.293390856844
352.293390856844
352.293390856844
352.293390856844
352.293390856844
352.293390856844
352.293390856844
352.293390856844
352.293390856844
352.293390856844
352.293390856844
352.293390856844
352.293390856844
352.293390856844
352.293390856844
352.293390856844
352.293390856844
352.293390856844
352.293390856844
352.293390856844
352.293390856844
352.293390856844
352.293390856844
352.293390856844
352.293390856844
352.293390856844
352.293390856844
352.293390856844
352.293390856844
352.293390856844
352.293390856844
352.293390856844
352.293390856844
352.293390856844
352.293390856844
352.293390856844
352.293390856844
352.293390856844
352.293390856844
352.293390856844
352.293390856844
352.293390856844
352.293390856844
352.293390856844
352.293390856844
352.293390856844
352.293390856844
352.293390856844
352.293390856844
352.293390856844
352.293390856844
352.293390856844
352.293390856844
352.293390856844
352.293390856844
352.293390856844
352.293390856844
352.293390856844
352.293390856844
352.293390856844
352.293390856844
352.293390856844
352.293390856844
352.293390856844
352.293390856844
352.293390856844
352.293390856844
352.293390856844
352.293390856844
352.293390856844

ave
403.963992275622
391.422350029091
391.980804713511
358.188906731862
379.410883837405
378.911499472739
390.827889698033
378.300828446931
378.030942898135
355.648999036789
378.439013180209
355.186042811909
366.503477236159
377.322954229783
400.805436086303
354.295341832250
353.303832193525
365.394660101574
365.485719564523
376.181887334665
364.780770134207
376.666148846407
376.289810541816
365.084115840890
365.186861942193
375.862607027706
364.197722054282
353.010541400218
376.386914951261
376.073240871021
364.287026739747
353.110447819620
352.978835347146
364.159046850734
364.423666471656
353.008768282164
352.293390856844
352.500820961282
364.335163037226
352.293390856844
352.293390856844
364.098938413488
375.761570545396
352.293390856844
352.293390856844
352.481479183104
352.293390856844
364.592108463856
352.293390856844
352.481479183104
352.293390856844
352.293390856844
352.402037320488
352.293390856844
352.293390856844
352.293390856844
352.293390856844
352.293390856844
352.481479183104
352.293390856844
352.293390856844
352.293390856844
352.293390856844
352.293390856844
352.481479183104
352.293390856844
352.293390856844
352.293390856844
352.293390856844
352.293390856844
352.293390856844
352.293390856844
352.293390856844
352.293390856844
352.293390856844
352.293390856844
352.293390856844
352.293390856844
352.293390856844
352.293390856844
352.531067071063
352.293390856844
352.293390856844
352.293390856844
352.293390856844
352.293390856844
352.293390856844
352.293390856844
352.293390856844
352.293390856844
352.293390856844
352.293390856844
352.293390856844
352.293390856844
352.293390856844
352.293390856844
352.293390856844
352.293390856844
352.481479183104
352.293390856844
352.293390856844
352.293390856844
352.394427339155
352.293390856844
352.293390856844
352.293390856844
352.293390856844
364.126931681753
352.500820961282
352.293390856844
352.293390856844
352.293390856844
352.481479183104
352.293390856844
352.293390856844
352.495463821465
364.404020137596
352.293390856844
352.293390856844
364.126931681753
352.293390856844
352.293390856844
352.293390856844
352.481479183104
352.293390856844
352.293390856844
352.293390856844
352.501622212317
352.293390856844
352.293390856844
352.293390856844
352.293390856844
352.293390856844
352.293390856844
352.293390856844
352.293390856844
364.335163037226
352.293390856844
352.293390856844
352.293390856844
352.293390856844
364.126931681753
352.293390856844
352.293390856844
352.293390856844
352.293390856844
352.293390856844
364.247623117006
352.632425080947
352.481479183104
352.293390856844
352.293390856844
352.293390856844
352.293390856844
352.293390856844
352.293390856844
352.312724282214
352.293390856844
352.293390856844
352.293390856844
352.293390856844
352.293390856844
352.293390856844
352.293390856844
352.293390856844
352.293390856844
352.293390856844
352.293390856844
364.404020137596
352.481479183104
352.293390856844
352.293390856844
352.293390856844
352.481479183104
352.293390856844
363.997901931177
352.293390856844
352.293390856844
352.293390856844
352.293390856844
352.293390856844
352.293390856844
352.431616090430
352.293390856844
363.990291949844
352.481479183104
352.293390856844
352.293390856844
352.481479183104
352.563182240044
352.293390856844
352.293390856844
364.613703083551
352.293390856844
352.293390856844
352.293390856844
352.293390856844
352.481479183104
352.293390856844
352.293390856844